   3.0500000e-01   8.5702977e-01   8.6440583e-01   8.4989871e-01
   3.1500000e-01   8.5649940e-01   8.6389246e-01   8.4935822e-01
   3.2500000e-01   8.5601128e-01   8.6343659e-01   8.4883951e-01
   3.3500000e-01   8.5560159e-01   8.6303968e-01   8.4841621e-01
   3.4500000e-01   8.5513120e-01   8.6259816e-01   8.4791935e-01
   3.5500000e-01   8.5463980e-01   8.6211690e-01   8.4742021e-01
   3.6500000e-01   8.5446339e-01   8.6195987e-01   8.4722402e-01
   3.7500000e-01   8.5411423e-01   8.6161661e-01   8.4687124e-01
   3.8500000e-01   8.5380271e-01   8.6131529e-01   8.4654978e-01
   3.9500000e-01   8.5351552e-01   8.6104656e-01   8.4624582e-01
   4.0500000e-01   8.5333807e-01   8.6088266e-01   8.4605524e-01
   4.1500000e-01   8.5309152e-01   8.6065390e-01   8.4579320e-01
   4.2500000e-01   8.5297878e-01   8.6054900e-01   8.4567271e-01
   4.3500000e-01   8.5287682e-01   8.6045708e-01   8.4556045e-01
   4.4500000e-01   8.5272273e-01   8.6030849e-01   8.4540191e-01
   4.5500000e-01   8.5253772e-01   8.6013996e-01   8.4520281e-01
   4.6500000e-01   8.5240237e-01   8.5999842e-01   8.4507336e-01
   4.7500000e-01   8.5235769e-01   8.5997477e-01   8.4500817e-01
   4.8500000e-01   8.5235986e-01   8.5997665e-01   8.4501048e-01
   4.9500000e-01   8.5216694e-01   8.5979818e-01   8.4480429e-01
   5.0500000e-01   8.5200521e-01   8.5963657e-01   8.4464368e-01
   5.1500000e-01   8.5200470e-01   8.5964374e-01   8.4463369e-01
   5.2500000e-01   8.5193186e-01   8.5957505e-01   8.4455454e-01
   5.3500000e-01   8.5169116e-01   8.5933339e-01   8.4432254e-01
   5.4500000e-01   8.5154089e-01   8.5921359e-01   8.4414131e-01
   5.5500000e-01   8.5131292e-01   8.5897967e-01   8.4392112e-01
   5.6500000e-01   8.5143431e-01   8.5911842e-01   8.4402509e-01
   5.7500000e-01   8.5121362e-01   8.5888155e-01   8.4381955e-01
   5.8500000e-01   8.5120097e-01   8.5890643e-01   8.4376780e-01
   5.9500000e-01   8.5116563e-01   8.5887131e-01   8.4373485e-01
   6.0500000e-01   8.5082183e-01   8.5849879e-01   8.4341732e-01
   6.1500000e-01   8.5066931e-01   8.5836841e-01   8.4324265e-01
   6.2500000e-01   8.5037122e-01   8.5807461e-01   8.4293990e-01
   6.3500000e-01   8.5019749e-01   8.5790603e-01   8.4276560e-01
   6.4500000e-01   8.4977588e-01   8.5748344e-01   8.4234824e-01
   6.5500000e-01   8.4963403e-01   8.5733019e-01   8.4221238e-01
   6.6500000e-01   8.4935448e-01   8.5706414e-01   8.4191956e-01
   6.7500000e-01   8.4909813e-01   8.5683070e-01   8.4164206e-01
   6.8500000e-01   8.4911063e-01   8.5683242e-01   8.4165771e-01
   6.9500000e-01   8.4825080e-01   8.5599309e-01   8.4078966e-01
   7.0500000e-01   8.4788285e-01   8.5562368e-01   8.4041873e-01
   7.1500000e-01   8.4722300e-01   8.5498724e-01   8.3973705e-01
   7.2500000e-01   8.4689293e-01   8.5465125e-01   8.3940771e-01
   7.3500000e-01   8.4628858e-01   8.5403824e-01   8.3882286e-01
   7.4500000e-01   8.4547446e-01   8.5322687e-01   8.3800270e-01
   7.5500000e-01   8.4445031e-01   8.5220366e-01   8.3697202e-01
   7.6500000e-01   8.4308050e-01   8.5084245e-01   8.3560053e-01
   7.7500000e-01   8.4159940e-01   8.4940172e-01   8.3408060e-01
   7.8500000e-01   8.4006707e-01   8.4785915e-01   8.3254910e-01
   7.9500000e-01   8.3855361e-01   8.4637867e-01   8.3101231e-01
   8.0500000e-01   8.3728042e-01   8.4508656e-01   8.2975549e-01
   8.1500000e-01   8.3742635e-01   8.4523549e-01   8.2990052e-01
   8.2500000e-01   8.3736070e-01   8.4516862e-01   8.2982392e-01
   8.3500000e-01   8.3662706e-01   8.4440936e-01   8.2912287e-01
   8.4500000e-01   8.3499594e-01   8.4273267e-01   8.2753182e-01
   8.5500000e-01   8.3276684e-01   8.4064038e-01   8.2517479e-01
   8.6500000e-01   8.2926824e-01   8.3718839e-01   8.2162674e-01
   8.7500000e-01   8.2420645e-01   8.3214459e-01   8.1655486e-01
   8.8500000e-01   8.1944166e-01   8.2738496e-01   8.1177186e-01
   8.9500000e-01   8.1589172e-01   8.2383897e-01   8.0822754e-01
   9.0500000e-01   8.1399838e-01   8.2193719e-01   8.0635663e-01
   9.1500000e-01   8.1282593e-01   8.2082573e-01   8.0510719e-01
   9.2500000e-01   8.1040627e-01   8.1843243e-01   8.0267268e-01
   9.3500000e-01   8.0791616e-01   8.1592693e-01   8.0019317e-01
   9.4500000e-01   8.0454214e-01   8.1259090e-01   7.9679269e-01
   9.5500000e-01   7.9814775e-01   8.0626555e-01   7.9031775e-01
   9.6500000e-01   7.8753919e-01   7.9576810e-01   7.7962860e-01
   9.7500000e-01   7.7635948e-01   7.8468618e-01   7.6834936e-01
   9.8500000e-01   7.6483780e-01   7.7324564e-01   7.5673628e-01
   9.9500000e-01   7.5089304e-01   7.5946003e-01   7.4267646e-01
   1.0050000e+00   7.3507694e-01   7.4389055e-01   7.2660046e-01
   1.0150000e+00   7.2034173e-01   7.2943888e-01   7.1164307e-01
   1.0250000e+00   7.1403791e-01   7.2312817e-01   7.0532225e-01
   1.0350000e+00   7.1364998e-01   7.2285440e-01   7.0482906e-01
   1.0450000e+00   7.1745973e-01   7.2655030e-01   7.0876944e-01
   1.0550000e+00   7.2695938e-01   7.3588156e-01   7.1840978e-01
   1.0650000e+00   7.3638969e-01   7.4519103e-01   7.2793159e-01
   1.0750000e+00   7.4205554e-01   7.5081257e-01   7.3366611e-01
   1.0850000e+00   7.4557722e-01   7.5432907e-01   7.3717755e-01
   1.0950000e+00   7.4694568e-01   7.5567945e-01   7.3856420e-01
   1.1050000e+00   7.4699186e-01   7.5573553e-01   7.3859265e-01
   1.1150000e+00   7.4457180e-01   7.5333812e-01   7.3616991e-01
   1.1250000e+00   7.3910834e-01   7.4789798e-01   7.3066863e-01
   1.1350000e+00   7.3000069e-01   7.3894262e-01   7.2143618e-01
   1.1450000e+00   7.2548833e-01   7.3446451e-01   7.1687932e-01
   1.1550000e+00   7.0982519e-01   7.1902055e-01   7.0102585e-01
   1.1650000e+00   6.8370712e-01   6.9342313e-01   6.7443659e-01
   1.1750000e+00   6.5618851e-01   6.6619962e-01   6.4664902e-01
   1.1850000e+00   6.3112961e-01   6.4156931e-01   6.2119888e-01
   1.1950000e+00   6.0790979e-01   6.1868034e-01   5.9770067e-01
   1.2050000e+00   5.7879413e-01   5.9005850e-01   5.6812813e-01
   1.2150000e+00   5.4726371e-01   5.5886944e-01   5.3630610e-01
   1.2250000e+00   5.2804820e-01   5.3996134e-01   5.1681834e-01
   1.2350000e+00   5.1481963e-01   5.2680914e-01   5.0352266e-01
   1.2450000e+00   5.0511596e-01   5.1721841e-01   4.9371921e-01
   1.2550000e+00   5.0015988e-01   5.1233732e-01   4.8869737e-01
   1.2650000e+00   4.9754280e-01   5.0972748e-01   4.8607496e-01
   1.2750000e+00   4.9786087e-01   5.1003130e-01   4.8641120e-01
   1.2850000e+00   5.0129745e-01   5.1343839e-01   4.8986691e-01
   1.2950000e+00   5.0300670e-01   5.1514085e-01   4.9158636e-01
   1.3050000e+00   5.0463775e-01   5.1674941e-01   4.9323636e-01
   1.3150000e+00   5.0590968e-01   5.1802665e-01   4.9450293e-01
   1.3250000e+00   5.0649766e-01   5.1860202e-01   4.9510406e-01
   1.3350000e+00   5.0634013e-01   5.1843782e-01   4.9494871e-01
   1.3450000e+00   5.0375186e-01   5.1590123e-01   4.9231932e-01
   1.3550000e+00   4.9989578e-01   5.1206736e-01   4.8843765e-01
   1.3650000e+00   4.9602717e-01   5.0822642e-01   4.8454751e-01
   1.3750000e+00   4.8771877e-01   4.9999160e-01   4.7618943e-01
   1.3850000e+00   4.7545107e-01   4.8783169e-01   4.6381613e-01
   1.3950000e+00   4.5704518e-01   4.6952306e-01   4.4534192e-01
   1.4050000e+00   3.9320033e-01   4.0585437e-01   3.8140271e-01
   1.4150000e+00   3.0029591e-01   3.1253995e-01   2.8899640e-01
   1.4250000e+00   2.1535894e-01   2.2622579e-01   2.0543974e-01
   1.4350000e+00   1.5531766e-01   1.6453757e-01   1.4699487e-01
   1.4450000e+00   1.1653619e-01   1.2427579e-01   1.0961240e-01
   1.4550000e+00   8.5517254e-02   9.1759310e-02   7.9986959e-02
   1.4650000e+00   6.3545853e-02   6.8512217e-02   5.9184697e-02
   1.4750000e+00   4.9380048e-02   5.3398830e-02   4.5877664e-02
   1.4850000e+00   4.1712668e-02   4.5160224e-02   3.8724069e-02
   1.4950000e+00   3.8967122e-02   4.2198358e-02   3.6171947e-02
   1.5050000e+00   4.0437272e-02   4.3784046e-02   3.7538510e-02
   1.5150000e+00   4.2535146e-02   4.6047480e-02   3.9488533e-02
   1.5250000e+00   4.4692438e-02   4.8368831e-02   4.1498182e-02
   1.5350000e+00   4.7751659e-02   5.1654818e-02   4.4353900e-02
   1.5450000e+00   5.1545582e-02   5.5722829e-02   4.7900598e-02
   1.5550000e+00   5.5848099e-02   6.0320810e-02   5.1935922e-02
   1.5650000e+00   6.0844904e-02   6.5644530e-02   5.6635686e-02
   1.5750000e+00   6.6978189e-02   7.2168607e-02   6.2413177e-02
   1.5850000e+00   7.4148436e-02   7.9767772e-02   6.9190981e-02
   1.5950000e+00   7.9571401e-02   8.5495318e-02   7.4333003e-02
   1.6050000e+00   8.4845558e-02   9.1063783e-02   7.9337216e-02
   1.6150000e+00   9.0072771e-02   9.6566174e-02   8.4310646e-02
   1.6250000e+00   9.3298900e-02   9.9959210e-02   8.7382185e-02
   1.6350000e+00   9.6624137e-02   1.0345894e-01   9.0548595e-02
   1.6450000e+00   1.0026640e-01   1.0727802e-01   9.4024079e-02
   1.6550000e+00   1.0450711e-01   1.1172816e-01   9.8071636e-02
   1.6650000e+00   1.0946682e-01   1.1689815e-01   1.0283262e-01
   1.6750000e+00   1.1500045e-01   1.2269622e-01   1.0812173e-01
   1.6850000e+00   1.2039851e-01   1.2832408e-01   1.1330477e-01
   1.6950000e+00   1.2554804e-01   1.3367123e-01   1.1826533e-01
   1.7050000e+00   1.3088587e-01   1.3925568e-01   1.2337744e-01
   1.7150000e+00   1.3618897e-01   1.4474839e-01   1.2849705e-01
   1.7250000e+00   1.4172295e-01   1.5049412e-01   1.3383405e-01
   1.7350000e+00   1.4659981e-01   1.5555359e-01   1.3853491e-01
   1.7450000e+00   1.5029925e-01   1.5936752e-01   1.4212656e-01
   1.7550000e+00   1.5440216e-01   1.6363564e-01   1.4607165e-01
   1.7650000e+00   1.5786222e-01   1.6720166e-01   1.4942961e-01
   1.7750000e+00   1.6075617e-01   1.7019123e-01   1.5223329e-01
   1.7850000e+00   1.6360775e-01   1.7311724e-01   1.5501386e-01
   1.7950000e+00   1.6689953e-01   1.7654570e-01   1.5817542e-01
   1.8050000e+00   1.7033660e-01   1.8007950e-01   1.6152168e-01
   1.8150000e+00   1.7447262e-01   1.8435271e-01   1.6552475e-01
   1.8250000e+00   1.7864946e-01   1.8864660e-01   1.6959152e-01
   1.8350000e+00   1.8067627e-01   1.9071894e-01   1.7157094e-01
   1.8450000e+00   1.7935527e-01   1.8937063e-01   1.7027863e-01
   1.8550000e+00   1.7473900e-01   1.8459922e-01   1.6580912e-01
   1.8650000e+00   1.6174578e-01   1.7125575e-01   1.5315617e-01
   1.8750000e+00   1.3830112e-01   1.4695916e-01   1.3051683e-01
   1.8850000e+00   1.1444604e-01   1.2212702e-01   1.0758337e-01
   1.8950000e+00   8.9115913e-02   9.5594590e-02   8.3371593e-02
   1.9050000e+00   6.7360134e-02   7.2595606e-02   6.2756196e-02
   1.9150000e+00   4.7219424e-02   5.1114457e-02   4.3829348e-02
   1.9250000e+00   3.5432715e-02   3.8420043e-02   3.2855773e-02
   1.9350000e+00   2.7056349e-02   2.9315061e-02   2.5125923e-02
   1.9450000e+00   2.2174864e-02   2.3962709e-02   2.0658837e-02
   1.9550000e+00   1.9276965e-02   2.0762530e-02   1.8025621e-02
   1.9650000e+00   1.7539225e-02   1.8832046e-02   1.6455754e-02
   1.9750000e+00   1.6648717e-02   1.7839532e-02   1.5653819e-02
   1.9850000e+00   1.6219776e-02   1.7361107e-02   1.5267785e-02
   1.9950000e+00   1.6161257e-02   1.7297283e-02   1.5213845e-02
   2.0050000e+00   1.6324023e-02   1.7481124e-02   1.5358315e-02
   2.0150000e+00   1.6730622e-02   1.7937753e-02   1.5721513e-02
   2.0250000e+00   1.7241798e-02   1.8510359e-02   1.6179345e-02
   2.0350000e+00   1.7874380e-02   1.9216447e-02   1.6748011e-02
   2.0450000e+00   1.8774918e-02   2.0219764e-02   1.7559056e-02
   2.0550000e+00   2.0138091e-02   2.1731131e-02   1.8792689e-02
   2.0650000e+00   2.1889103e-02   2.3665366e-02   2.0383208e-02
   2.0750000e+00   2.4418137e-02   2.6446520e-02   2.2690730e-02
   2.0850000e+00   2.7654500e-02   2.9988884e-02   2.5657029e-02
   2.0950000e+00   3.1964548e-02   3.4679490e-02   2.9629785e-02
   2.1050000e+00   3.7768040e-02   4.0965666e-02   3.5003849e-02
   2.1150000e+00   4.3776118e-02   4.7441115e-02   4.0593674e-02
   2.1250000e+00   5.1749308e-02   5.5989001e-02   4.8049475e-02
   2.1350000e+00   6.0587227e-02   6.5427213e-02   5.6345462e-02
   2.1450000e+00   6.9653530e-02   7.5051018e-02   6.4903011e-02
   2.1550000e+00   7.9097465e-02   8.5045805e-02   7.3843021e-02
   2.1650000e+00   8.8204488e-02   9.4646929e-02   8.2495546e-02
   2.1750000e+00   9.7418923e-02   1.0434356e-01   9.1264106e-02
   2.1850000e+00   1.0583682e-01   1.1314632e-01   9.9323072e-02
   2.1950000e+00   1.1381822e-01   1.2150701e-01   1.0695483e-01
   2.2050000e+00   1.2053138e-01   1.2851924e-01   1.1338880e-01
   2.2150000e+00   1.2809981e-01   1.3638251e-01   1.2067301e-01
   2.2250000e+00   1.3457556e-01   1.4312292e-01   1.2689966e-01
   2.2350000e+00   1.3995905e-01   1.4871393e-01   1.3209299e-01
   2.2450000e+00   1.4348822e-01   1.5238623e-01   1.3548785e-01
   2.2550000e+00   1.4185396e-01   1.5068911e-01   1.3391450e-01
   2.2650000e+00   1.3853504e-01   1.4724661e-01   1.3070703e-01
   2.2750000e+00   1.3146107e-01   1.3988771e-01   1.2390532e-01
   2.2850000e+00   1.2324876e-01   1.3133168e-01   1.1600863e-01
   2.2950000e+00   1.1355434e-01   1.2121600e-01   1.0670853e-01
   2.3050000e+00   1.0325455e-01   1.1046049e-01   9.6839774e-02
   2.3150000e+00   9.3704927e-02   1.0041167e-01   8.7749985e-02
   2.3250000e+00   8.5241238e-02   9.1553586e-02   7.9653606e-02
   2.3350000e+00   7.7795268e-02   8.3700045e-02   7.2585248e-02
   2.3450000e+00   7.1426831e-02   7.6954789e-02   6.6559232e-02
   2.3550000e+00   6.6265649e-02   7.1486943e-02   6.1680889e-02
   2.3650000e+00   6.2432618e-02   6.7424569e-02   5.8053619e-02
   2.3750000e+00   5.9244548e-02   6.4016621e-02   5.5063471e-02
   2.3850000e+00   5.6945669e-02   6.1570349e-02   5.2899173e-02
   2.3950000e+00   5.4966417e-02   5.9461709e-02   5.1036927e-02
   2.4050000e+00   5.3246331e-02   5.7633551e-02   4.9414157e-02
   2.4150000e+00   5.1673933e-02   5.5942594e-02   4.7948849e-02
   2.4250000e+00   5.0336458e-02   5.4520147e-02   4.6688102e-02
   2.4350000e+00   4.8880768e-02   5.2965038e-02   4.5321014e-02
   2.4450000e+00   4.7331023e-02   5.1301310e-02   4.3873779e-02
   2.4550000e+00   4.5956725e-02   4.9845017e-02   4.2573104e-02
   2.4650000e+00   4.4519727e-02   4.8300393e-02   4.1233758e-02
   2.4750000e+00   4.3245637e-02   4.6933685e-02   4.0043023e-02
   2.4850000e+00   4.2036701e-02   4.5636247e-02   3.8913199e-02
   2.4950000e+00   4.0850750e-02   4.4363219e-02   3.7804235e-02
   2.5050000e+00   4.0034002e-02   4.3485820e-02   3.7042078e-02
   2.5150000e+00   3.9520805e-02   4.2943592e-02   3.6555796e-02
   2.5250000e+00   3.9205450e-02   4.2603768e-02   3.6261074e-02
   2.5350000e+00   3.9185451e-02   4.2592322e-02   3.6235087e-02
   2.5450000e+00   3.9062270e-02   4.2451090e-02   3.6126480e-02
   2.5550000e+00   3.9279113e-02   4.2676216e-02   3.6332581e-02
   2.5650000e+00   3.9807070e-02   4.3250731e-02   3.6819642e-02
   2.5750000e+00   3.9856426e-02   4.3315345e-02   3.6859108e-02
   2.5850000e+00   3.9784476e-02   4.3243341e-02   3.6784635e-02
   2.5950000e+00   3.9021926e-02   4.2409862e-02   3.6082717e-02
   2.6050000e+00   3.7717741e-02   4.1015976e-02   3.4860069e-02
   2.6150000e+00   3.6039884e-02   3.9220166e-02   3.3290059e-02
   2.6250000e+00   3.2709868e-02   3.5627239e-02   3.0192106e-02
   2.6350000e+00   2.8430612e-02   3.1001934e-02   2.6218767e-02
   2.6450000e+00   2.4996887e-02   2.7281376e-02   2.3038191e-02
   2.6550000e+00   2.2173225e-02   2.4212020e-02   2.0430669e-02
   2.6650000e+00   1.9851804e-02   2.1685333e-02   1.8289020e-02
   2.6750000e+00   1.7881029e-02   1.9534661e-02   1.6475342e-02
   2.6850000e+00   1.2774648e-02   1.3919197e-02   1.1811017e-02
   2.6950000e+00   9.8612426e-03   1.0694956e-02   9.1659468e-03
   2.7050000e+00   8.0225777e-03   8.6504799e-03   7.5036534e-03
   2.7150000e+00   6.7735957e-03   7.2577969e-03   6.3768653e-03
   2.7250000e+00   5.8742708e-03   6.2551377e-03   5.5647792e-03
   2.7350000e+00   4.2609930e-03   4.4197453e-03   4.1363722e-03
   2.7450000e+00   3.5972549e-03   3.6749209e-03   3.5378356e-03
   2.7550000e+00   3.1868643e-03   3.2300830e-03   3.1542650e-03
   2.7650000e+00   2.8655088e-03   2.8925900e-03   2.8451195e-03
   2.7750000e+00   2.5839435e-03   2.6028936e-03   2.5695552e-03
   2.7850000e+00   2.2648618e-03   2.2763922e-03   2.2558115e-03
   2.7950000e+00   1.9638317e-03   1.9726505e-03   1.9566641e-03
   2.8050000e+00   1.7006757e-03   1.7088701e-03   1.6939247e-03
   2.8150000e+00   1.4772442e-03   1.4854892e-03   1.4704203e-03
   2.8250000e+00   1.3164897e-03   1.3246216e-03   1.3096767e-03
   2.8350000e+00   1.2648342e-03   1.2725527e-03   1.2582776e-03
   2.8450000e+00   1.3964230e-03   1.4037592e-03   1.3901241e-03
   2.8550000e+00   1.7930250e-03   1.8003961e-03   1.7866613e-03
   2.8650000e+00   2.4935359e-03   2.5012732e-03   2.4868462e-03
   2.8750000e+00   3.7566360e-03   3.7647809e-03   3.7496036e-03
   2.8850000e+00   5.4115656e-03   5.4197991e-03   5.4044785e-03
   2.8950000e+00   7.5492179e-03   7.5569768e-03   7.5425733e-03
   2.9050000e+00   9.7653604e-03   9.7721230e-03   9.7596119e-03
   2.9150000e+00   1.2060501e-02   1.2065884e-02   1.2055983e-02
   2.9250000e+00   1.3896596e-02   1.3900435e-02   1.3893443e-02
   2.9350000e+00   1.5697656e-02   1.5699896e-02   1.5695918e-02
   2.9450000e+00   1.6887935e-02   1.6888902e-02   1.6887320e-02
   2.9550000e+00   1.8184767e-02   1.8184403e-02   1.8185328e-02
   2.9650000e+00   1.9565890e-02   1.9564142e-02   1.9567674e-02
   2.9750000e+00   2.1161079e-02   2.1157746e-02   2.1164261e-02
   2.9850000e+00   2.2849433e-02   2.2844400e-02   2.2854117e-02
   2.9950000e+00   2.4936058e-02   2.4928837e-02   2.4942673e-02
   3.0050000e+00   2.7102017e-02   2.7092437e-02   2.7110712e-02
   3.0150000e+00   2.9394145e-02   2.9381870e-02   2.9405217e-02
   3.0250000e+00   3.1735347e-02   3.1720155e-02   3.1748992e-02
   3.0350000e+00   3.4138584e-02   3.4120185e-02   3.4155056e-02
   3.0450000e+00   3.6525888e-02   3.6504000e-02   3.6545437e-02
   3.0550000e+00   3.8993484e-02   3.8967749e-02   3.9016430e-02
   3.0650000e+00   4.0068624e-02   4.0040342e-02   4.0093822e-02
   3.0750000e+00   4.0868757e-02   4.0838252e-02   4.0895925e-02
   3.0850000e+00   4.0487724e-02   4.0456581e-02   4.0515464e-02
   3.0950000e+00   4.0156324e-02   4.0124652e-02   4.0184543e-02
   3.1050000e+00   3.9146657e-02   3.9115588e-02   3.9174351e-02
   3.1150000e+00   3.8334952e-02   3.8304358e-02   3.8362237e-02
   3.1250000e+00   3.7737588e-02   3.7707379e-02   3.7764538e-02
   3.1350000e+00   3.7311974e-02   3.7281985e-02   3.7338737e-02
   3.1450000e+00   3.6817197e-02   3.6787576e-02   3.6843641e-02
   3.1550000e+00   3.6482383e-02   3.6452970e-02   3.6508649e-02
   3.1650000e+00   3.5739495e-02   3.5710874e-02   3.5765066e-02
   3.1750000e+00   3.5165738e-02   3.5137729e-02   3.5190771e-02
   3.1850000e+00   3.4115713e-02   3.4088984e-02   3.4139618e-02
   3.1950000e+00   3.3213270e-02   3.3187652e-02   3.3236195e-02
   3.2050000e+00   3.2072316e-02   3.2048133e-02   3.2093973e-02
   3.2150000e+00   3.1022396e-02   3.0999537e-02   3.1042881e-02
   3.2250000e+00   3.0095142e-02   3.0073443e-02   3.0114602e-02
   3.2350000e+00   2.9208855e-02   2.9188266e-02   2.9227334e-02
   3.2450000e+00   2.8490329e-02   2.8470632e-02   2.8508018e-02
   3.2550000e+00   2.7812748e-02   2.7793893e-02   2.7829691e-02
   3.2650000e+00   2.7052173e-02   2.7034265e-02   2.7068279e-02
   3.2750000e+00   2.6291521e-02   2.6274561e-02   2.6306788e-02
   3.2850000e+00   2.5631817e-02   2.5615668e-02   2.5646366e-02
   3.2950000e+00   2.5031996e-02   2.5016576e-02   2.5045901e-02
   3.3050000e+00   2.4492559e-02   2.4477796e-02   2.4505883e-02
   3.3150000e+00   2.4014213e-02   2.4000034e-02   2.4027020e-02
   3.3250000e+00   2.3548534e-02   2.3534923e-02   2.3560839e-02
   3.3350000e+00   2.3099327e-02   2.3086262e-02   2.3111148e-02
   3.3450000e+00   2.2656451e-02   2.2643925e-02   2.2667795e-02
   3.3550000e+00   2.2230832e-02   2.2218823e-02   2.2241720e-02
   3.3650000e+00   2.1810185e-02   2.1798688e-02   2.1820621e-02
   3.3750000e+00   2.1416772e-02   2.1405751e-02   2.1426787e-02
   3.3850000e+00   2.1032061e-02   2.1021509e-02   2.1041664e-02
   3.3950000e+00   2.0674184e-02   2.0664071e-02   2.0683400e-02
   3.4050000e+00   2.0342297e-02   2.0332599e-02   2.0351152e-02
   3.4150000e+00   2.0019746e-02   2.0010470e-02   2.0028239e-02
   3.4250000e+00   1.9728397e-02   1.9719531e-02   1.9736547e-02
   3.4350000e+00   1.9438621e-02   1.9430224e-02   1.9446392e-02
   3.4450000e+00   1.9172405e-02   1.9164520e-02   1.9179777e-02
   3.4550000e+00   1.8910052e-02   1.8902833e-02   1.8916932e-02
   3.4650000e+00   1.8661968e-02   1.8655619e-02   1.8668226e-02
   3.4750000e+00   1.8428133e-02   1.8422948e-02   1.8433580e-02
   3.4850000e+00   1.8198284e-02   1.8194845e-02   1.8202531e-02
   3.4950000e+00   1.7986943e-02   1.7985617e-02   1.7989734e-02
   3.5050000e+00   1.7778725e-02   1.7780526e-02   1.7779353e-02
   3.5150000e+00   1.7587733e-02   1.7593581e-02   1.7585540e-02
   3.5250000e+00   1.7410070e-02   1.7421150e-02   1.7404189e-02
   3.5350000e+00   1.7240637e-02   1.7258988e-02   1.7229571e-02
   3.5450000e+00   1.7089486e-02   1.7115682e-02   1.7072754e-02
   3.5550000e+00   1.6947236e-02   1.6983845e-02   1.6922898e-02
   3.5650000e+00   1.6823612e-02   1.6870819e-02   1.6791445e-02
   3.5750000e+00   1.6712396e-02   1.6770180e-02   1.6672338e-02
   3.5850000e+00   1.6609878e-02   1.6680449e-02   1.6560204e-02
   3.5950000e+00   1.6518636e-02   1.6604728e-02   1.6457179e-02
   3.6050000e+00   1.6441467e-02   1.6546341e-02   1.6365627e-02
   3.6150000e+00   1.6382971e-02   1.6510828e-02   1.6289371e-02
   3.6250000e+00   1.6343761e-02   1.6497476e-02   1.6229980e-02
   3.6350000e+00   1.6278110e-02   1.6441613e-02   1.6156632e-02
   3.6450000e+00   1.6216153e-02   1.6390210e-02   1.6086351e-02
   3.6550000e+00   1.6156769e-02   1.6341660e-02   1.6018370e-02
   3.6650000e+00   1.6101791e-02   1.6298558e-02   1.5953992e-02
   3.6750000e+00   1.6050272e-02   1.6259301e-02   1.5892684e-02
   3.6850000e+00   1.6003487e-02   1.6225753e-02   1.5835327e-02
   3.6950000e+00   1.5960754e-02   1.6196904e-02   1.5781482e-02
   3.7050000e+00   1.5923577e-02   1.6174504e-02   1.5732405e-02
   3.7150000e+00   1.5891405e-02   1.6157920e-02   1.5687655e-02
   3.7250000e+00   1.5865603e-02   1.6148926e-02   1.5648288e-02
   3.7350000e+00   1.5815813e-02   1.6109224e-02   1.5590271e-02
   3.7450000e+00   1.5702350e-02   1.5989884e-02   1.5481522e-02
   3.7550000e+00   1.5589197e-02   1.5870914e-02   1.5373047e-02
   3.7650000e+00   1.5477055e-02   1.5752947e-02   1.5265534e-02
   3.7750000e+00   1.5365989e-02   1.5636346e-02   1.5158890e-02
   3.7850000e+00   1.5222978e-02   1.5477271e-02   1.5028807e-02
   3.7950000e+00   1.5085631e-02   1.5324603e-02   1.4903696e-02
   3.8050000e+00   1.4955135e-02   1.5180233e-02   1.4784274e-02
   3.8150000e+00   1.4829147e-02   1.5041156e-02   1.4668713e-02
   3.8250000e+00   1.4708853e-02   1.4908871e-02   1.4557921e-02
   3.8350000e+00   1.4592001e-02   1.4780580e-02   1.4450102e-02
   3.8450000e+00   1.4479690e-02   1.4657879e-02   1.4346003e-02
   3.8550000e+00   1.4373566e-02   1.4539274e-02   1.4249700e-02
   3.8650000e+00   1.4273102e-02   1.4426597e-02   1.4158806e-02
   3.8750000e+00   1.4178201e-02   1.4320704e-02   1.4072497e-02
   3.8850000e+00   1.4087405e-02   1.4219762e-02   1.3989603e-02
   3.8950000e+00   1.4000870e-02   1.4123981e-02   1.3910230e-02
   3.9050000e+00   1.3917512e-02   1.4032046e-02   1.3833496e-02
   3.9150000e+00   1.3837517e-02   1.3944274e-02   1.3759494e-02
   3.9250000e+00   1.3760380e-02   1.3859993e-02   1.3687836e-02
   3.9350000e+00   1.3685480e-02   1.3778430e-02   1.3618028e-02
   3.9450000e+00   1.3613086e-02   1.3699985e-02   1.3550245e-02
   3.9550000e+00   1.3542547e-02   1.3623824e-02   1.3483975e-02
   3.9650000e+00   1.3473967e-02   1.3550081e-02   1.3419295e-02
   3.9750000e+00   1.3413715e-02   1.3484468e-02   1.3363088e-02
   3.9850000e+00   1.3360010e-02   1.3425531e-02   1.3313318e-02
   3.9950000e+00   1.3308174e-02   1.3368940e-02   1.3265045e-02
   4.0050000e+00   1.3257848e-02   1.3314233e-02   1.3217988e-02
   4.0150000e+00   1.3208982e-02   1.3261370e-02   1.3172095e-02
   4.0250000e+00   1.3161409e-02   1.3210143e-02   1.3127229e-02
   4.0350000e+00   1.3114959e-02   1.3160330e-02   1.3083258e-02
   4.0450000e+00   1.3069559e-02   1.3111849e-02   1.3040122e-02
   4.0550000e+00   1.3025049e-02   1.3064505e-02   1.2997689e-02
   4.0650000e+00   1.2981390e-02   1.3018247e-02   1.2955926e-02
   4.0750000e+00   1.2938500e-02   1.2972970e-02   1.2914772e-02
   4.0850000e+00   1.2896254e-02   1.2928515e-02   1.2874125e-02
   4.0950000e+00   1.2854637e-02   1.2884869e-02   1.2833974e-02
   4.1050000e+00   1.2818796e-02   1.2847117e-02   1.2799507e-02
   4.1150000e+00   1.2786940e-02   1.2813470e-02   1.2768938e-02
   4.1250000e+00   1.2755566e-02   1.2780444e-02   1.2738744e-02
   4.1350000e+00   1.2724618e-02   1.2747972e-02   1.2708882e-02
   4.1450000e+00   1.2694068e-02   1.2716017e-02   1.2679330e-02
   4.1550000e+00   1.2663882e-02   1.2684532e-02   1.2650063e-02
   4.1650000e+00   1.2634017e-02   1.2653463e-02   1.2621046e-02
   4.1750000e+00   1.2604452e-02   1.2622785e-02   1.2592263e-02
   4.1850000e+00   1.2575167e-02   1.2592471e-02   1.2563698e-02
   4.1950000e+00   1.2546131e-02   1.2562478e-02   1.2535330e-02
   4.2050000e+00   1.2517329e-02   1.2532787e-02   1.2507144e-02
   4.2150000e+00   1.2488743e-02   1.2503379e-02   1.2479127e-02
   4.2250000e+00   1.2460359e-02   1.2474233e-02   1.2451269e-02
   4.2350000e+00   1.2432162e-02   1.2445328e-02   1.2423557e-02
   4.2450000e+00   1.2409089e-02   1.2421219e-02   1.2401199e-02
   4.2550000e+00   1.2389739e-02   1.2400714e-02   1.2382644e-02
   4.2650000e+00   1.2370823e-02   1.2380780e-02   1.2364423e-02
   4.2750000e+00   1.2352283e-02   1.2361342e-02   1.2346493e-02
   4.2850000e+00   1.2334073e-02   1.2342339e-02   1.2328819e-02
   4.2950000e+00   1.2316157e-02   1.2323721e-02   1.2311374e-02
   4.3050000e+00   1.2298502e-02   1.2305446e-02   1.2294134e-02
   4.3150000e+00   1.2281082e-02   1.2287477e-02   1.2277077e-02
   4.3250000e+00   1.2263871e-02   1.2269779e-02   1.2260186e-02
   4.3350000e+00   1.2246849e-02   1.2252325e-02   1.2243447e-02
   4.3450000e+00   1.2229998e-02   1.2235091e-02   1.2226845e-02
   4.3550000e+00   1.2221872e-02   1.2226539e-02   1.2218997e-02
   4.3650000e+00   1.2217622e-02   1.2221885e-02   1.2215012e-02
   4.3750000e+00   1.2213569e-02   1.2217479e-02   1.2211187e-02
   4.3850000e+00   1.2209693e-02   1.2213297e-02   1.2207508e-02
   4.3950000e+00   1.2218168e-02   1.2221504e-02   1.2216159e-02
   4.4050000e+00   1.2229820e-02   1.2232918e-02   1.2227967e-02
   4.4150000e+00   1.2241588e-02   1.2244475e-02   1.2239874e-02
   4.4250000e+00   1.2253466e-02   1.2256163e-02   1.2251875e-02
   4.4350000e+00   1.2265447e-02   1.2267975e-02   1.2263965e-02
   4.4450000e+00   1.2278982e-02   1.2281364e-02   1.2277596e-02
   4.4550000e+00   1.2305696e-02   1.2307991e-02   1.2304372e-02
   4.4650000e+00   1.2332439e-02   1.2334651e-02   1.2331176e-02
   4.4750000e+00   1.2359212e-02   1.2361342e-02   1.2358006e-02
   4.4850000e+00   1.2386013e-02   1.2388065e-02   1.2384864e-02
   4.4950000e+00   1.2412842e-02   1.2414819e-02   1.2411747e-02
   4.5050000e+00   1.2439699e-02   1.2441603e-02   1.2438657e-02
   4.5150000e+00   1.2471826e-02   1.2473758e-02   1.2470775e-02
   4.5250000e+00   1.2503986e-02   1.2505950e-02   1.2502925e-02
   4.5350000e+00   1.2536181e-02   1.2538178e-02   1.2535106e-02
   4.5450000e+00   1.2568409e-02   1.2570443e-02   1.2567319e-02
   4.5550000e+00   1.2599093e-02   1.2601264e-02   1.2597925e-02
   4.5650000e+00   1.2623727e-02   1.2626089e-02   1.2622443e-02
   4.5750000e+00   1.2642712e-02   1.2645301e-02   1.2641286e-02
   4.5850000e+00   1.2647234e-02   1.2650118e-02   1.2645616e-02
   4.5950000e+00   1.2637322e-02   1.2640582e-02   1.2635453e-02
   4.6050000e+00   1.2627618e-02   1.2631312e-02   1.2625461e-02
   4.6150000e+00   1.2618150e-02   1.2622344e-02   1.2615657e-02
   4.6250000e+00   1.2608947e-02   1.2613721e-02   1.2606066e-02
   4.6350000e+00   1.2600049e-02   1.2605495e-02   1.2596715e-02
   4.6450000e+00   1.2591502e-02   1.2597732e-02   1.2587637e-02
   4.6550000e+00   1.2583362e-02   1.2590508e-02   1.2578876e-02
   4.6650000e+00   1.2575699e-02   1.2583916e-02   1.2570482e-02
   4.6750000e+00   1.2568600e-02   1.2578073e-02   1.2562521e-02
   4.6850000e+00   1.2562169e-02   1.2573119e-02   1.2555072e-02
   4.6950000e+00   1.2556540e-02   1.2569229e-02   1.2548235e-02
   4.7050000e+00   1.2551876e-02   1.2566619e-02   1.2542135e-02
   4.7150000e+00   1.2548379e-02   1.2565552e-02   1.2536930e-02
   4.7250000e+00   1.2534786e-02   1.2553953e-02   1.2521924e-02
   4.7350000e+00   1.2514165e-02   1.2534934e-02   1.2500157e-02
   4.7450000e+00   1.2494002e-02   1.2516515e-02   1.2478745e-02
   4.7550000e+00   1.2474349e-02   1.2498761e-02   1.2457727e-02
   4.7650000e+00   1.2455256e-02   1.2481733e-02   1.2437145e-02
   4.7750000e+00   1.2436781e-02   1.2465504e-02   1.2417045e-02
   4.7850000e+00   1.2418986e-02   1.2450154e-02   1.2397476e-02
   4.7950000e+00   1.2401956e-02   1.2435791e-02   1.2378504e-02
   4.8050000e+00   1.2385778e-02   1.2422521e-02   1.2360200e-02
   4.8150000e+00   1.2370529e-02   1.2410434e-02   1.2342629e-02
   4.8250000e+00   1.2356313e-02   1.2399660e-02   1.2325875e-02
   4.8350000e+00   1.2343266e-02   1.2390374e-02   1.2310046e-02
   4.8450000e+00   1.2331528e-02   1.2382753e-02   1.2295253e-02
   4.8550000e+00   1.2321253e-02   1.2376979e-02   1.2281623e-02
   4.8650000e+00   1.2312605e-02   1.2373248e-02   1.2269296e-02
   4.8750000e+00   1.2305776e-02   1.2371790e-02   1.2258430e-02
   4.8850000e+00   1.2300958e-02   1.2372847e-02   1.2249180e-02
   4.8950000e+00   1.2298465e-02   1.2376801e-02   1.2241805e-02
   4.9050000e+00   1.2296759e-02   1.2381727e-02   1.2235054e-02
   4.9150000e+00   1.2280102e-02   1.2368087e-02   1.2216088e-02
   4.9250000e+00   1.2263889e-02   1.2354974e-02   1.2197495e-02
   4.9350000e+00   1.2248173e-02   1.2342479e-02   1.2179306e-02
   4.9450000e+00   1.2232993e-02   1.2330654e-02   1.2161550e-02
   4.9550000e+00   1.2218351e-02   1.2319483e-02   1.2144237e-02
   4.9650000e+00   1.2204268e-02   1.2308979e-02   1.2127393e-02
   4.9750000e+00   1.2190727e-02   1.2299124e-02   1.2111002e-02
   4.9850000e+00   1.2177734e-02   1.2289944e-02   1.2095059e-02
   4.9950000e+00   1.2165460e-02   1.2281648e-02   1.2079706e-02
