   3.0500000e-01   8.5786376e-01   8.7172260e-01   8.4220216e-01
   3.1500000e-01   8.5796751e-01   8.7181797e-01   8.4231246e-01
   3.2500000e-01   8.5804360e-01   8.7194625e-01   8.4233273e-01
   3.3500000e-01   8.5825403e-01   8.7218353e-01   8.4250293e-01
   3.4500000e-01   8.5843210e-01   8.7239768e-01   8.4264506e-01
   3.5500000e-01   8.5868536e-01   8.7265335e-01   8.4288960e-01
   3.6500000e-01   8.5911674e-01   8.7311254e-01   8.4328591e-01
   3.7500000e-01   8.5951923e-01   8.7350757e-01   8.4368715e-01
   3.8500000e-01   8.5993558e-01   8.7393213e-01   8.4409201e-01
   3.9500000e-01   8.6036435e-01   8.7437593e-01   8.4450078e-01
   4.0500000e-01   8.6088826e-01   8.7490357e-01   8.4502560e-01
   4.1500000e-01   8.6136383e-01   8.7539128e-01   8.4548344e-01
   4.2500000e-01   8.6195013e-01   8.7597858e-01   8.4606191e-01
   4.3500000e-01   8.6253525e-01   8.7656869e-01   8.4663924e-01
   4.4500000e-01   8.6310941e-01   8.7713377e-01   8.4721679e-01
   4.5500000e-01   8.6363414e-01   8.7766333e-01   8.4773858e-01
   4.6500000e-01   8.6423784e-01   8.7824424e-01   8.4835538e-01
   4.7500000e-01   8.6481139e-01   8.7883492e-01   8.4891679e-01
   4.8500000e-01   8.6545552e-01   8.7946999e-01   8.4955534e-01
   4.9500000e-01   8.6592942e-01   8.7995252e-01   8.5002289e-01
   5.0500000e-01   8.6645145e-01   8.8045749e-01   8.5056081e-01
   5.1500000e-01   8.6701553e-01   8.8102833e-01   8.5111387e-01
   5.2500000e-01   8.6752013e-01   8.8153767e-01   8.5161128e-01
   5.3500000e-01   8.6797867e-01   8.8194873e-01   8.5211857e-01
   5.4500000e-01   8.6831513e-01   8.8233259e-01   8.5241759e-01
   5.5500000e-01   8.6871044e-01   8.8270457e-01   8.5282741e-01
   5.6500000e-01   8.6921060e-01   8.8322029e-01   8.5331020e-01
   5.7500000e-01   8.6958091e-01   8.8356517e-01   8.5369545e-01
   5.8500000e-01   8.6988352e-01   8.8392598e-01   8.5394784e-01
   5.9500000e-01   8.7030390e-01   8.8431978e-01   8.5439968e-01
   6.0500000e-01   8.7051921e-01   8.8451491e-01   8.5460602e-01
   6.1500000e-01   8.7048728e-01   8.8450629e-01   8.5459019e-01
   6.2500000e-01   8.7063530e-01   8.8468215e-01   8.5468041e-01
   6.3500000e-01   8.7077349e-01   8.8479076e-01   8.5484621e-01
   6.4500000e-01   8.7069258e-01   8.8468268e-01   8.5480861e-01
   6.5500000e-01   8.7058137e-01   8.8459477e-01   8.5467967e-01
   6.6500000e-01   8.7053216e-01   8.8459553e-01   8.5456430e-01
   6.7500000e-01   8.7042306e-01   8.8450502e-01   8.5445500e-01
   6.8500000e-01   8.7057520e-01   8.8464818e-01   8.5457014e-01
   6.9500000e-01   8.6980551e-01   8.8383440e-01   8.5388595e-01
   7.0500000e-01   8.6925906e-01   8.8335790e-01   8.5324788e-01
   7.1500000e-01   8.6826166e-01   8.8244781e-01   8.5218954e-01
   7.2500000e-01   8.6792791e-01   8.8211659e-01   8.5183119e-01
   7.3500000e-01   8.6744645e-01   8.8158213e-01   8.5139355e-01
   7.4500000e-01   8.6600453e-01   8.8019486e-01   8.4989242e-01
   7.5500000e-01   8.6434274e-01   8.7858751e-01   8.4817572e-01
   7.6500000e-01   8.6212856e-01   8.7643263e-01   8.4591680e-01
   7.7500000e-01   8.5940370e-01   8.7383768e-01   8.4306342e-01
   7.8500000e-01   8.5675933e-01   8.7126950e-01   8.4032353e-01
   7.9500000e-01   8.5407729e-01   8.6864954e-01   8.3763239e-01
   8.0500000e-01   8.5226823e-01   8.6686386e-01   8.3577856e-01
   8.1500000e-01   8.5257348e-01   8.6722081e-01   8.3603056e-01
   8.2500000e-01   8.5237501e-01   8.6704763e-01   8.3579766e-01
   8.3500000e-01   8.5196080e-01   8.6649096e-01   8.3546966e-01
   8.4500000e-01   8.4938262e-01   8.6387063e-01   8.3290495e-01
   8.5500000e-01   8.4475081e-01   8.5975035e-01   8.2787707e-01
   8.6500000e-01   8.3838504e-01   8.5364401e-01   8.2129046e-01
   8.7500000e-01   8.2991129e-01   8.4552576e-01   8.1246027e-01
   8.8500000e-01   8.2149089e-01   8.3746659e-01   8.0364760e-01
   8.9500000e-01   8.1613358e-01   8.3217722e-01   7.9820745e-01
   9.0500000e-01   8.1319094e-01   8.2925447e-01   7.9528712e-01
   9.1500000e-01   8.1082408e-01   8.2728311e-01   7.9252704e-01
   9.2500000e-01   8.0721946e-01   8.2376841e-01   7.8885680e-01
   9.3500000e-01   8.0328744e-01   8.1997759e-01   7.8474260e-01
   9.4500000e-01   7.9826448e-01   8.1513379e-01   7.7957759e-01
   9.5500000e-01   7.8799743e-01   8.0554879e-01   7.6867656e-01
   9.6500000e-01   7.7217899e-01   7.9046025e-01   7.5215369e-01
   9.7500000e-01   7.5595719e-01   7.7507598e-01   7.3511069e-01
   9.8500000e-01   7.4008126e-01   7.6005417e-01   7.1832074e-01
   9.9500000e-01   7.2171950e-01   7.4246408e-01   6.9923219e-01
   1.0050000e+00   7.0081933e-01   7.2306958e-01   6.7685405e-01
   1.0150000e+00   6.8262302e-01   7.0576315e-01   6.5784072e-01
   1.0250000e+00   6.7495635e-01   6.9846911e-01   6.4975912e-01
   1.0350000e+00   6.7415033e-01   6.9790125e-01   6.4876686e-01
   1.0450000e+00   6.7937847e-01   7.0259489e-01   6.5448493e-01
   1.0550000e+00   6.9115918e-01   7.1377611e-01   6.6677517e-01
   1.0650000e+00   7.0299130e-01   7.2510715e-01   6.7911713e-01
   1.0750000e+00   7.1039381e-01   7.3191324e-01   6.8717769e-01
   1.0850000e+00   7.1459302e-01   7.3616073e-01   6.9129547e-01
   1.0950000e+00   7.1663713e-01   7.3805832e-01   6.9351211e-01
   1.1050000e+00   7.1660872e-01   7.3810061e-01   6.9345556e-01
   1.1150000e+00   7.1377696e-01   7.3520841e-01   6.9068472e-01
   1.1250000e+00   7.0672976e-01   7.2863764e-01   6.8310130e-01
   1.1350000e+00   6.9525962e-01   7.1772354e-01   6.7112553e-01
   1.1450000e+00   6.8971829e-01   7.1253239e-01   6.6519245e-01
   1.1550000e+00   6.7065909e-01   6.9432577e-01   6.4536588e-01
   1.1650000e+00   6.3907425e-01   6.6463067e-01   6.1195428e-01
   1.1750000e+00   6.0820274e-01   6.3493580e-01   5.7989621e-01
   1.1850000e+00   5.8011338e-01   6.0813190e-01   5.5063053e-01
   1.1950000e+00   5.5508518e-01   5.8386987e-01   5.2491706e-01
   1.2050000e+00   5.2340273e-01   5.5348511e-01   4.9212591e-01
   1.2150000e+00   4.9057277e-01   5.2130221e-01   4.5882547e-01
   1.2250000e+00   4.7019587e-01   5.0154595e-01   4.3799960e-01
   1.2350000e+00   4.5668122e-01   4.8822331e-01   4.2430264e-01
   1.2450000e+00   4.4663056e-01   4.7835395e-01   4.1418044e-01
   1.2550000e+00   4.4141592e-01   4.7328754e-01   4.0883288e-01
   1.2650000e+00   4.3880902e-01   4.7067732e-01   4.0626320e-01
   1.2750000e+00   4.3927035e-01   4.7105165e-01   4.0683348e-01
   1.2850000e+00   4.4269770e-01   4.7451239e-01   4.1014275e-01
   1.2950000e+00   4.4451313e-01   4.7625263e-01   4.1205776e-01
   1.3050000e+00   4.4622453e-01   4.7792491e-01   4.1382117e-01
   1.3150000e+00   4.4746709e-01   4.7918653e-01   4.1502507e-01
   1.3250000e+00   4.4811075e-01   4.7980906e-01   4.1568294e-01
   1.3350000e+00   4.4795657e-01   4.7966091e-01   4.1551608e-01
   1.3450000e+00   4.4523370e-01   4.7700779e-01   4.1274003e-01
   1.3550000e+00   4.4124909e-01   4.7310907e-01   4.0869691e-01
   1.3650000e+00   4.3730356e-01   4.6921839e-01   4.0469044e-01
   1.3750000e+00   4.2895337e-01   4.6086167e-01   3.9642605e-01
   1.3850000e+00   4.1622837e-01   4.4841091e-01   3.8353115e-01
   1.3950000e+00   3.9777398e-01   4.2996580e-01   3.6519216e-01
   1.4050000e+00   3.3439515e-01   3.6625926e-01   3.0267371e-01
   1.4150000e+00   2.4537122e-01   2.7489381e-01   2.1687892e-01
   1.4250000e+00   1.6827556e-01   1.9332104e-01   1.4488133e-01
   1.4350000e+00   1.1667964e-01   1.3699300e-01   9.8285216e-02
   1.4450000e+00   8.4955371e-02   1.0139097e-01   7.0451416e-02
   1.4550000e+00   6.0747404e-02   7.3498111e-02   4.9787652e-02
   1.4650000e+00   4.4337177e-02   5.4122301e-02   3.6138043e-02
   1.4750000e+00   3.4174029e-02   4.1849454e-02   2.7886149e-02
   1.4850000e+00   2.8866744e-02   3.5309255e-02   2.3672272e-02
   1.4950000e+00   2.7002036e-02   3.2986738e-02   2.2209176e-02
   1.5050000e+00   2.7998372e-02   3.4229901e-02   2.2987980e-02
   1.5150000e+00   2.9423638e-02   3.6004455e-02   2.4106616e-02
   1.5250000e+00   3.0903588e-02   3.7837788e-02   2.5274993e-02
   1.5350000e+00   3.3029968e-02   4.0450943e-02   2.6969023e-02
   1.5450000e+00   3.5681905e-02   4.3701417e-02   2.9086602e-02
   1.5550000e+00   3.8743179e-02   4.7415660e-02   3.1558810e-02
   1.5650000e+00   4.2349475e-02   5.1756772e-02   3.4496176e-02
   1.5750000e+00   4.6813092e-02   5.7103827e-02   3.8152621e-02
   1.5850000e+00   5.2122804e-02   6.3403949e-02   4.2546077e-02
   1.5950000e+00   5.6198781e-02   6.8201424e-02   4.5946486e-02
   1.6050000e+00   6.0186162e-02   7.2875871e-02   4.9291322e-02
   1.6150000e+00   6.4189045e-02   7.7537172e-02   5.2668065e-02
   1.6250000e+00   6.6668002e-02   8.0418045e-02   5.4766184e-02
   1.6350000e+00   6.9238820e-02   8.3391227e-02   5.6955360e-02
   1.6450000e+00   7.2055811e-02   8.6657549e-02   5.9340780e-02
   1.6550000e+00   7.5360937e-02   9.0466819e-02   6.2163050e-02
   1.6650000e+00   7.9322334e-02   9.4976980e-02   6.5579384e-02
   1.6750000e+00   8.3676739e-02   9.9964461e-02   6.9329837e-02
   1.6850000e+00   8.8002279e-02   1.0487738e-01   7.3072218e-02
   1.6950000e+00   9.2183621e-02   1.0959611e-01   7.6710052e-02
   1.7050000e+00   9.6445324e-02   1.1443157e-01   8.0426143e-02
   1.7150000e+00   1.0079224e-01   1.1931338e-01   8.4225327e-02
   1.7250000e+00   1.0535090e-01   1.2440373e-01   8.8250838e-02
   1.7350000e+00   1.0932635e-01   1.2887780e-01   9.1732424e-02
   1.7450000e+00   1.1246707e-01   1.3233141e-01   9.4535342e-02
   1.7550000e+00   1.1578380e-01   1.3607579e-01   9.7443436e-02
   1.7650000e+00   1.1870775e-01   1.3930095e-01   1.0004881e-01
   1.7750000e+00   1.2114067e-01   1.4198931e-01   1.0221639e-01
   1.7850000e+00   1.2361118e-01   1.4467696e-01   1.0444480e-01
   1.7950000e+00   1.2626218e-01   1.4767354e-01   1.0677359e-01
   1.8050000e+00   1.2922903e-01   1.5090327e-01   1.0945479e-01
   1.8150000e+00   1.3267600e-01   1.5473309e-01   1.1251810e-01
   1.8250000e+00   1.3628269e-01   1.5865822e-01   1.1577915e-01
   1.8350000e+00   1.3803586e-01   1.6057168e-01   1.1735389e-01
   1.8450000e+00   1.3688064e-01   1.5931964e-01   1.1631038e-01
   1.8550000e+00   1.3300409e-01   1.5503822e-01   1.1283639e-01
   1.8650000e+00   1.2184505e-01   1.4283593e-01   1.0281105e-01
   1.8750000e+00   1.0246187e-01   1.2122077e-01   8.5673883e-02
   1.8850000e+00   8.3208898e-02   9.9449705e-02   6.8905409e-02
   1.8950000e+00   6.3349325e-02   7.6625860e-02   5.1910337e-02
   1.9050000e+00   4.7017554e-02   5.7401099e-02   3.8268323e-02
   1.9150000e+00   3.2528141e-02   3.9933835e-02   2.6475129e-02
   1.9250000e+00   2.4453121e-02   2.9926622e-02   2.0100729e-02
   1.9350000e+00   1.8978377e-02   2.2957675e-02   1.5909303e-02
   1.9450000e+00   1.5929612e-02   1.8974304e-02   1.3645301e-02
   1.9550000e+00   1.4190755e-02   1.6648477e-02   1.2389905e-02
   1.9650000e+00   1.3180801e-02   1.5272507e-02   1.1676191e-02
   1.9750000e+00   1.2671939e-02   1.4572529e-02   1.1320207e-02
   1.9850000e+00   1.2427139e-02   1.4235769e-02   1.1148342e-02
   1.9950000e+00   1.2388347e-02   1.4187051e-02   1.1117526e-02
   2.0050000e+00   1.2472195e-02   1.4310390e-02   1.1169861e-02
   2.0150000e+00   1.2691869e-02   1.4623576e-02   1.1314904e-02
   2.0250000e+00   1.2973182e-02   1.5019933e-02   1.1504163e-02
   2.0350000e+00   1.3328983e-02   1.5514785e-02   1.1747561e-02
   2.0450000e+00   1.3841609e-02   1.6222419e-02   1.2102371e-02
   2.0550000e+00   1.4639109e-02   1.7305788e-02   1.2665481e-02
   2.0650000e+00   1.5686299e-02   1.8709757e-02   1.3417693e-02
   2.0750000e+00   1.7238121e-02   2.0759035e-02   1.4553594e-02
   2.0850000e+00   1.9275136e-02   2.3409275e-02   1.6072748e-02
   2.0950000e+00   2.2073041e-02   2.6985401e-02   1.8202703e-02
   2.1050000e+00   2.5938787e-02   3.1852678e-02   2.1199803e-02
   2.1150000e+00   3.0042283e-02   3.6946182e-02   2.4434187e-02
   2.1250000e+00   3.5632080e-02   4.3783919e-02   2.8911726e-02
   2.1350000e+00   4.1962459e-02   5.1430846e-02   3.4057212e-02
   2.1450000e+00   4.8628010e-02   5.9371783e-02   3.9549567e-02
   2.1550000e+00   5.5682902e-02   6.7699137e-02   4.5424326e-02
   2.1650000e+00   6.2611770e-02   7.5795451e-02   5.1254506e-02
   2.1750000e+00   6.9684365e-02   8.4016420e-02   5.7246503e-02
   2.1850000e+00   7.6330393e-02   9.1628296e-02   6.2949075e-02
   2.1950000e+00   8.2626245e-02   9.8830289e-02   6.8373340e-02
   2.2050000e+00   8.7967212e-02   1.0491634e-01   7.2992412e-02
   2.2150000e+00   9.4071968e-02   1.1183515e-01   7.8282605e-02
   2.2250000e+00   9.9317515e-02   1.1774942e-01   8.2877628e-02
   2.2350000e+00   1.0375960e-01   1.2270682e-01   8.6787201e-02
   2.2450000e+00   1.0662681e-01   1.2593297e-01   8.9310382e-02
   2.2550000e+00   1.0530664e-01   1.2443856e-01   8.8159885e-02
   2.2650000e+00   1.0251987e-01   1.2136662e-01   8.5663951e-02
   2.2750000e+00   9.6815217e-02   1.1491099e-01   8.0693010e-02
   2.2850000e+00   9.0146265e-02   1.0740470e-01   7.4855161e-02
   2.2950000e+00   8.2402136e-02   9.8597755e-02   6.8150002e-02
   2.3050000e+00   7.4257974e-02   8.9271978e-02   6.1159187e-02
   2.3150000e+00   6.6895425e-02   8.0744278e-02   5.4880381e-02
   2.3250000e+00   6.0252195e-02   7.3104996e-02   4.9220188e-02
   2.3350000e+00   5.4616383e-02   6.6500062e-02   4.4485116e-02
   2.3450000e+00   4.9853666e-02   6.0887524e-02   4.0501617e-02
   2.3550000e+00   4.6043943e-02   5.6355155e-02   3.7358687e-02
   2.3650000e+00   4.3172313e-02   5.2974331e-02   3.4962899e-02
   2.3750000e+00   4.0889540e-02   5.0219977e-02   3.3096511e-02
   2.3850000e+00   3.9219635e-02   4.8218113e-02   3.1725734e-02
   2.3950000e+00   3.7781978e-02   4.6496081e-02   3.0542683e-02
   2.4050000e+00   3.6518511e-02   4.4990183e-02   2.9504630e-02
   2.4150000e+00   3.5428091e-02   4.3651890e-02   2.8623111e-02
   2.4250000e+00   3.4452763e-02   4.2483738e-02   2.7825365e-02
   2.4350000e+00   3.3402528e-02   4.1221640e-02   2.6965958e-02
   2.4450000e+00   3.2315251e-02   3.9895743e-02   2.6083680e-02
   2.4550000e+00   3.1293322e-02   3.8684030e-02   2.5243679e-02
   2.4650000e+00   3.0301717e-02   3.7461298e-02   2.4449560e-02
   2.4750000e+00   2.9406368e-02   3.6369490e-02   2.3724637e-02
   2.4850000e+00   2.8556056e-02   3.5333297e-02   2.3035306e-02
   2.4950000e+00   2.7718574e-02   3.4314872e-02   2.2358759e-02
   2.5050000e+00   2.7146229e-02   3.3617100e-02   2.1892201e-02
   2.5150000e+00   2.6764199e-02   3.3163989e-02   2.1576061e-02
   2.5250000e+00   2.6536662e-02   3.2892521e-02   2.1385074e-02
   2.5350000e+00   2.6498327e-02   3.2861020e-02   2.1342540e-02
   2.5450000e+00   2.6426196e-02   3.2767409e-02   2.1280891e-02
   2.5550000e+00   2.6575960e-02   3.2957354e-02   2.1390348e-02
   2.5650000e+00   2.6921986e-02   3.3396666e-02   2.1654851e-02
   2.5750000e+00   2.6943808e-02   3.3427924e-02   2.1668991e-02
   2.5850000e+00   2.6853059e-02   3.3348340e-02   2.1571634e-02
   2.5950000e+00   2.6342036e-02   3.2714507e-02   2.1156318e-02
   2.6050000e+00   2.5415899e-02   3.1589743e-02   2.0404945e-02
   2.6150000e+00   2.4239561e-02   3.0149700e-02   1.9459351e-02
   2.6250000e+00   2.1944774e-02   2.7323144e-02   1.7622338e-02
   2.6350000e+00   1.9031615e-02   2.3707996e-02   1.5311433e-02
   2.6450000e+00   1.6724384e-02   2.0823320e-02   1.3495324e-02
   2.6550000e+00   1.4854228e-02   1.8467270e-02   1.2033030e-02
   2.6650000e+00   1.3322997e-02   1.6534128e-02   1.0838336e-02
   2.6750000e+00   1.2037754e-02   1.4901956e-02   9.8401027e-03
   2.6850000e+00   8.8448413e-03   1.0746098e-02   7.4356725e-03
   2.6950000e+00   7.0789306e-03   8.4077233e-03   6.1269180e-03
   2.7050000e+00   5.9836185e-03   6.9453736e-03   5.3167196e-03
   2.7150000e+00   5.2415397e-03   5.9558452e-03   4.7611082e-03
   2.7250000e+00   4.6988098e-03   5.2408833e-03   4.3444985e-03
   2.7350000e+00   3.8199824e-03   4.0152706e-03   3.7055339e-03
   2.7450000e+00   3.3986805e-03   3.4851930e-03   3.3507204e-03
   2.7550000e+00   3.0822640e-03   3.1284770e-03   3.0564498e-03
   2.7650000e+00   2.8014317e-03   2.8308959e-03   2.7839998e-03
   2.7750000e+00   2.5387365e-03   2.5606079e-03   2.5247837e-03
   2.7850000e+00   2.2356341e-03   2.2512777e-03   2.2242965e-03
   2.7950000e+00   1.9395421e-03   1.9532500e-03   1.9288763e-03
   2.8050000e+00   1.6770343e-03   1.6903623e-03   1.6664590e-03
   2.8150000e+00   1.4528347e-03   1.4663257e-03   1.4421618e-03
   2.8250000e+00   1.2915297e-03   1.3052111e-03   1.2807071e-03
   2.8350000e+00   1.2403716e-03   1.2539049e-03   1.2295341e-03
   2.8450000e+00   1.3728769e-03   1.3862173e-03   1.3620210e-03
   2.8550000e+00   1.7697146e-03   1.7833908e-03   1.7584806e-03
   2.8650000e+00   2.4700659e-03   2.4845112e-03   2.4581795e-03
   2.8750000e+00   3.7341124e-03   3.7492600e-03   3.7217068e-03
   2.8850000e+00   5.3920224e-03   5.4071838e-03   5.3797136e-03
   2.8950000e+00   7.5357221e-03   7.5497695e-03   7.5244791e-03
   2.9050000e+00   9.7599772e-03   9.7719163e-03   9.7506255e-03
   2.9150000e+00   1.2064768e-02   1.2073868e-02   1.2057914e-02
   2.9250000e+00   1.3910219e-02   1.3916201e-02   1.3906074e-02
   2.9350000e+00   1.5720740e-02   1.5723502e-02   1.5719388e-02
   2.9450000e+00   1.6918093e-02   1.6918300e-02   1.6918949e-02
   2.9550000e+00   1.8222396e-02   1.8219931e-02   1.8225564e-02
   2.9650000e+00   1.9611328e-02   1.9606081e-02   1.9616902e-02
   2.9750000e+00   2.1215444e-02   2.1207019e-02   2.1223765e-02
   2.9850000e+00   2.2913306e-02   2.2901472e-02   2.2924572e-02
   2.9950000e+00   2.5011974e-02   2.4995758e-02   2.5027021e-02
   3.0050000e+00   2.7190719e-02   2.7169786e-02   2.7209836e-02
   3.0150000e+00   2.9497105e-02   2.9470781e-02   2.9520870e-02
   3.0250000e+00   3.1853461e-02   3.1821301e-02   3.1882259e-02
   3.0350000e+00   3.4273032e-02   3.4234452e-02   3.4307368e-02
   3.0450000e+00   3.6677720e-02   3.6632138e-02   3.6718103e-02
   3.0550000e+00   3.9164202e-02   3.9110878e-02   3.9211282e-02
   3.0650000e+00   4.0251074e-02   4.0192561e-02   4.0302669e-02
   3.0750000e+00   4.1061288e-02   4.0998209e-02   4.1116878e-02
   3.0850000e+00   4.0682380e-02   4.0617899e-02   4.0739243e-02
   3.0950000e+00   4.0352755e-02   4.0287087e-02   4.0410706e-02
   3.1050000e+00   3.9339357e-02   3.9274803e-02   3.9396396e-02
   3.1150000e+00   3.8524709e-02   3.8461015e-02   3.8581050e-02
   3.1250000e+00   3.7925032e-02   3.7862045e-02   3.7980799e-02
   3.1350000e+00   3.7498013e-02   3.7435400e-02   3.7553490e-02
   3.1450000e+00   3.7001128e-02   3.6939196e-02   3.7056049e-02
   3.1550000e+00   3.6665076e-02   3.6603503e-02   3.6719717e-02
   3.1650000e+00   3.5918001e-02   3.5857980e-02   3.5971322e-02
   3.1750000e+00   3.5341014e-02   3.5282185e-02   3.5393325e-02
   3.1850000e+00   3.4284356e-02   3.4228088e-02   3.4334457e-02
   3.1950000e+00   3.3376156e-02   3.3322113e-02   3.3424338e-02
   3.2050000e+00   3.2227757e-02   3.2176611e-02   3.2273427e-02
   3.2150000e+00   3.1170954e-02   3.1122485e-02   3.1214302e-02
   3.2250000e+00   3.0237646e-02   3.0191525e-02   3.0278954e-02
   3.2350000e+00   2.9345559e-02   2.9301684e-02   2.9384914e-02
   3.2450000e+00   2.8622350e-02   2.8580283e-02   2.8660136e-02
   3.2550000e+00   2.7940346e-02   2.7899985e-02   2.7976649e-02
   3.2650000e+00   2.7174792e-02   2.7136351e-02   2.7209424e-02
   3.2750000e+00   2.6409147e-02   2.6372630e-02   2.6442107e-02
   3.2850000e+00   2.5745151e-02   2.5710280e-02   2.5776678e-02
   3.2950000e+00   2.5141457e-02   2.5108065e-02   2.5171697e-02
   3.3050000e+00   2.4598531e-02   2.4566471e-02   2.4627612e-02
   3.3150000e+00   2.4117084e-02   2.4086207e-02   2.4145136e-02
   3.3250000e+00   2.3648384e-02   2.3618658e-02   2.3675435e-02
   3.3350000e+00   2.3196267e-02   2.3167648e-02   2.3222356e-02
   3.3450000e+00   2.2750516e-02   2.2722990e-02   2.2775654e-02
   3.3550000e+00   2.2322141e-02   2.2295661e-02   2.2346370e-02
   3.3650000e+00   2.1898764e-02   2.1873320e-02   2.1922091e-02
   3.3750000e+00   2.1502807e-02   2.1478326e-02   2.1525299e-02
   3.3850000e+00   2.1115606e-02   2.1092065e-02   2.1137279e-02
   3.3950000e+00   2.0755407e-02   2.0732742e-02   2.0776322e-02
   3.4050000e+00   2.0421361e-02   2.0399507e-02   2.0441574e-02
   3.4150000e+00   2.0096684e-02   2.0075625e-02   2.0116212e-02
   3.4250000e+00   1.9803376e-02   1.9783045e-02   1.9822285e-02
   3.4350000e+00   1.9511557e-02   1.9491977e-02   1.9529843e-02
   3.4450000e+00   1.9243338e-02   1.9224483e-02   1.9261042e-02
   3.4550000e+00   1.8978749e-02   1.8960689e-02   1.8995856e-02
   3.4650000e+00   1.8728136e-02   1.8710956e-02   1.8744639e-02
   3.4750000e+00   1.8491297e-02   1.8475149e-02   1.8507165e-02
   3.4850000e+00   1.8257363e-02   1.8242608e-02   1.8272475e-02
   3.4950000e+00   1.8041228e-02   1.8028119e-02   1.8055508e-02
   3.5050000e+00   1.7826136e-02   1.7815412e-02   1.7839303e-02
   3.5150000e+00   1.7626284e-02   1.7618687e-02   1.7638048e-02
   3.5250000e+00   1.7437056e-02   1.7433622e-02   1.7446981e-02
   3.5350000e+00   1.7251299e-02   1.7253864e-02   1.7258574e-02
   3.5450000e+00   1.7082074e-02   1.7091419e-02   1.7086294e-02
   3.5550000e+00   1.6915294e-02   1.6934023e-02   1.6915206e-02
   3.5650000e+00   1.6766065e-02   1.6794760e-02   1.6761283e-02
   3.5750000e+00   1.6628679e-02   1.6667718e-02   1.6618905e-02
   3.5850000e+00   1.6493952e-02   1.6545890e-02   1.6477826e-02
   3.5950000e+00   1.6362762e-02   1.6430931e-02   1.6338467e-02
   3.6050000e+00   1.6236187e-02   1.6324722e-02   1.6201379e-02
   3.6150000e+00   1.6115883e-02   1.6230256e-02   1.6067399e-02
   3.6250000e+00   1.6005353e-02   1.6149990e-02   1.5940396e-02
   3.6350000e+00   1.5912045e-02   1.6068524e-02   1.5840456e-02
   3.6450000e+00   1.5820085e-02   1.5989454e-02   1.5741249e-02
   3.6550000e+00   1.5729402e-02   1.5912340e-02   1.5642803e-02
   3.6650000e+00   1.5640286e-02   1.5838013e-02   1.5545216e-02
   3.6750000e+00   1.5552805e-02   1.5766268e-02   1.5448577e-02
   3.6850000e+00   1.5467127e-02   1.5697639e-02   1.5352936e-02
   3.6950000e+00   1.5383309e-02   1.5631925e-02   1.5258400e-02
   3.7050000e+00   1.5301813e-02   1.5570080e-02   1.5165167e-02
   3.7150000e+00   1.5222569e-02   1.5511807e-02   1.5073259e-02
   3.7250000e+00   1.5145940e-02   1.5457862e-02   1.4982852e-02
   3.7350000e+00   1.5064783e-02   1.5390847e-02   1.4892915e-02
   3.7450000e+00   1.4968565e-02   1.5286914e-02   1.4801268e-02
   3.7550000e+00   1.4872567e-02   1.5183228e-02   1.4709812e-02
   3.7650000e+00   1.4777152e-02   1.5080398e-02   1.4618719e-02
   3.7750000e+00   1.4682139e-02   1.4978242e-02   1.4527878e-02
   3.7850000e+00   1.4586944e-02   1.4861705e-02   1.4445409e-02
   3.7950000e+00   1.4494341e-02   1.4749309e-02   1.4364416e-02
   3.8050000e+00   1.4404262e-02   1.4641375e-02   1.4284764e-02
   3.8150000e+00   1.4316119e-02   1.4536589e-02   1.4206212e-02
   3.8250000e+00   1.4230093e-02   1.4435560e-02   1.4128772e-02
   3.8350000e+00   1.4145577e-02   1.4336975e-02   1.4052192e-02
   3.8450000e+00   1.4062649e-02   1.4241263e-02   1.3976444e-02
   3.8550000e+00   1.3991508e-02   1.4154995e-02   1.3913738e-02
   3.8650000e+00   1.3924897e-02   1.4073839e-02   1.3855130e-02
   3.8750000e+00   1.3860227e-02   1.3996234e-02   1.3797505e-02
   3.8850000e+00   1.3797059e-02   1.3921307e-02   1.3740660e-02
   3.8950000e+00   1.3735371e-02   1.3849109e-02   1.3684558e-02
   3.9050000e+00   1.3674834e-02   1.3778974e-02   1.3629051e-02
   3.9150000e+00   1.3615401e-02   1.3710920e-02   1.3574094e-02
   3.9250000e+00   1.3556930e-02   1.3644668e-02   1.3519617e-02
   3.9350000e+00   1.3499249e-02   1.3579852e-02   1.3465547e-02
   3.9450000e+00   1.3442363e-02   1.3516565e-02   1.3411867e-02
   3.9550000e+00   1.3386100e-02   1.3454438e-02   1.3358507e-02
   3.9650000e+00   1.3330465e-02   1.3393516e-02   1.3305457e-02
   3.9750000e+00   1.3283612e-02   1.3341216e-02   1.3261252e-02
   3.9850000e+00   1.3242893e-02   1.3295244e-02   1.3223064e-02
   3.9950000e+00   1.3202735e-02   1.3250387e-02   1.3185142e-02
   4.0050000e+00   1.3163046e-02   1.3206445e-02   1.3147450e-02
   4.0150000e+00   1.3123791e-02   1.3163368e-02   1.3109965e-02
   4.0250000e+00   1.3084915e-02   1.3121049e-02   1.3072664e-02
   4.0350000e+00   1.3046373e-02   1.3079395e-02   1.3035526e-02
   4.0450000e+00   1.3008140e-02   1.3038358e-02   1.2998539e-02
   4.0550000e+00   1.2970167e-02   1.2997840e-02   1.2961683e-02
   4.0650000e+00   1.2932439e-02   1.2957813e-02   1.2924949e-02
   4.0750000e+00   1.2894934e-02   1.2918233e-02   1.2888329e-02
   4.0850000e+00   1.2857621e-02   1.2879028e-02   1.2851809e-02
   4.0950000e+00   1.2820490e-02   1.2840186e-02   1.2815385e-02
   4.1050000e+00   1.2788849e-02   1.2806950e-02   1.2784399e-02
   4.1150000e+00   1.2760906e-02   1.2777530e-02   1.2757058e-02
   4.1250000e+00   1.2733098e-02   1.2748384e-02   1.2729788e-02
   4.1350000e+00   1.2705411e-02   1.2719477e-02   1.2702582e-02
   4.1450000e+00   1.2677837e-02   1.2690796e-02   1.2675438e-02
   4.1550000e+00   1.2650368e-02   1.2662323e-02   1.2648352e-02
   4.1650000e+00   1.2622994e-02   1.2634033e-02   1.2621320e-02
   4.1750000e+00   1.2595709e-02   1.2605913e-02   1.2594339e-02
   4.1850000e+00   1.2568507e-02   1.2577953e-02   1.2567409e-02
   4.1950000e+00   1.2541382e-02   1.2550137e-02   1.2540526e-02
   4.2050000e+00   1.2514331e-02   1.2522457e-02   1.2513688e-02
   4.2150000e+00   1.2487348e-02   1.2494901e-02   1.2486894e-02
   4.2250000e+00   1.2460430e-02   1.2467462e-02   1.2460143e-02
   4.2350000e+00   1.2433574e-02   1.2440132e-02   1.2433434e-02
   4.2450000e+00   1.2412535e-02   1.2418374e-02   1.2412644e-02
   4.2550000e+00   1.2395459e-02   1.2400496e-02   1.2395849e-02
   4.2650000e+00   1.2378509e-02   1.2382860e-02   1.2379132e-02
   4.2750000e+00   1.2361673e-02   1.2365436e-02   1.2362490e-02
   4.2850000e+00   1.2344943e-02   1.2348200e-02   1.2345919e-02
   4.2950000e+00   1.2328310e-02   1.2331133e-02   1.2329417e-02
   4.3050000e+00   1.2311768e-02   1.2314219e-02   1.2312981e-02
   4.3150000e+00   1.2295311e-02   1.2297443e-02   1.2296609e-02
   4.3250000e+00   1.2278934e-02   1.2280794e-02   1.2280300e-02
   4.3350000e+00   1.2262635e-02   1.2264262e-02   1.2264053e-02
   4.3450000e+00   1.2246409e-02   1.2247839e-02   1.2247866e-02
   4.3550000e+00   1.2239019e-02   1.2240212e-02   1.2240541e-02
   4.3650000e+00   1.2235477e-02   1.2236444e-02   1.2237064e-02
   4.3750000e+00   1.2232027e-02   1.2232804e-02   1.2233667e-02
   4.3850000e+00   1.2228667e-02   1.2229284e-02   1.2230349e-02
   4.3950000e+00   1.2237643e-02   1.2238100e-02   1.2239385e-02
   4.4050000e+00   1.2249754e-02   1.2250064e-02   1.2251555e-02
   4.4150000e+00   1.2261933e-02   1.2262113e-02   1.2263788e-02
   4.4250000e+00   1.2274179e-02   1.2274243e-02   1.2276084e-02
   4.4350000e+00   1.2286491e-02   1.2286451e-02   1.2288442e-02
   4.4450000e+00   1.2300324e-02   1.2300190e-02   1.2302320e-02
   4.4550000e+00   1.2327300e-02   1.2327077e-02   1.2329360e-02
   4.4650000e+00   1.2354300e-02   1.2353989e-02   1.2356424e-02
   4.4750000e+00   1.2381324e-02   1.2380927e-02   1.2383511e-02
   4.4850000e+00   1.2408372e-02   1.2407891e-02   1.2410621e-02
   4.4950000e+00   1.2435444e-02   1.2434879e-02   1.2437756e-02
   4.5050000e+00   1.2462539e-02   1.2461892e-02   1.2464913e-02
   4.5150000e+00   1.2494763e-02   1.2494075e-02   1.2497195e-02
   4.5250000e+00   1.2527015e-02   1.2526288e-02   1.2529504e-02
   4.5350000e+00   1.2559296e-02   1.2558530e-02   1.2561843e-02
   4.5450000e+00   1.2591606e-02   1.2590803e-02   1.2594209e-02
   4.5550000e+00   1.2622195e-02   1.2621412e-02   1.2624834e-02
   4.5650000e+00   1.2646608e-02   1.2645889e-02   1.2649260e-02
   4.5750000e+00   1.2665278e-02   1.2664655e-02   1.2667922e-02
   4.5850000e+00   1.2669287e-02   1.2668833e-02   1.2671876e-02
   4.5950000e+00   1.2658641e-02   1.2658435e-02   1.2661125e-02
   4.6050000e+00   1.2648095e-02   1.2648174e-02   1.2650461e-02
   4.6150000e+00   1.2637654e-02   1.2638062e-02   1.2639886e-02
   4.6250000e+00   1.2627322e-02   1.2628114e-02   1.2629400e-02
   4.6350000e+00   1.2617107e-02   1.2618349e-02   1.2619007e-02
   4.6450000e+00   1.2607018e-02   1.2608790e-02   1.2608710e-02
   4.6550000e+00   1.2597065e-02   1.2599464e-02   1.2598512e-02
   4.6650000e+00   1.2587263e-02   1.2590406e-02   1.2588418e-02
   4.6750000e+00   1.2577630e-02   1.2581661e-02   1.2578435e-02
   4.6850000e+00   1.2568187e-02   1.2573284e-02   1.2568571e-02
   4.6950000e+00   1.2558963e-02   1.2565343e-02   1.2558836e-02
   4.7050000e+00   1.2549997e-02   1.2557926e-02   1.2549245e-02
   4.7150000e+00   1.2541337e-02   1.2551144e-02   1.2539816e-02
   4.7250000e+00   1.2523393e-02   1.2534802e-02   1.2521191e-02
   4.7350000e+00   1.2499186e-02   1.2511926e-02   1.2496397e-02
   4.7450000e+00   1.2475103e-02   1.2489305e-02   1.2471667e-02
   4.7550000e+00   1.2451156e-02   1.2466968e-02   1.2447006e-02
   4.7650000e+00   1.2427360e-02   1.2444944e-02   1.2422419e-02
   4.7750000e+00   1.2403733e-02   1.2423269e-02   1.2397916e-02
   4.7850000e+00   1.2380291e-02   1.2401978e-02   1.2373501e-02
   4.7950000e+00   1.2357057e-02   1.2381120e-02   1.2349187e-02
   4.8050000e+00   1.2334057e-02   1.2360748e-02   1.2324983e-02
   4.8150000e+00   1.2311318e-02   1.2340912e-02   1.2300903e-02
   4.8250000e+00   1.2288873e-02   1.2321676e-02   1.2276960e-02
   4.8350000e+00   1.2266760e-02   1.2303120e-02   1.2253173e-02
   4.8450000e+00   1.2245020e-02   1.2285325e-02   1.2229560e-02
   4.8550000e+00   1.2223706e-02   1.2268391e-02   1.2206146e-02
   4.8650000e+00   1.2202876e-02   1.2252427e-02   1.2182958e-02
   4.8750000e+00   1.2182598e-02   1.2237556e-02   1.2160030e-02
   4.8850000e+00   1.2162935e-02   1.2223896e-02   1.2137392e-02
   4.8950000e+00   1.2143992e-02   1.2211647e-02   1.2115095e-02
   4.9050000e+00   1.2125177e-02   1.2199837e-02   1.2092728e-02
   4.9150000e+00   1.2100581e-02   1.2178512e-02   1.2066436e-02
   4.9250000e+00   1.2076152e-02   1.2157481e-02   1.2040232e-02
   4.9350000e+00   1.2051889e-02   1.2136758e-02   1.2014113e-02
   4.9450000e+00   1.2027803e-02   1.2116365e-02   1.1988088e-02
   4.9550000e+00   1.2003905e-02   1.2096315e-02   1.1962160e-02
   4.9650000e+00   1.1980212e-02   1.2076633e-02   1.1936338e-02
   4.9750000e+00   1.1956721e-02   1.2057308e-02   1.1910624e-02
   4.9850000e+00   1.1933425e-02   1.2038331e-02   1.1885015e-02
   4.9950000e+00   1.1910375e-02   1.2019808e-02   1.1859532e-02
