   3.0500000e-01   9.2923047e-01   9.3244713e-01   9.2574128e-01
   3.1500000e-01   9.2897560e-01   9.3219906e-01   9.2548090e-01
   3.2500000e-01   9.2872033e-01   9.3196225e-01   9.2520567e-01
   3.3500000e-01   9.2852482e-01   9.3177756e-01   9.2499781e-01
   3.4500000e-01   9.2828684e-01   9.3155558e-01   9.2474303e-01
   3.5500000e-01   9.2805905e-01   9.3133526e-01   9.2450754e-01
   3.6500000e-01   9.2798309e-01   9.3127087e-01   9.2441865e-01
   3.7500000e-01   9.2783615e-01   9.3112840e-01   9.2426711e-01
   3.8500000e-01   9.2770180e-01   9.3100192e-01   9.2412410e-01
   3.9500000e-01   9.2757330e-01   9.3088366e-01   9.2398482e-01
   4.0500000e-01   9.2750572e-01   9.3082389e-01   9.2390919e-01
   4.1500000e-01   9.2739843e-01   9.3072589e-01   9.2379211e-01
   4.2500000e-01   9.2737035e-01   9.3070296e-01   9.2375819e-01
   4.3500000e-01   9.2734070e-01   9.3067967e-01   9.2372144e-01
   4.4500000e-01   9.2728700e-01   9.3062945e-01   9.2366415e-01
   4.5500000e-01   9.2720416e-01   9.3055443e-01   9.2357340e-01
   4.6500000e-01   9.2716166e-01   9.3051090e-01   9.2353182e-01
   4.7500000e-01   9.2713055e-01   9.3048990e-01   9.2349008e-01
   4.8500000e-01   9.2713393e-01   9.3049387e-01   9.2349215e-01
   4.9500000e-01   9.2701141e-01   9.3037933e-01   9.2336135e-01
   5.0500000e-01   9.2690548e-01   9.3027402e-01   9.2325492e-01
   5.1500000e-01   9.2685864e-01   9.3023214e-01   9.2320226e-01
   5.2500000e-01   9.2676003e-01   9.3013821e-01   9.2309817e-01
   5.3500000e-01   9.2657545e-01   9.2994948e-01   9.2291998e-01
   5.4500000e-01   9.2637662e-01   9.2976687e-01   9.2270364e-01
   5.5500000e-01   9.2616593e-01   9.2955406e-01   9.2249538e-01
   5.6500000e-01   9.2607601e-01   9.2947082e-01   9.2239827e-01
   5.7500000e-01   9.2585210e-01   9.2924289e-01   9.2217817e-01
   5.8500000e-01   9.2564429e-01   9.2905167e-01   9.2195195e-01
   5.9500000e-01   9.2546855e-01   9.2887438e-01   9.2177898e-01
   6.0500000e-01   9.2511781e-01   9.2851732e-01   9.2143325e-01
   6.1500000e-01   9.2446357e-01   9.2788134e-01   9.2076470e-01
   6.2500000e-01   9.2413468e-01   9.2755356e-01   9.2042926e-01
   6.3500000e-01   9.2367383e-01   9.2708788e-01   9.1997499e-01
   6.4500000e-01   9.2300693e-01   9.2641895e-01   9.1931223e-01
   6.5500000e-01   9.2229771e-01   9.2571581e-01   9.1859406e-01
   6.6500000e-01   9.2179883e-01   9.2523378e-01   9.1807755e-01
   6.7500000e-01   9.2118448e-01   9.2463005e-01   9.1745474e-01
   6.8500000e-01   9.2080538e-01   9.2423193e-01   9.1708909e-01
   6.9500000e-01   9.1939841e-01   9.2282501e-01   9.1568911e-01
   7.0500000e-01   9.1833355e-01   9.2177660e-01   9.1460360e-01
   7.1500000e-01   9.1679993e-01   9.2027529e-01   9.1303714e-01
   7.2500000e-01   9.1595608e-01   9.1942555e-01   9.1219801e-01
   7.3500000e-01   9.1491749e-01   9.1838030e-01   9.1116991e-01
   7.4500000e-01   9.1283250e-01   9.1630770e-01   9.0907176e-01
   7.5500000e-01   9.1054074e-01   9.1402493e-01   9.0676752e-01
   7.6500000e-01   9.0764180e-01   9.1115351e-01   9.0384319e-01
   7.7500000e-01   9.0425151e-01   9.0779717e-01   9.0041636e-01
   7.8500000e-01   9.0091963e-01   9.0448072e-01   8.9706688e-01
   7.9500000e-01   8.9756215e-01   9.0116098e-01   8.9367835e-01
   8.0500000e-01   8.9523136e-01   8.9883113e-01   8.9134395e-01
   8.1500000e-01   8.9533562e-01   8.9896148e-01   8.9142103e-01
   8.2500000e-01   8.9482044e-01   8.9844242e-01   8.9090588e-01
   8.3500000e-01   8.9395226e-01   8.9751844e-01   8.9009310e-01
   8.4500000e-01   8.9068221e-01   8.9422059e-01   8.8684388e-01
   8.5500000e-01   8.8583837e-01   8.8957678e-01   8.8180419e-01
   8.6500000e-01   8.7876968e-01   8.8259677e-01   8.7464684e-01
   8.7500000e-01   8.6961822e-01   8.7357659e-01   8.6536054e-01
   8.8500000e-01   8.6055925e-01   8.6462593e-01   8.5618277e-01
   8.9500000e-01   8.5466243e-01   8.5876134e-01   8.5025707e-01
   9.0500000e-01   8.5131136e-01   8.5545114e-01   8.4687519e-01
   9.1500000e-01   8.4906248e-01   8.5331555e-01   8.4449867e-01
   9.2500000e-01   8.4516573e-01   8.4946718e-01   8.4055866e-01
   9.3500000e-01   8.4096043e-01   8.4530524e-01   8.3630519e-01
   9.4500000e-01   8.3571992e-01   8.4014358e-01   8.3098890e-01
   9.5500000e-01   8.2553584e-01   8.3018380e-01   8.2056433e-01
   9.6500000e-01   8.0973324e-01   8.1466454e-01   8.0448130e-01
   9.7500000e-01   7.9379332e-01   7.9900701e-01   7.8824588e-01
   9.8500000e-01   7.7839668e-01   7.8387432e-01   7.7256288e-01
   9.9500000e-01   7.6049229e-01   7.6627055e-01   7.5436468e-01
   1.0050000e+00   7.4097802e-01   7.4721958e-01   7.3434915e-01
   1.0150000e+00   7.2362555e-01   7.3020002e-01   7.1667011e-01
   1.0250000e+00   7.1625289e-01   7.2292575e-01   7.0918150e-01
   1.0350000e+00   7.1567181e-01   7.2242694e-01   7.0851867e-01
   1.0450000e+00   7.2027957e-01   7.2688140e-01   7.1329492e-01
   1.0550000e+00   7.3137868e-01   7.3775883e-01   7.2461448e-01
   1.0650000e+00   7.4268164e-01   7.4888158e-01   7.3609645e-01
   1.0750000e+00   7.4940351e-01   7.5545119e-01   7.4299770e-01
   1.0850000e+00   7.5363348e-01   7.5967218e-01   7.4722583e-01
   1.0950000e+00   7.5550050e-01   7.6149724e-01   7.4913762e-01
   1.1050000e+00   7.5549277e-01   7.6150775e-01   7.4910708e-01
   1.1150000e+00   7.5251689e-01   7.5853994e-01   7.4613643e-01
   1.1250000e+00   7.4589772e-01   7.5204867e-01   7.3936934e-01
   1.1350000e+00   7.3495414e-01   7.4130665e-01   7.2822491e-01
   1.1450000e+00   7.2975636e-01   7.3620490e-01   7.2291769e-01
   1.1550000e+00   7.1159319e-01   7.1834965e-01   7.0444588e-01
   1.1650000e+00   6.8213984e-01   6.8951315e-01   6.7435334e-01
   1.1750000e+00   6.5270575e-01   6.6046191e-01   6.4451903e-01
   1.1850000e+00   6.2618170e-01   6.3437234e-01   6.1754841e-01
   1.1950000e+00   6.0214521e-01   6.1062388e-01   5.9322778e-01
   1.2050000e+00   5.7207731e-01   5.8100369e-01   5.6270004e-01
   1.2150000e+00   5.4014261e-01   5.4934356e-01   5.3049913e-01
   1.2250000e+00   5.2052622e-01   5.2996936e-01   5.1064278e-01
   1.2350000e+00   5.0726177e-01   5.1677694e-01   4.9730287e-01
   1.2450000e+00   4.9743766e-01   5.0704047e-01   4.8739572e-01
   1.2550000e+00   4.9238643e-01   5.0204635e-01   4.8228806e-01
   1.2650000e+00   4.8978027e-01   4.9944666e-01   4.7967645e-01
   1.2750000e+00   4.9013526e-01   4.9978150e-01   4.8005584e-01
   1.2850000e+00   4.9357666e-01   5.0321115e-01   4.8350202e-01
   1.2950000e+00   4.9529961e-01   5.0491887e-01   4.8524518e-01
   1.3050000e+00   4.9695445e-01   5.0655769e-01   4.8691530e-01
   1.3150000e+00   4.9820748e-01   5.0781389e-01   4.8816475e-01
   1.3250000e+00   4.9881550e-01   5.0841097e-01   4.8878262e-01
   1.3350000e+00   4.9866180e-01   5.0825765e-01   4.8862757e-01
   1.3450000e+00   4.9601266e-01   5.0564070e-01   4.8594883e-01
   1.3550000e+00   4.9212975e-01   5.0178717e-01   4.8203364e-01
   1.3650000e+00   4.8824468e-01   4.9792296e-01   4.7812716e-01
   1.3750000e+00   4.7991165e-01   4.8962445e-01   4.6977108e-01
   1.3850000e+00   4.6749916e-01   4.7731716e-01   4.5724951e-01
   1.3950000e+00   4.4906401e-01   4.5894101e-01   4.3876837e-01
   1.4050000e+00   3.8511971e-01   3.9509351e-01   3.7477259e-01
   1.4150000e+00   2.9237664e-01   3.0195712e-01   2.8252512e-01
   1.4250000e+00   2.0817062e-01   2.1662036e-01   1.9956231e-01
   1.4350000e+00   1.4901128e-01   1.5611727e-01   1.4184048e-01
   1.4450000e+00   1.1108336e-01   1.1699914e-01   1.0516070e-01
   1.4550000e+00   8.1021454e-02   8.5741097e-02   7.6335795e-02
   1.4650000e+00   5.9933450e-02   6.3645709e-02   5.6276713e-02
   1.4750000e+00   4.6475574e-02   4.9446414e-02   4.3568904e-02
   1.4850000e+00   3.9266693e-02   4.1793872e-02   3.6805733e-02
   1.4950000e+00   3.6700171e-02   3.9060569e-02   3.4406093e-02
   1.5050000e+00   3.8074467e-02   4.0524449e-02   3.5690589e-02
   1.5150000e+00   4.0034922e-02   4.2612163e-02   3.7523780e-02
   1.5250000e+00   4.2058026e-02   4.4762956e-02   3.9418711e-02
   1.5350000e+00   4.4937296e-02   4.7817522e-02   4.2122043e-02
   1.5450000e+00   4.8513742e-02   5.1607461e-02   4.5483435e-02
   1.5550000e+00   5.2591880e-02   5.5916304e-02   4.9328542e-02
   1.5650000e+00   5.7348055e-02   6.0929188e-02   5.3824484e-02
   1.5750000e+00   6.3193568e-02   6.7081424e-02   5.9358705e-02
   1.5850000e+00   7.0061543e-02   7.4287971e-02   6.5881380e-02
   1.5950000e+00   7.5277954e-02   7.9747288e-02   7.0848802e-02
   1.6050000e+00   8.0350650e-02   8.5051494e-02   7.5684776e-02
   1.6150000e+00   8.5398487e-02   9.0317448e-02   8.0508327e-02
   1.6250000e+00   8.8514128e-02   9.3565976e-02   8.3487241e-02
   1.6350000e+00   9.1725308e-02   9.6911427e-02   8.6561310e-02
   1.6450000e+00   9.5249401e-02   1.0058039e-01   8.9934771e-02
   1.6550000e+00   9.9353680e-02   1.0484934e-01   9.3869385e-02
   1.6650000e+00   1.0420093e-01   1.0986860e-01   9.8536476e-02
   1.6750000e+00   1.0955698e-01   1.1543144e-01   1.0368001e-01
   1.6850000e+00   1.1482080e-01   1.2087920e-01   1.0875173e-01
   1.6950000e+00   1.1986633e-01   1.2608833e-01   1.1362438e-01
   1.7050000e+00   1.2503331e-01   1.3144283e-01   1.1859972e-01
   1.7150000e+00   1.3023602e-01   1.3680488e-01   1.2363279e-01
   1.7250000e+00   1.3565276e-01   1.4238651e-01   1.2887799e-01
   1.7350000e+00   1.4040888e-01   1.4729398e-01   1.3347434e-01
   1.7450000e+00   1.4406913e-01   1.5104482e-01   1.3703827e-01
   1.7550000e+00   1.4804379e-01   1.5515341e-01   1.4087343e-01
   1.7650000e+00   1.5145663e-01   1.5865321e-01   1.4419336e-01
   1.7750000e+00   1.5429902e-01   1.6157119e-01   1.4695599e-01
   1.7850000e+00   1.5713560e-01   1.6446763e-01   1.4972787e-01
   1.7950000e+00   1.6030741e-01   1.6774904e-01   1.5278623e-01
   1.8050000e+00   1.6371064e-01   1.7122726e-01   1.5610979e-01
   1.8150000e+00   1.6774985e-01   1.7537961e-01   1.6002897e-01
   1.8250000e+00   1.7187918e-01   1.7959977e-01   1.6406184e-01
   1.8350000e+00   1.7389031e-01   1.8165292e-01   1.6602619e-01
   1.8450000e+00   1.7257453e-01   1.8031188e-01   1.6473847e-01
   1.8550000e+00   1.6806582e-01   1.7568121e-01   1.6035748e-01
   1.8650000e+00   1.5520308e-01   1.6252856e-01   1.4780829e-01
   1.8750000e+00   1.3227180e-01   1.3891842e-01   1.2558888e-01
   1.8850000e+00   1.0900851e-01   1.1486866e-01   1.0314681e-01
   1.8950000e+00   8.4421695e-02   8.9322989e-02   7.9552295e-02
   1.9050000e+00   6.3525804e-02   6.7446628e-02   5.9657950e-02
   1.9150000e+00   4.4379071e-02   4.7253312e-02   4.1569598e-02
   1.9250000e+00   3.3327545e-02   3.5500159e-02   3.1220887e-02
   1.9350000e+00   2.5587888e-02   2.7203755e-02   2.4034355e-02
   1.9450000e+00   2.1144225e-02   2.2404418e-02   1.9941532e-02
   1.9550000e+00   1.8541196e-02   1.9574750e-02   1.7560983e-02
   1.9650000e+00   1.6997633e-02   1.7887994e-02   1.6157302e-02
   1.9750000e+00   1.6211385e-02   1.7026370e-02   1.5444472e-02
   1.9850000e+00   1.5833005e-02   1.6611530e-02   1.5101538e-02
   1.9950000e+00   1.5778685e-02   1.6553318e-02   1.5051016e-02
   2.0050000e+00   1.5917961e-02   1.6708186e-02   1.5175105e-02
   2.0150000e+00   1.6270749e-02   1.7097910e-02   1.5491932e-02
   2.0250000e+00   1.6716778e-02   1.7589337e-02   1.5893751e-02
   2.0350000e+00   1.7272970e-02   1.8200035e-02   1.6396733e-02
   2.0450000e+00   1.8067648e-02   1.9071043e-02   1.7116858e-02
   2.0550000e+00   1.9282166e-02   2.0396407e-02   1.8222723e-02
   2.0650000e+00   2.0853621e-02   2.2105345e-02   1.9659129e-02
   2.0750000e+00   2.3142885e-02   2.4584664e-02   2.1761153e-02
   2.0850000e+00   2.6096921e-02   2.7770833e-02   2.4485764e-02
   2.0950000e+00   3.0071887e-02   3.2036316e-02   2.8172254e-02
   2.1050000e+00   3.5466296e-02   3.7800555e-02   3.3198247e-02
   2.1150000e+00   4.1093691e-02   4.3788526e-02   3.8464873e-02
   2.1250000e+00   4.8621273e-02   5.1762676e-02   4.5543119e-02
   2.1350000e+00   5.7008877e-02   6.0616237e-02   5.3460866e-02
   2.1450000e+00   6.5683888e-02   6.9730659e-02   6.1688623e-02
   2.1550000e+00   7.4748045e-02   7.9228236e-02   7.0310653e-02
   2.1650000e+00   8.3528921e-02   8.8399606e-02   7.8691145e-02
   2.1750000e+00   9.2418129e-02   9.7670672e-02   8.7188541e-02
   2.1850000e+00   1.0061598e-01   1.0617731e-01   9.5065344e-02
   2.1950000e+00   1.0835556e-01   1.1421240e-01   1.0250118e-01
   2.2050000e+00   1.1488082e-01   1.2097540e-01   1.0877984e-01
   2.2150000e+00   1.2227807e-01   1.2862031e-01   1.1591479e-01
   2.2250000e+00   1.2858941e-01   1.3514258e-01   1.2200708e-01
   2.2350000e+00   1.3386700e-01   1.4057814e-01   1.2712009e-01
   2.2450000e+00   1.3730045e-01   1.4412480e-01   1.3043605e-01
   2.2550000e+00   1.3571079e-01   1.4248227e-01   1.2890240e-01
   2.2650000e+00   1.3244653e-01   1.3912787e-01   1.2573031e-01
   2.2750000e+00   1.2556403e-01   1.3201224e-01   1.1909193e-01
   2.2850000e+00   1.1754717e-01   1.2373139e-01   1.1134844e-01
   2.2950000e+00   1.0811193e-01   1.1395984e-01   1.0226301e-01
   2.3050000e+00   9.8088045e-02   1.0356280e-01   9.2629236e-02
   2.3150000e+00   8.8884182e-02   9.3968483e-02   8.3824083e-02
   2.3250000e+00   8.0626197e-02   8.5391985e-02   7.5897966e-02
   2.3350000e+00   7.3455834e-02   7.7895687e-02   6.9061676e-02
   2.3450000e+00   6.7346929e-02   7.1494267e-02   6.3249702e-02
   2.3550000e+00   6.2402553e-02   6.6304104e-02   5.8556919e-02
   2.3650000e+00   5.8711341e-02   6.2437272e-02   5.5043811e-02
   2.3750000e+00   5.5694588e-02   5.9251784e-02   5.2196264e-02
   2.3850000e+00   5.3501479e-02   5.6942276e-02   5.0121044e-02
   2.3950000e+00   5.1613641e-02   5.4953789e-02   4.8334728e-02
   2.4050000e+00   4.9963137e-02   5.3219333e-02   4.6769514e-02
   2.4150000e+00   4.8490860e-02   5.1655554e-02   4.5388212e-02
   2.4250000e+00   4.7208859e-02   5.0306881e-02   4.4174152e-02
   2.4350000e+00   4.5822111e-02   4.8844404e-02   4.2863416e-02
   2.4450000e+00   4.4362369e-02   4.7296974e-02   4.1490981e-02
   2.4550000e+00   4.3031930e-02   4.5902292e-02   4.0226495e-02
   2.4650000e+00   4.1683519e-02   4.4469452e-02   3.8962574e-02
   2.4750000e+00   4.0480082e-02   4.3194318e-02   3.7830780e-02
   2.4850000e+00   3.9337397e-02   4.1983710e-02   3.6755939e-02
   2.4950000e+00   3.8214374e-02   4.0794952e-02   3.5698559e-02
   2.5050000e+00   3.7444163e-02   3.9977951e-02   3.4974744e-02
   2.5150000e+00   3.6945695e-02   3.9455399e-02   3.4501172e-02
   2.5250000e+00   3.6646558e-02   3.9139362e-02   3.4218454e-02
   2.5350000e+00   3.6613693e-02   3.9110548e-02   3.4182309e-02
   2.5450000e+00   3.6509562e-02   3.8995494e-02   3.4087730e-02
   2.5550000e+00   3.6719714e-02   3.9217393e-02   3.4284603e-02
   2.5650000e+00   3.7206800e-02   3.9739243e-02   3.4737285e-02
   2.5750000e+00   3.7242607e-02   3.9781096e-02   3.4768515e-02
   2.5850000e+00   3.7157653e-02   3.9699859e-02   3.4679322e-02
   2.5950000e+00   3.6456374e-02   3.8949026e-02   3.4025441e-02
   2.6050000e+00   3.5214916e-02   3.7636351e-02   3.2855844e-02
   2.6150000e+00   3.3623552e-02   3.5950310e-02   3.1360103e-02
   2.6250000e+00   3.0494082e-02   3.2622621e-02   2.8427104e-02
   2.6350000e+00   2.6483871e-02   2.8350036e-02   2.4677033e-02
   2.6450000e+00   2.3277663e-02   2.4926439e-02   2.1685987e-02
   2.6550000e+00   2.0654243e-02   2.2117822e-02   1.9245069e-02
   2.6650000e+00   1.8499329e-02   1.9809035e-02   1.7241553e-02
   2.6750000e+00   1.6677461e-02   1.7852998e-02   1.5551221e-02
   2.6850000e+00   1.2023101e-02   1.2821907e-02   1.1264712e-02
   2.6950000e+00   9.3963414e-03   9.9672481e-03   8.8591595e-03
   2.7050000e+00   7.7506582e-03   8.1727090e-03   7.3569509e-03
   2.7150000e+00   6.6361260e-03   6.9558341e-03   6.3403079e-03
   2.7250000e+00   5.8309961e-03   6.0781780e-03   5.6040557e-03
   2.7350000e+00   4.4431091e-03   4.5389414e-03   4.3578548e-03
   2.7450000e+00   3.8467017e-03   3.8911762e-03   3.8079617e-03
   2.7550000e+00   3.4491238e-03   3.4732176e-03   3.4283015e-03
   2.7650000e+00   3.1195219e-03   3.1346276e-03   3.1063982e-03
   2.7750000e+00   2.8211097e-03   2.8319202e-03   2.8115802e-03
   2.7850000e+00   2.4798517e-03   2.4869486e-03   2.4733578e-03
   2.7950000e+00   2.1515896e-03   2.1574305e-03   2.1460854e-03
   2.8050000e+00   1.8621922e-03   1.8677669e-03   1.8568904e-03
   2.8150000e+00   1.6156042e-03   1.6212520e-03   1.6102311e-03
   2.8250000e+00   1.4382554e-03   1.4439451e-03   1.4328190e-03
   2.8350000e+00   1.3817437e-03   1.3872864e-03   1.3764064e-03
   2.8450000e+00   1.5273837e-03   1.5327627e-03   1.5221667e-03
   2.8550000e+00   1.9646231e-03   1.9700847e-03   1.9593059e-03
   2.8650000e+00   2.7362543e-03   2.7420000e-03   2.7306559e-03
   2.8750000e+00   4.1273412e-03   4.1333654e-03   4.1214800e-03
   2.8850000e+00   5.9492713e-03   5.9553142e-03   5.9434088e-03
   2.8950000e+00   8.3011800e-03   8.3068044e-03   8.2957487e-03
   2.9050000e+00   1.0737374e-02   1.0742190e-02   1.0732754e-02
   2.9150000e+00   1.3257868e-02   1.3261593e-02   1.3254339e-02
   2.9250000e+00   1.5272729e-02   1.5275253e-02   1.5270393e-02
   2.9350000e+00   1.7247328e-02   1.7248613e-02   1.7246221e-02
   2.9450000e+00   1.8551612e-02   1.8551916e-02   1.8551477e-02
   2.9550000e+00   1.9971605e-02   1.9970884e-02   1.9972485e-02
   2.9650000e+00   2.1482756e-02   2.1480969e-02   2.1484692e-02
   2.9750000e+00   2.3226723e-02   2.3223721e-02   2.3229864e-02
   2.9850000e+00   2.5070996e-02   2.5066692e-02   2.5075428e-02
   2.9950000e+00   2.7348232e-02   2.7342257e-02   2.7354319e-02
   3.0050000e+00   2.9709611e-02   2.9701839e-02   2.9717477e-02
   3.0150000e+00   3.2206037e-02   3.2196218e-02   3.2215930e-02
   3.0250000e+00   3.4753209e-02   3.4741178e-02   3.4765291e-02
   3.0350000e+00   3.7365128e-02   3.7350670e-02   3.7379611e-02
   3.0450000e+00   3.9957154e-02   3.9940060e-02   3.9974250e-02
   3.0550000e+00   4.2633574e-02   4.2613572e-02   4.2653548e-02
   3.0650000e+00   4.3800024e-02   4.3778087e-02   4.3821919e-02
   3.0750000e+00   4.4668202e-02   4.4644568e-02   4.4691783e-02
   3.0850000e+00   4.4257359e-02   4.4233217e-02   4.4281450e-02
   3.0950000e+00   4.3899928e-02   4.3875359e-02   4.3924449e-02
   3.1050000e+00   4.2807311e-02   4.2783174e-02   4.2831411e-02
   3.1150000e+00   4.1928557e-02   4.1904756e-02   4.1952330e-02
   3.1250000e+00   4.1281580e-02   4.1258055e-02   4.1305085e-02
   3.1350000e+00   4.0820582e-02   4.0797208e-02   4.0843942e-02
   3.1450000e+00   4.0284384e-02   4.0261274e-02   4.0307484e-02
   3.1550000e+00   3.9921518e-02   3.9898553e-02   3.9944479e-02
   3.1650000e+00   3.9115716e-02   3.9093340e-02   3.9138097e-02
   3.1750000e+00   3.8493158e-02   3.8471236e-02   3.8515092e-02
   3.1850000e+00   3.7353178e-02   3.7332220e-02   3.7374158e-02
   3.1950000e+00   3.6372932e-02   3.6352811e-02   3.6393082e-02
   3.2050000e+00   3.5132972e-02   3.5113939e-02   3.5152044e-02
   3.2150000e+00   3.3991317e-02   3.3973289e-02   3.4009391e-02
   3.2250000e+00   3.2982578e-02   3.2965432e-02   3.2999778e-02
   3.2350000e+00   3.2017965e-02   3.2001664e-02   3.2034327e-02
   3.2450000e+00   3.1235634e-02   3.1220013e-02   3.1251321e-02
   3.2550000e+00   3.0497623e-02   3.0482643e-02   3.0512672e-02
   3.2650000e+00   2.9668911e-02   2.9654655e-02   2.9683243e-02
   3.2750000e+00   2.8839791e-02   2.8826259e-02   2.8853405e-02
   3.2850000e+00   2.8120465e-02   2.8107553e-02   2.8133463e-02
   3.2950000e+00   2.7466238e-02   2.7453884e-02   2.7478682e-02
   3.3050000e+00   2.6877696e-02   2.6865844e-02   2.6889641e-02
   3.3150000e+00   2.6355664e-02   2.6344259e-02   2.6367166e-02
   3.3250000e+00   2.5847332e-02   2.5836362e-02   2.5858401e-02
   3.3350000e+00   2.5356865e-02   2.5346314e-02   2.5367520e-02
   3.3450000e+00   2.4873197e-02   2.4863059e-02   2.4883441e-02
   3.3550000e+00   2.4408274e-02   2.4398531e-02   2.4418125e-02
   3.3650000e+00   2.3948677e-02   2.3939326e-02   2.3958139e-02
   3.3750000e+00   2.3518748e-02   2.3509762e-02   2.3527849e-02
   3.3850000e+00   2.3098240e-02   2.3089612e-02   2.3106987e-02
   3.3950000e+00   2.2706983e-02   2.2698687e-02   2.2715400e-02
   3.4050000e+00   2.2344067e-02   2.2336082e-02   2.2352178e-02
   3.4150000e+00   2.1991279e-02   2.1983601e-02   2.1999088e-02
   3.4250000e+00   2.1672536e-02   2.1665146e-02   2.1680066e-02
   3.4350000e+00   2.1355398e-02   2.1348314e-02   2.1362636e-02
   3.4450000e+00   2.1063909e-02   2.1057136e-02   2.1070858e-02
   3.4550000e+00   2.0776425e-02   2.0770018e-02   2.0783045e-02
   3.4650000e+00   2.0504251e-02   2.0498285e-02   2.0510490e-02
   3.4750000e+00   2.0247254e-02   2.0241845e-02   2.0253027e-02
   3.4850000e+00   1.9993846e-02   1.9989242e-02   1.9998964e-02
   3.4950000e+00   1.9760140e-02   1.9756509e-02   1.9764470e-02
   3.5050000e+00   1.9528466e-02   1.9526278e-02   1.9531637e-02
   3.5150000e+00   1.9314314e-02   1.9314020e-02   1.9315960e-02
   3.5250000e+00   1.9113013e-02   1.9115219e-02   1.9112636e-02
   3.5350000e+00   1.8917750e-02   1.8923512e-02   1.8914475e-02
   3.5450000e+00   1.8741464e-02   1.8751163e-02   1.8734946e-02
   3.5550000e+00   1.8571034e-02   1.8586083e-02   1.8560072e-02
   3.5650000e+00   1.8420446e-02   1.8441067e-02   1.8404813e-02
   3.5750000e+00   1.8283222e-02   1.8309522e-02   1.8262788e-02
   3.5850000e+00   1.8152021e-02   1.8185299e-02   1.8125648e-02
   3.5950000e+00   1.8028744e-02   1.8070658e-02   1.7994964e-02
   3.6050000e+00   1.7915546e-02   1.7968108e-02   1.7872562e-02
   3.6150000e+00   1.7815859e-02   1.7881696e-02   1.7761310e-02
   3.6250000e+00   1.7732208e-02   1.7813296e-02   1.7664257e-02
   3.6350000e+00   1.7644798e-02   1.7731754e-02   1.7571650e-02
   3.6450000e+00   1.7560131e-02   1.7653452e-02   1.7481338e-02
   3.6550000e+00   1.7477670e-02   1.7577611e-02   1.7392975e-02
   3.6650000e+00   1.7398408e-02   1.7505573e-02   1.7307277e-02
   3.6750000e+00   1.7322065e-02   1.7436816e-02   1.7224135e-02
   3.6850000e+00   1.7249288e-02   1.7372240e-02   1.7144000e-02
   3.6950000e+00   1.7179814e-02   1.7311411e-02   1.7066747e-02
   3.7050000e+00   1.7114746e-02   1.7255654e-02   1.6993269e-02
   3.7150000e+00   1.7053729e-02   1.7204507e-02   1.6923313e-02
   3.7250000e+00   1.6997649e-02   1.7159077e-02   1.6857580e-02
   3.7350000e+00   1.6926201e-02   1.7094161e-02   1.6780164e-02
   3.7450000e+00   1.6811694e-02   1.6975989e-02   1.6668958e-02
   3.7550000e+00   1.6697455e-02   1.6858106e-02   1.6558008e-02
   3.7650000e+00   1.6584171e-02   1.6741255e-02   1.6447918e-02
   3.7750000e+00   1.6471653e-02   1.6625313e-02   1.6338472e-02
   3.7850000e+00   1.6341635e-02   1.6485194e-02   1.6217577e-02
   3.7950000e+00   1.6216307e-02   1.6350379e-02   1.6100770e-02
   3.8050000e+00   1.6096089e-02   1.6221581e-02   1.5988249e-02
   3.8150000e+00   1.5979448e-02   1.6096885e-02   1.5878814e-02
   3.8250000e+00   1.5867110e-02   1.5977240e-02   1.5772992e-02
   3.8350000e+00   1.5757545e-02   1.5860758e-02   1.5669571e-02
   3.8450000e+00   1.5651278e-02   1.5748202e-02   1.5568892e-02
   3.8550000e+00   1.5555016e-02   1.5644447e-02   1.5479266e-02
   3.8650000e+00   1.5464403e-02   1.5546565e-02   1.5395064e-02
   3.8750000e+00   1.5377870e-02   1.5453527e-02   1.5314254e-02
   3.8850000e+00   1.5294407e-02   1.5364105e-02   1.5236017e-02
   3.8950000e+00   1.5214080e-02   1.5278405e-02   1.5160384e-02
   3.9050000e+00   1.5136120e-02   1.5195496e-02   1.5086730e-02
   3.9150000e+00   1.5060560e-02   1.5115469e-02   1.5015049e-02
   3.9250000e+00   1.4987073e-02   1.5037916e-02   1.4945079e-02
   3.9350000e+00   1.4915234e-02   1.4962318e-02   1.4876482e-02
   3.9450000e+00   1.4845163e-02   1.4888852e-02   1.4809328e-02
   3.9550000e+00   1.4776425e-02   1.4816983e-02   1.4743274e-02
   3.9650000e+00   1.4709079e-02   1.4746790e-02   1.4678358e-02
   3.9750000e+00   1.4651133e-02   1.4685898e-02   1.4622924e-02
   3.9850000e+00   1.4600130e-02   1.4632037e-02   1.4574350e-02
   3.9950000e+00   1.4550418e-02   1.4579750e-02   1.4526820e-02
   4.0050000e+00   1.4501765e-02   1.4528743e-02   1.4480151e-02
   4.0150000e+00   1.4454113e-02   1.4478961e-02   1.4434291e-02
   4.0250000e+00   1.4407341e-02   1.4430256e-02   1.4389139e-02
   4.0350000e+00   1.4361340e-02   1.4382493e-02   1.4344610e-02
   4.0450000e+00   1.4316054e-02   1.4335606e-02   1.4300656e-02
   4.0550000e+00   1.4271369e-02   1.4289457e-02   1.4257185e-02
   4.0650000e+00   1.4227255e-02   1.4244012e-02   1.4214173e-02
   4.0750000e+00   1.4183660e-02   1.4199203e-02   1.4171576e-02
   4.0850000e+00   1.4140499e-02   1.4154929e-02   1.4129330e-02
   4.0950000e+00   1.4097759e-02   1.4111173e-02   1.4087421e-02
   4.1050000e+00   1.4061167e-02   1.4073630e-02   1.4051606e-02
   4.1150000e+00   1.4028765e-02   1.4040342e-02   1.4019924e-02
   4.1250000e+00   1.3996681e-02   1.4007447e-02   1.3988497e-02
   4.1350000e+00   1.3964875e-02   1.3974899e-02   1.3957293e-02
   4.1450000e+00   1.3933333e-02   1.3942677e-02   1.3926298e-02
   4.1550000e+00   1.3902031e-02   1.3910752e-02   1.3895496e-02
   4.1650000e+00   1.3870941e-02   1.3879090e-02   1.3864864e-02
   4.1750000e+00   1.3840050e-02   1.3847672e-02   1.3834392e-02
   4.1850000e+00   1.3809344e-02   1.3816484e-02   1.3804069e-02
   4.1950000e+00   1.3778804e-02   1.3785500e-02   1.3773881e-02
   4.2050000e+00   1.3748422e-02   1.3754709e-02   1.3743820e-02
   4.2150000e+00   1.3718183e-02   1.3724094e-02   1.3713875e-02
   4.2250000e+00   1.3688079e-02   1.3693645e-02   1.3684041e-02
   4.2350000e+00   1.3658101e-02   1.3663350e-02   1.3654310e-02
   4.2450000e+00   1.3634181e-02   1.3638959e-02   1.3630759e-02
   4.2550000e+00   1.3614493e-02   1.3618748e-02   1.3611481e-02
   4.2650000e+00   1.3595087e-02   1.3598887e-02   1.3592428e-02
   4.2750000e+00   1.3575926e-02   1.3579331e-02   1.3573574e-02
   4.2850000e+00   1.3556984e-02   1.3560044e-02   1.3554898e-02
   4.2950000e+00   1.3538238e-02   1.3540996e-02   1.3536382e-02
   4.3050000e+00   1.3519668e-02   1.3522163e-02   1.3518010e-02
   4.3150000e+00   1.3501257e-02   1.3503524e-02   1.3499772e-02
   4.3250000e+00   1.3482993e-02   1.3485059e-02   1.3481657e-02
   4.3350000e+00   1.3464862e-02   1.3466754e-02   1.3463656e-02
   4.3450000e+00   1.3446855e-02   1.3448594e-02   1.3445760e-02
   4.3550000e+00   1.3438467e-02   1.3440034e-02   1.3437502e-02
   4.3650000e+00   1.3434304e-02   1.3435706e-02   1.3433461e-02
   4.3750000e+00   1.3430286e-02   1.3431548e-02   1.3429547e-02
   4.3850000e+00   1.3426404e-02   1.3427545e-02   1.3425754e-02
   4.3950000e+00   1.3436022e-02   1.3437054e-02   1.3435456e-02
   4.4050000e+00   1.3449086e-02   1.3450020e-02   1.3448595e-02
   4.4150000e+00   1.3462246e-02   1.3463092e-02   1.3461822e-02
   4.4250000e+00   1.3475496e-02   1.3476265e-02   1.3475132e-02
   4.4350000e+00   1.3488834e-02   1.3489534e-02   1.3488523e-02
   4.4450000e+00   1.3503849e-02   1.3504488e-02   1.3503585e-02
   4.4550000e+00   1.3533252e-02   1.3533846e-02   1.3533026e-02
   4.4650000e+00   1.3562682e-02   1.3563233e-02   1.3562493e-02
   4.4750000e+00   1.3592141e-02   1.3592650e-02   1.3591988e-02
   4.4850000e+00   1.3621626e-02   1.3622094e-02   1.3621510e-02
   4.4950000e+00   1.3651139e-02   1.3651567e-02   1.3651057e-02
   4.5050000e+00   1.3680679e-02   1.3681068e-02   1.3680631e-02
   4.5150000e+00   1.3715881e-02   1.3716268e-02   1.3715844e-02
   4.5250000e+00   1.3751116e-02   1.3751501e-02   1.3751087e-02
   4.5350000e+00   1.3786384e-02   1.3786768e-02   1.3786363e-02
   4.5450000e+00   1.3821684e-02   1.3822068e-02   1.3821670e-02
   4.5550000e+00   1.3855173e-02   1.3855597e-02   1.3855136e-02
   4.5650000e+00   1.3881959e-02   1.3882448e-02   1.3881879e-02
   4.5750000e+00   1.3902503e-02   1.3903075e-02   1.3902365e-02
   4.5850000e+00   1.3907098e-02   1.3907790e-02   1.3906870e-02
   4.5950000e+00   1.3895760e-02   1.3896613e-02   1.3895407e-02
   4.6050000e+00   1.3884578e-02   1.3885616e-02   1.3884080e-02
   4.6150000e+00   1.3873566e-02   1.3874820e-02   1.3872901e-02
   4.6250000e+00   1.3862743e-02   1.3864247e-02   1.3861882e-02
   4.6350000e+00   1.3852129e-02   1.3853927e-02   1.3851040e-02
   4.6450000e+00   1.3841753e-02   1.3843895e-02   1.3840394e-02
   4.6550000e+00   1.3831646e-02   1.3834194e-02   1.3829971e-02
   4.6650000e+00   1.3821852e-02   1.3824879e-02   1.3819800e-02
   4.6750000e+00   1.3812421e-02   1.3816016e-02   1.3809921e-02
   4.6850000e+00   1.3803419e-02   1.3807689e-02   1.3800384e-02
   4.6950000e+00   1.3794927e-02   1.3800003e-02   1.3791251e-02
   4.7050000e+00   1.3787047e-02   1.3793087e-02   1.3782602e-02
   4.7150000e+00   1.3779910e-02   1.3787105e-02   1.3774537e-02
   4.7250000e+00   1.3762269e-02   1.3770429e-02   1.3756113e-02
   4.7350000e+00   1.3737438e-02   1.3746387e-02   1.3730638e-02
   4.7450000e+00   1.3712904e-02   1.3722716e-02   1.3705398e-02
   4.7550000e+00   1.3688701e-02   1.3699458e-02   1.3680420e-02
   4.7650000e+00   1.3664864e-02   1.3676656e-02   1.3655731e-02
   4.7750000e+00   1.3641433e-02   1.3654359e-02   1.3631366e-02
   4.7850000e+00   1.3618449e-02   1.3632619e-02   1.3607355e-02
   4.7950000e+00   1.3595971e-02   1.3611505e-02   1.3583745e-02
   4.8050000e+00   1.3574058e-02   1.3591092e-02   1.3560586e-02
   4.8150000e+00   1.3552769e-02   1.3571448e-02   1.3537925e-02
   4.8250000e+00   1.3532178e-02   1.3552664e-02   1.3515823e-02
   4.8350000e+00   1.3512378e-02   1.3534851e-02   1.3494353e-02
   4.8450000e+00   1.3493462e-02   1.3518126e-02   1.3473593e-02
   4.8550000e+00   1.3475547e-02   1.3502627e-02   1.3453638e-02
   4.8650000e+00   1.3458757e-02   1.3488499e-02   1.3434592e-02
   4.8750000e+00   1.3443234e-02   1.3475910e-02   1.3416573e-02
   4.8850000e+00   1.3429115e-02   1.3465026e-02   1.3399693e-02
   4.8950000e+00   1.3416629e-02   1.3456118e-02   1.3384142e-02
   4.9050000e+00   1.3404662e-02   1.3447866e-02   1.3368981e-02
   4.9150000e+00   1.3381769e-02   1.3426685e-02   1.3344608e-02
   4.9250000e+00   1.3359214e-02   1.3405900e-02   1.3320519e-02
   4.9350000e+00   1.3337013e-02   1.3385541e-02   1.3296722e-02
   4.9450000e+00   1.3315193e-02   1.3365639e-02   1.3273238e-02
   4.9550000e+00   1.3293769e-02   1.3346207e-02   1.3250083e-02
   4.9650000e+00   1.3272767e-02   1.3327272e-02   1.3227281e-02
   4.9750000e+00   1.3252175e-02   1.3308817e-02   1.3204824e-02
   4.9850000e+00   1.3231982e-02   1.3290838e-02   1.3182701e-02
   4.9950000e+00   1.3212313e-02   1.3273482e-02   1.3161010e-02
