   3.0500000e-01   9.5380731e-01   9.5445212e-01   9.5316984e-01
   3.1500000e-01   9.5391914e-01   9.5456517e-01   9.5328050e-01
   3.2500000e-01   9.5406850e-01   9.5471451e-01   9.5342980e-01
   3.3500000e-01   9.5422918e-01   9.5487321e-01   9.5359242e-01
   3.4500000e-01   9.5441479e-01   9.5505816e-01   9.5377860e-01
   3.5500000e-01   9.5459041e-01   9.5523239e-01   9.5395557e-01
   3.6500000e-01   9.5486601e-01   9.5550570e-01   9.5423335e-01
   3.7500000e-01   9.5510087e-01   9.5573888e-01   9.5446988e-01
   3.8500000e-01   9.5535355e-01   9.5598922e-01   9.5472487e-01
   3.9500000e-01   9.5562897e-01   9.5626244e-01   9.5500234e-01
   4.0500000e-01   9.5592689e-01   9.5655701e-01   9.5530342e-01
   4.1500000e-01   9.5622526e-01   9.5685410e-01   9.5560301e-01
   4.2500000e-01   9.5654445e-01   9.5717065e-01   9.5592481e-01
   4.3500000e-01   9.5685827e-01   9.5748137e-01   9.5624161e-01
   4.4500000e-01   9.5715079e-01   9.5777127e-01   9.5653667e-01
   4.5500000e-01   9.5744272e-01   9.5806147e-01   9.5683021e-01
   4.6500000e-01   9.5770131e-01   9.5831680e-01   9.5709200e-01
   4.7500000e-01   9.5798678e-01   9.5860028e-01   9.5737931e-01
   4.8500000e-01   9.5823097e-01   9.5884252e-01   9.5762542e-01
   4.9500000e-01   9.5841573e-01   9.5902620e-01   9.5781119e-01
   5.0500000e-01   9.5854956e-01   9.5915982e-01   9.5794534e-01
   5.1500000e-01   9.5866346e-01   9.5927093e-01   9.5806192e-01
   5.2500000e-01   9.5872358e-01   9.5932947e-01   9.5812349e-01
   5.3500000e-01   9.5871348e-01   9.5932171e-01   9.5811110e-01
   5.4500000e-01   9.5868912e-01   9.5929973e-01   9.5808431e-01
   5.5500000e-01   9.5856280e-01   9.5917498e-01   9.5795657e-01
   5.6500000e-01   9.5843638e-01   9.5905106e-01   9.5782758e-01
   5.7500000e-01   9.5823015e-01   9.5884590e-01   9.5762041e-01
   5.8500000e-01   9.5794157e-01   9.5855767e-01   9.5733152e-01
   5.9500000e-01   9.5769099e-01   9.5830993e-01   9.5707803e-01
   6.0500000e-01   9.5726624e-01   9.5789108e-01   9.5664772e-01
   6.1500000e-01   9.5630916e-01   9.5696417e-01   9.5565972e-01
   6.2500000e-01   9.5563010e-01   9.5627172e-01   9.5499483e-01
   6.3500000e-01   9.5469038e-01   9.5533979e-01   9.5404787e-01
   6.4500000e-01   9.5362652e-01   9.5429655e-01   9.5296409e-01
   6.5500000e-01   9.5201333e-01   9.5268752e-01   9.5134774e-01
   6.6500000e-01   9.5153539e-01   9.5223066e-01   9.5084775e-01
   6.7500000e-01   9.5056828e-01   9.5127815e-01   9.4986572e-01
   6.8500000e-01   9.4905072e-01   9.4973195e-01   9.4837752e-01
   6.9500000e-01   9.4670907e-01   9.4739805e-01   9.4602274e-01
   7.0500000e-01   9.4507367e-01   9.4583445e-01   9.4432309e-01
   7.1500000e-01   9.4263123e-01   9.4341297e-01   9.4185771e-01
   7.2500000e-01   9.4115964e-01   9.4197373e-01   9.4035636e-01
   7.3500000e-01   9.3951440e-01   9.4034556e-01   9.3869396e-01
   7.4500000e-01   9.3615347e-01   9.3703903e-01   9.3527942e-01
   7.5500000e-01   9.3226151e-01   9.3317800e-01   9.3135912e-01
   7.6500000e-01   9.2814084e-01   9.2911607e-01   9.2717924e-01
   7.7500000e-01   9.2313443e-01   9.2415911e-01   9.2212360e-01
   7.8500000e-01   9.1840470e-01   9.1948959e-01   9.1733574e-01
   7.9500000e-01   9.1426096e-01   9.1542277e-01   9.1311566e-01
   8.0500000e-01   9.1109377e-01   9.1228498e-01   9.0991861e-01
   8.1500000e-01   9.1144615e-01   9.1263678e-01   9.1027272e-01
   8.2500000e-01   9.1045026e-01   9.1162902e-01   9.0928832e-01
   8.3500000e-01   9.0897932e-01   9.1018890e-01   9.0779194e-01
   8.4500000e-01   9.0378497e-01   9.0499927e-01   9.0259815e-01
   8.5500000e-01   8.9971332e-01   9.0104296e-01   8.9840405e-01
   8.6500000e-01   8.9143879e-01   8.9286571e-01   8.9003311e-01
   8.7500000e-01   8.8136515e-01   8.8291913e-01   8.7983382e-01
   8.8500000e-01   8.7093597e-01   8.7255922e-01   8.6933547e-01
   8.9500000e-01   8.6460805e-01   8.6633881e-01   8.6290583e-01
   9.0500000e-01   8.6147929e-01   8.6329165e-01   8.5969850e-01
   9.1500000e-01   8.5927686e-01   8.6107014e-01   8.5750991e-01
   9.2500000e-01   8.5548880e-01   8.5736067e-01   8.5364641e-01
   9.3500000e-01   8.5089157e-01   8.5280535e-01   8.4900996e-01
   9.4500000e-01   8.4568776e-01   8.4766938e-01   8.4373878e-01
   9.5500000e-01   8.3540919e-01   8.3747081e-01   8.3338084e-01
   9.6500000e-01   8.2043583e-01   8.2272944e-01   8.1818043e-01
   9.7500000e-01   8.0459139e-01   8.0703192e-01   8.0219247e-01
   9.8500000e-01   7.8878030e-01   7.9128503e-01   7.8631406e-01
   9.9500000e-01   7.7220784e-01   7.7499317e-01   7.6947197e-01
   1.0050000e+00   7.5312904e-01   7.5600386e-01   7.5030085e-01
   1.0150000e+00   7.3771826e-01   7.4089082e-01   7.3460355e-01
   1.0250000e+00   7.2956714e-01   7.3270983e-01   7.2647960e-01
   1.0350000e+00   7.2978366e-01   7.3296800e-01   7.2665429e-01
   1.0450000e+00   7.3422853e-01   7.3742197e-01   7.3109411e-01
   1.0550000e+00   7.4450524e-01   7.4757685e-01   7.4149147e-01
   1.0650000e+00   7.5507360e-01   7.5798580e-01   7.5221338e-01
   1.0750000e+00   7.6218456e-01   7.6510382e-01   7.5931736e-01
   1.0850000e+00   7.6651913e-01   7.6939159e-01   7.6369734e-01
   1.0950000e+00   7.6820842e-01   7.7105394e-01   7.6541297e-01
   1.1050000e+00   7.6814309e-01   7.7097394e-01   7.6536186e-01
   1.1150000e+00   7.6535459e-01   7.6823853e-01   7.6252133e-01
   1.1250000e+00   7.5852033e-01   7.6142841e-01   7.5566443e-01
   1.1350000e+00   7.4844851e-01   7.5150955e-01   7.4544440e-01
   1.1450000e+00   7.4297169e-01   7.4602792e-01   7.3997056e-01
   1.1550000e+00   7.2540308e-01   7.2860518e-01   7.2225683e-01
   1.1650000e+00   6.9823651e-01   7.0176872e-01   6.9476879e-01
   1.1750000e+00   6.6879563e-01   6.7252318e-01   6.6514037e-01
   1.1850000e+00   6.4333749e-01   6.4726784e-01   6.3948445e-01
   1.1950000e+00   6.1998875e-01   6.2410682e-01   6.1595315e-01
   1.2050000e+00   5.9110013e-01   5.9543070e-01   5.8686110e-01
   1.2150000e+00   5.5926110e-01   5.6374505e-01   5.5487436e-01
   1.2250000e+00   5.4059382e-01   5.4521724e-01   5.3607429e-01
   1.2350000e+00   5.2706589e-01   5.3173490e-01   5.2250523e-01
   1.2450000e+00   5.1738025e-01   5.2207619e-01   5.1279208e-01
   1.2550000e+00   5.1255427e-01   5.1727278e-01   5.0794375e-01
   1.2650000e+00   5.0985364e-01   5.1457772e-01   5.0523798e-01
   1.2750000e+00   5.1019368e-01   5.1492647e-01   5.0557079e-01
   1.2850000e+00   5.1356378e-01   5.1827274e-01   5.0896317e-01
   1.2950000e+00   5.1533780e-01   5.2004283e-01   5.1074004e-01
   1.3050000e+00   5.1695540e-01   5.2165769e-01   5.1236091e-01
   1.3150000e+00   5.1830843e-01   5.2301065e-01   5.1371375e-01
   1.3250000e+00   5.1894685e-01   5.2366039e-01   5.1434224e-01
   1.3350000e+00   5.1864949e-01   5.2334438e-01   5.1406225e-01
   1.3450000e+00   5.1629988e-01   5.2103088e-01   5.1167882e-01
   1.3550000e+00   5.1227404e-01   5.1700065e-01   5.0765742e-01
   1.3650000e+00   5.0843108e-01   5.1318123e-01   5.0379280e-01
   1.3750000e+00   5.0024708e-01   5.0504210e-01   4.9556593e-01
   1.3850000e+00   4.8789648e-01   4.9271745e-01   4.8319175e-01
   1.3950000e+00   4.6937995e-01   4.7424739e-01   4.6463189e-01
   1.4050000e+00   4.0523971e-01   4.1021435e-01   4.0039890e-01
   1.4150000e+00   3.1141370e-01   3.1625322e-01   3.0672301e-01
   1.4250000e+00   2.2458966e-01   2.2889738e-01   2.2043553e-01
   1.4350000e+00   1.6311137e-01   1.6677416e-01   1.5959427e-01
   1.4450000e+00   1.2316667e-01   1.2624319e-01   1.2022227e-01
   1.4550000e+00   9.1013088e-02   9.3506895e-02   8.8634309e-02
   1.4650000e+00   6.8028997e-02   7.0030751e-02   6.6125586e-02
   1.4750000e+00   5.3034864e-02   5.4671999e-02   5.1482007e-02
   1.4850000e+00   4.4804186e-02   4.6223891e-02   4.3460000e-02
   1.4950000e+00   4.1820431e-02   4.3155804e-02   4.0556834e-02
   1.5050000e+00   4.3410047e-02   4.4789334e-02   4.2104370e-02
   1.5150000e+00   4.5697918e-02   4.7142156e-02   4.4330142e-02
   1.5250000e+00   4.8015171e-02   4.9521011e-02   4.6588280e-02
   1.5350000e+00   5.1305151e-02   5.2898738e-02   4.9794138e-02
   1.5450000e+00   5.5371301e-02   5.7070418e-02   5.3759065e-02
   1.5550000e+00   5.9942886e-02   6.1756398e-02   5.8220854e-02
   1.5650000e+00   6.5210971e-02   6.7149930e-02   6.3368268e-02
   1.5750000e+00   7.1683705e-02   7.3771382e-02   6.9697470e-02
   1.5850000e+00   7.9202255e-02   8.1456517e-02   7.7055496e-02
   1.5950000e+00   8.4824843e-02   8.7192850e-02   8.2567803e-02
   1.6050000e+00   9.0359514e-02   9.2843788e-02   8.7990234e-02
   1.6150000e+00   9.5799765e-02   9.8392126e-02   9.3325853e-02
   1.6250000e+00   9.9152249e-02   1.0180892e-01   9.6615991e-02
   1.6350000e+00   1.0267534e-01   1.0540566e-01   1.0006798e-01
   1.6450000e+00   1.0640807e-01   1.0919990e-01   1.0374037e-01
   1.6550000e+00   1.1086420e-01   1.1374463e-01   1.0811125e-01
   1.6650000e+00   1.1589047e-01   1.1885159e-01   1.1305916e-01
   1.6750000e+00   1.2170262e-01   1.2476622e-01   1.1877118e-01
   1.6850000e+00   1.2729662e-01   1.3045873e-01   1.2427034e-01
   1.6950000e+00   1.3250076e-01   1.3573632e-01   1.2940257e-01
   1.7050000e+00   1.3821196e-01   1.4155102e-01   1.3501293e-01
   1.7150000e+00   1.4355462e-01   1.4696120e-01   1.4028900e-01
   1.7250000e+00   1.4931768e-01   1.5281633e-01   1.4596274e-01
   1.7350000e+00   1.5432335e-01   1.5788585e-01   1.5090530e-01
   1.7450000e+00   1.5809827e-01   1.6171584e-01   1.5462725e-01
   1.7550000e+00   1.6237802e-01   1.6604771e-01   1.5885431e-01
   1.7650000e+00   1.6588472e-01   1.6959719e-01   1.6231925e-01
   1.7750000e+00   1.6888340e-01   1.7263705e-01   1.6527779e-01
   1.7850000e+00   1.7176791e-01   1.7556141e-01   1.6812437e-01
   1.7950000e+00   1.7525385e-01   1.7908776e-01   1.7156883e-01
   1.8050000e+00   1.7878801e-01   1.8267036e-01   1.7505644e-01
   1.8150000e+00   1.8307466e-01   1.8700727e-01   1.7929343e-01
   1.8250000e+00   1.8737955e-01   1.9136730e-01   1.8354461e-01
   1.8350000e+00   1.8936012e-01   1.9335978e-01   1.8551283e-01
   1.8450000e+00   1.8810997e-01   1.9211064e-01   1.8426349e-01
   1.8550000e+00   1.8324127e-01   1.8717634e-01   1.7945885e-01
   1.8650000e+00   1.7007878e-01   1.7385535e-01   1.6644945e-01
   1.8750000e+00   1.4577203e-01   1.4921118e-01   1.4247395e-01
   1.8850000e+00   1.2119480e-01   1.2426348e-01   1.1825987e-01
   1.8950000e+00   9.4981739e-02   9.7575994e-02   9.2506863e-02
   1.9050000e+00   7.2198503e-02   7.4312030e-02   7.0188436e-02
   1.9150000e+00   5.0867467e-02   5.2460901e-02   4.9357204e-02
   1.9250000e+00   3.8155723e-02   3.9399169e-02   3.6980421e-02
   1.9350000e+00   2.8907112e-02   2.9869117e-02   2.8000322e-02
   1.9450000e+00   2.3374963e-02   2.4154221e-02   2.2642164e-02
   1.9550000e+00   2.0013252e-02   2.0674492e-02   1.9392589e-02
   1.9650000e+00   1.7951853e-02   1.8536865e-02   1.7403479e-02
   1.9750000e+00   1.6883400e-02   1.7427966e-02   1.6373376e-02
   1.9850000e+00   1.6368099e-02   1.6893111e-02   1.5876624e-02
   1.9950000e+00   1.6302673e-02   1.6825226e-02   1.5813486e-02
   2.0050000e+00   1.6508195e-02   1.7039155e-02   1.6011050e-02
   2.0150000e+00   1.7011591e-02   1.7562733e-02   1.6495374e-02
   2.0250000e+00   1.7635987e-02   1.8211082e-02   1.7096996e-02
   2.0350000e+00   1.8401158e-02   1.9005787e-02   1.7834231e-02
   2.0450000e+00   1.9481695e-02   2.0126959e-02   1.8876230e-02
   2.0550000e+00   2.1084977e-02   2.1788002e-02   2.0424628e-02
   2.0650000e+00   2.3120902e-02   2.3895861e-02   2.2392265e-02
   2.0750000e+00   2.6016995e-02   2.6890532e-02   2.5194650e-02
   2.0850000e+00   2.9660629e-02   3.0651532e-02   2.8726368e-02
   2.0950000e+00   3.4435241e-02   3.5574097e-02   3.3360002e-02
   2.1050000e+00   4.0789449e-02   4.2115717e-02   3.9535280e-02
   2.1150000e+00   4.7278172e-02   4.8783203e-02   4.5852656e-02
   2.1250000e+00   5.5796616e-02   5.7525594e-02   5.4156730e-02
   2.1350000e+00   6.5196275e-02   6.7157335e-02   6.3333112e-02
   2.1450000e+00   7.4689541e-02   7.6865952e-02   7.2618859e-02
   2.1550000e+00   8.4595287e-02   8.6990088e-02   8.2314526e-02
   2.1650000e+00   9.4092156e-02   9.6681837e-02   9.1623085e-02
   2.1750000e+00   1.0368962e-01   1.0645968e-01   1.0104469e-01
   2.1850000e+00   1.1235685e-01   1.1528789e-01   1.0955717e-01
   2.1950000e+00   1.2070727e-01   1.2378624e-01   1.1776283e-01
   2.2050000e+00   1.2768507e-01   1.3088220e-01   1.2462544e-01
   2.2150000e+00   1.3535739e-01   1.3866561e-01   1.3218994e-01
   2.2250000e+00   1.4204166e-01   1.4544541e-01   1.3877966e-01
   2.2350000e+00   1.4769064e-01   1.5119204e-01   1.4433403e-01
   2.2450000e+00   1.5141807e-01   1.5498667e-01   1.4799779e-01
   2.2550000e+00   1.4971551e-01   1.5325545e-01   1.4632205e-01
   2.2650000e+00   1.4623550e-01   1.4971737e-01   1.4289855e-01
   2.2750000e+00   1.3896440e-01   1.4235302e-01   1.3572085e-01
   2.2850000e+00   1.3029405e-01   1.3351788e-01   1.2720837e-01
   2.2950000e+00   1.2024284e-01   1.2329889e-01   1.1732045e-01
   2.3050000e+00   1.0972271e-01   1.1261012e-01   1.0696503e-01
   2.3150000e+00   9.9684239e-02   1.0238098e-01   9.7112180e-02
   2.3250000e+00   9.1077528e-02   9.3612592e-02   8.8661143e-02
   2.3350000e+00   8.3383233e-02   8.5770667e-02   8.1110537e-02
   2.3450000e+00   7.6645544e-02   7.8877746e-02   7.4521741e-02
   2.3550000e+00   7.1292897e-02   7.3413745e-02   6.9277235e-02
   2.3650000e+00   6.7239774e-02   6.9256269e-02   6.5323091e-02
   2.3750000e+00   6.3811361e-02   6.5744741e-02   6.1975118e-02
   2.3850000e+00   6.1427698e-02   6.3310856e-02   5.9640643e-02
   2.3950000e+00   5.9340266e-02   6.1171257e-02   5.7602991e-02
   2.4050000e+00   5.7536175e-02   5.9321080e-02   5.5842778e-02
   2.4150000e+00   5.5854517e-02   5.7602313e-02   5.4197818e-02
   2.4250000e+00   5.4444444e-02   5.6152932e-02   5.2824688e-02
   2.4350000e+00   5.2887748e-02   5.4552950e-02   5.1308997e-02
   2.4450000e+00   5.1245516e-02   5.2873432e-02   4.9703494e-02
   2.4550000e+00   4.9815971e-02   5.1401934e-02   4.8312945e-02
   2.4650000e+00   4.8293256e-02   4.9842823e-02   4.6825557e-02
   2.4750000e+00   4.6954516e-02   4.8473004e-02   4.5517228e-02
   2.4850000e+00   4.5660364e-02   4.7142663e-02   4.4257448e-02
   2.4950000e+00   4.4381210e-02   4.5826567e-02   4.3013464e-02
   2.5050000e+00   4.3530420e-02   4.4957219e-02   4.2180978e-02
   2.5150000e+00   4.3023253e-02   4.4438077e-02   4.1685124e-02
   2.5250000e+00   4.2652489e-02   4.4050926e-02   4.1329189e-02
   2.5350000e+00   4.2699592e-02   4.4107301e-02   4.1368145e-02
   2.5450000e+00   4.2520806e-02   4.3921380e-02   4.1196320e-02
   2.5550000e+00   4.2667721e-02   4.4063211e-02   4.1347640e-02
   2.5650000e+00   4.3262615e-02   4.4676402e-02   4.1924918e-02
   2.5750000e+00   4.3421339e-02   4.4853142e-02   4.2067540e-02
   2.5850000e+00   4.3310005e-02   4.4729453e-02   4.1966823e-02
   2.5950000e+00   4.2415857e-02   4.3806009e-02   4.1100844e-02
   2.6050000e+00   4.1077539e-02   4.2435556e-02   3.9793394e-02
   2.6150000e+00   3.9366402e-02   4.0685867e-02   3.8119708e-02
   2.6250000e+00   3.5762789e-02   3.6974847e-02   3.4618211e-02
   2.6350000e+00   3.1148112e-02   3.2223492e-02   3.0133820e-02
   2.6450000e+00   2.7428379e-02   2.8388838e-02   2.6523069e-02
   2.6550000e+00   2.4357431e-02   2.5223789e-02   2.3541961e-02
   2.6650000e+00   2.1814765e-02   2.2598145e-02   2.1077839e-02
   2.6750000e+00   1.9644801e-02   2.0357076e-02   1.8975419e-02
   2.6850000e+00   1.3863147e-02   1.4370619e-02   1.3387607e-02
   2.6950000e+00   1.0499468e-02   1.0881065e-02   1.0142805e-02
   2.7050000e+00   8.3376293e-03   8.6343456e-03   8.0609629e-03
   2.7150000e+00   6.8506474e-03   7.0869266e-03   6.6308530e-03
   2.7250000e+00   5.7778372e-03   5.9695790e-03   5.5998609e-03
   2.7350000e+00   3.6736427e-03   3.7656694e-03   3.5890405e-03
   2.7450000e+00   2.8319590e-03   2.8826895e-03   2.7857240e-03
   2.7550000e+00   2.3766676e-03   2.4074177e-03   2.3488419e-03
   2.7650000e+00   2.0713869e-03   2.0915830e-03   2.0532088e-03
   2.7750000e+00   1.8349233e-03   1.8492329e-03   1.8220907e-03
   2.7850000e+00   1.5748765e-03   1.5831333e-03   1.5674885e-03
   2.7950000e+00   1.3549654e-03   1.3605945e-03   1.3499066e-03
   2.8050000e+00   1.1740383e-03   1.1788189e-03   1.1697074e-03
   2.8150000e+00   1.0237710e-03   1.0282040e-03   1.0197158e-03
   2.8250000e+00   9.1388014e-04   9.1773936e-04   9.1030496e-04
   2.8350000e+00   8.7592668e-04   8.7923096e-04   8.7283657e-04
   2.8450000e+00   9.6106792e-04   9.6400314e-04   9.5830683e-04
   2.8550000e+00   1.2255726e-03   1.2284277e-03   1.2228791e-03
   2.8650000e+00   1.6954951e-03   1.6984669e-03   1.6926887e-03
   2.8750000e+00   2.5445659e-03   2.5477215e-03   2.5415867e-03
   2.8850000e+00   3.6599990e-03   3.6632491e-03   3.6569332e-03
   2.8950000e+00   5.1061674e-03   5.1093233e-03   5.1031953e-03
   2.9050000e+00   6.6124887e-03   6.6153531e-03   6.6097971e-03
   2.9150000e+00   8.1807342e-03   8.1831581e-03   8.1784646e-03
   2.9250000e+00   9.4406117e-03   9.4425131e-03   9.4388408e-03
   2.9350000e+00   1.0682106e-02   1.0683458e-02   1.0680860e-02
   2.9450000e+00   1.1505022e-02   1.1505927e-02   1.1504202e-02
   2.9550000e+00   1.2404713e-02   1.2405149e-02   1.2404340e-02
   2.9650000e+00   1.3366298e-02   1.3366243e-02   1.3366393e-02
   2.9750000e+00   1.4481174e-02   1.4480553e-02   1.4481809e-02
   2.9850000e+00   1.5665939e-02   1.5664703e-02   1.5667159e-02
   2.9950000e+00   1.7136720e-02   1.7134685e-02   1.7138702e-02
   3.0050000e+00   1.8671054e-02   1.8668148e-02   1.8673866e-02
   3.0150000e+00   2.0302820e-02   2.0298908e-02   2.0306591e-02
   3.0250000e+00   2.1978152e-02   2.1973141e-02   2.1982971e-02
   3.0350000e+00   2.3706745e-02   2.3700516e-02   2.3712724e-02
   3.0450000e+00   2.5432439e-02   2.5424876e-02   2.5439687e-02
   3.0550000e+00   2.7225307e-02   2.7216268e-02   2.7233964e-02
   3.0650000e+00   2.8007225e-02   2.7997226e-02   2.8016798e-02
   3.0750000e+00   2.8589597e-02   2.8578769e-02   2.8599961e-02
   3.0850000e+00   2.8307795e-02   2.8296764e-02   2.8318354e-02
   3.0950000e+00   2.8063042e-02   2.8051848e-02   2.8073757e-02
   3.1050000e+00   2.7323791e-02   2.7312871e-02   2.7334249e-02
   3.1150000e+00   2.6730677e-02   2.6719972e-02   2.6740929e-02
   3.1250000e+00   2.6294949e-02   2.6284417e-02   2.6305037e-02
   3.1350000e+00   2.5984775e-02   2.5974350e-02   2.5994763e-02
   3.1450000e+00   2.5624827e-02   2.5614564e-02   2.5634662e-02
   3.1550000e+00   2.5381460e-02   2.5371295e-02   2.5391202e-02
   3.1650000e+00   2.4842663e-02   2.4832817e-02   2.4852102e-02
   3.1750000e+00   2.4427213e-02   2.4417614e-02   2.4436416e-02
   3.1850000e+00   2.3668398e-02   2.3659296e-02   2.3677129e-02
   3.1950000e+00   2.3017740e-02   2.3009067e-02   2.3026062e-02
   3.2050000e+00   2.2196944e-02   2.2188815e-02   2.2204745e-02
   3.2150000e+00   2.1443569e-02   2.1435941e-02   2.1450893e-02
   3.2250000e+00   2.0779653e-02   2.0772460e-02   2.0786562e-02
   3.2350000e+00   2.0146430e-02   2.0139652e-02   2.0152943e-02
   3.2450000e+00   1.9634016e-02   1.9627571e-02   1.9640212e-02
   3.2550000e+00   1.9151612e-02   1.9145480e-02   1.9157509e-02
   3.2650000e+00   1.8611045e-02   1.8605263e-02   1.8616608e-02
   3.2750000e+00   1.8071418e-02   1.8065985e-02   1.8076648e-02
   3.2850000e+00   1.7604166e-02   1.7599031e-02   1.7609112e-02
   3.2950000e+00   1.7179946e-02   1.7175078e-02   1.7184637e-02
   3.3050000e+00   1.6798976e-02   1.6794349e-02   1.6803438e-02
   3.3150000e+00   1.6461588e-02   1.6457174e-02   1.6465845e-02
   3.3250000e+00   1.6133517e-02   1.6129311e-02   1.6137577e-02
   3.3350000e+00   1.5817403e-02   1.5813395e-02   1.5821273e-02
   3.3450000e+00   1.5506099e-02   1.5502288e-02   1.5509781e-02
   3.3550000e+00   1.5207246e-02   1.5203624e-02   1.5210748e-02
   3.3650000e+00   1.4912214e-02   1.4908782e-02   1.4915537e-02
   3.3750000e+00   1.4636573e-02   1.4633321e-02   1.4639725e-02
   3.3850000e+00   1.4367334e-02   1.4364267e-02   1.4370312e-02
   3.3950000e+00   1.4117180e-02   1.4114300e-02   1.4119983e-02
   3.4050000e+00   1.3885508e-02   1.3882826e-02   1.3888131e-02
   3.4150000e+00   1.3660766e-02   1.3658321e-02   1.3663176e-02
   3.4250000e+00   1.3458260e-02   1.3456094e-02   1.3460423e-02
   3.4350000e+00   1.3257650e-02   1.3255882e-02   1.3259464e-02
   3.4450000e+00   1.3074299e-02   1.3073040e-02   1.3075671e-02
   3.4550000e+00   1.2895236e-02   1.2894733e-02   1.2895952e-02
   3.4650000e+00   1.2728120e-02   1.2728670e-02   1.2727923e-02
   3.4750000e+00   1.2573517e-02   1.2575493e-02   1.2572080e-02
   3.4850000e+00   1.2426325e-02   1.2430396e-02   1.2423055e-02
   3.4950000e+00   1.2294592e-02   1.2301062e-02   1.2289213e-02
   3.5050000e+00   1.2172212e-02   1.2182050e-02   1.2163857e-02
   3.5150000e+00   1.2067787e-02   1.2081723e-02   1.2055793e-02
   3.5250000e+00   1.1979920e-02   1.1998818e-02   1.1963496e-02
   3.5350000e+00   1.1910244e-02   1.1935609e-02   1.1888018e-02
   3.5450000e+00   1.1855327e-02   1.1887214e-02   1.1827220e-02
   3.5550000e+00   1.1821224e-02   1.1861308e-02   1.1785698e-02
   3.5650000e+00   1.1799419e-02   1.1847413e-02   1.1756707e-02
   3.5750000e+00   1.1784483e-02   1.1839991e-02   1.1734918e-02
   3.5850000e+00   1.1787339e-02   1.1851632e-02   1.1729746e-02
   3.5950000e+00   1.1811709e-02   1.1886158e-02   1.1744801e-02
   3.6050000e+00   1.1862324e-02   1.1948641e-02   1.1784507e-02
   3.6150000e+00   1.1946630e-02   1.2046895e-02   1.1855957e-02
   3.6250000e+00   1.2056693e-02   1.2171946e-02   1.1952159e-02
   3.6350000e+00   1.2062225e-02   1.2183023e-02   1.1952560e-02
   3.6450000e+00   1.2073534e-02   1.2200102e-02   1.1958508e-02
   3.6550000e+00   1.2087531e-02   1.2219941e-02   1.1967080e-02
   3.6650000e+00   1.2110480e-02   1.2249416e-02   1.1983977e-02
   3.6750000e+00   1.2136347e-02   1.2281702e-02   1.2003870e-02
   3.6850000e+00   1.2170398e-02   1.2322684e-02   1.2031470e-02
   3.6950000e+00   1.2210505e-02   1.2370069e-02   1.2064805e-02
   3.7050000e+00   1.2257445e-02   1.2424410e-02   1.2104830e-02
   3.7150000e+00   1.2312037e-02   1.2486892e-02   1.2152068e-02
   3.7250000e+00   1.2377140e-02   1.2560513e-02   1.2209229e-02
   3.7350000e+00   1.2390715e-02   1.2578860e-02   1.2218331e-02
   3.7450000e+00   1.2282086e-02   1.2467165e-02   1.2112562e-02
   3.7550000e+00   1.2174070e-02   1.2356098e-02   1.2007382e-02
   3.7650000e+00   1.2065681e-02   1.2244430e-02   1.1902027e-02
   3.7750000e+00   1.1960333e-02   1.2136153e-02   1.1799409e-02
   3.7850000e+00   1.1780907e-02   1.1948488e-02   1.1627663e-02
   3.7950000e+00   1.1607712e-02   1.1767131e-02   1.1462057e-02
   3.8050000e+00   1.1446668e-02   1.1598699e-02   1.1307882e-02
   3.8150000e+00   1.1292723e-02   1.1437776e-02   1.1160422e-02
   3.8250000e+00   1.1147198e-02   1.1285593e-02   1.1021064e-02
   3.8350000e+00   1.1006840e-02   1.1138893e-02   1.0886588e-02
   3.8450000e+00   1.0875283e-02   1.1001612e-02   1.0760342e-02
   3.8550000e+00   1.0736570e-02   1.0855875e-02   1.0628134e-02
   3.8650000e+00   1.0602681e-02   1.0715008e-02   1.0500703e-02
   3.8750000e+00   1.0478789e-02   1.0584769e-02   1.0382679e-02
   3.8850000e+00   1.0361777e-02   1.0461794e-02   1.0271172e-02
   3.8950000e+00   1.0251847e-02   1.0346279e-02   1.0166388e-02
   3.9050000e+00   1.0147577e-02   1.0236805e-02   1.0066914e-02
   3.9150000e+00   1.0049791e-02   1.0134255e-02   9.9735150e-03
   3.9250000e+00   9.9570211e-03   1.0037015e-02   9.8848556e-03
   3.9350000e+00   9.8681823e-03   9.9439524e-03   9.7998986e-03
   3.9450000e+00   9.7842422e-03   9.8561182e-03   9.7195326e-03
   3.9550000e+00   9.7037389e-03   9.7719351e-03   9.6424013e-03
   3.9650000e+00   9.6268156e-03   9.6915479e-03   9.5686468e-03
   3.9750000e+00   9.5544983e-03   9.6156338e-03   9.4996209e-03
   3.9850000e+00   9.4872677e-03   9.5448528e-03   9.4356370e-03
   3.9950000e+00   9.4237943e-03   9.4780870e-03   9.3751698e-03
   4.0050000e+00   9.3633243e-03   9.4145378e-03   9.3175092e-03
   4.0150000e+00   9.3059288e-03   9.3542898e-03   9.2627134e-03
   4.0250000e+00   9.2512550e-03   9.2969582e-03   9.2104579e-03
   4.0350000e+00   9.1988659e-03   9.2420680e-03   9.1603406e-03
   4.0450000e+00   9.1487347e-03   9.1896068e-03   9.1123237e-03
   4.0550000e+00   9.1006413e-03   9.1393522e-03   9.0661904e-03
   4.0650000e+00   9.0544475e-03   9.0911458e-03   9.0218203e-03
   4.0750000e+00   9.0099423e-03   9.0447563e-03   8.9790202e-03
   4.0850000e+00   8.9669070e-03   8.9999571e-03   8.9375800e-03
   4.0950000e+00   8.9253355e-03   8.9567405e-03   8.8974947e-03
   4.1050000e+00   8.8884001e-03   8.9182299e-03   8.8619799e-03
   4.1150000e+00   8.8548628e-03   8.8831889e-03   8.8297973e-03
   4.1250000e+00   8.8224817e-03   8.8494022e-03   8.7986811e-03
   4.1350000e+00   8.7911769e-03   8.8167888e-03   8.7685535e-03
   4.1450000e+00   8.7608437e-03   8.7852303e-03   8.7393213e-03
   4.1550000e+00   8.7313824e-03   8.7546169e-03   8.7108941e-03
   4.1650000e+00   8.7027178e-03   8.7248703e-03   8.6831998e-03
   4.1750000e+00   8.6748146e-03   8.6959531e-03   8.6562052e-03
   4.1850000e+00   8.6475976e-03   8.6677801e-03   8.6298434e-03
   4.1950000e+00   8.6209754e-03   8.6402517e-03   8.6040308e-03
   4.2050000e+00   8.5949371e-03   8.6133593e-03   8.5787549e-03
   4.2150000e+00   8.5694721e-03   8.5870950e-03   8.5540029e-03
   4.2250000e+00   8.5445347e-03   8.5614081e-03   8.5297337e-03
   4.2350000e+00   8.5200649e-03   8.5362310e-03   8.5058936e-03
   4.2450000e+00   8.4968039e-03   8.5119367e-03   8.4835524e-03
   4.2550000e+00   8.4752057e-03   8.4891705e-03   8.4629925e-03
   4.2650000e+00   8.4547912e-03   8.4677012e-03   8.4435139e-03
   4.2750000e+00   8.4354041e-03   8.4473581e-03   8.4249734e-03
   4.2850000e+00   8.4169237e-03   8.4280107e-03   8.4072598e-03
   4.2950000e+00   8.3992612e-03   8.4095630e-03   8.3902904e-03
   4.3050000e+00   8.3823325e-03   8.3919239e-03   8.3739879e-03
   4.3150000e+00   8.3660539e-03   8.3750013e-03   8.3582760e-03
   4.3250000e+00   8.3503480e-03   8.3587098e-03   8.3430847e-03
   4.3350000e+00   8.3351533e-03   8.3429817e-03   8.3283578e-03
   4.3450000e+00   8.3204188e-03   8.3277611e-03   8.3140489e-03
   4.3550000e+00   8.3113625e-03   8.3181672e-03   8.3054632e-03
   4.3650000e+00   8.3051172e-03   8.3114021e-03   8.2996720e-03
   4.3750000e+00   8.2993916e-03   8.3052117e-03   8.2943517e-03
   4.3850000e+00   8.2941272e-03   8.2995317e-03   8.2894491e-03
   4.3950000e+00   8.2977305e-03   8.3027786e-03   8.2933624e-03
   4.4050000e+00   8.3037678e-03   8.3084977e-03   8.2996765e-03
   4.4150000e+00   8.3100864e-03   8.3145278e-03   8.3062455e-03
   4.4250000e+00   8.3166576e-03   8.3208371e-03   8.3130437e-03
   4.4350000e+00   8.3234566e-03   8.3273979e-03   8.3200489e-03
   4.4450000e+00   8.3315252e-03   8.3352601e-03   8.3282960e-03
   4.4550000e+00   8.3492730e-03   8.3529069e-03   8.3461316e-03
   4.4650000e+00   8.3670688e-03   8.3706058e-03   8.3640117e-03
   4.4750000e+00   8.3849108e-03   8.3883548e-03   8.3819346e-03
   4.4850000e+00   8.4027975e-03   8.4061522e-03   8.3998989e-03
   4.4950000e+00   8.4207275e-03   8.4239966e-03   8.4179034e-03
   4.5050000e+00   8.4386998e-03   8.4418867e-03   8.4359471e-03
   4.5150000e+00   8.4612642e-03   8.4645346e-03   8.4584407e-03
   4.5250000e+00   8.4838788e-03   8.4872367e-03   8.4809809e-03
   4.5350000e+00   8.5065449e-03   8.5099944e-03   8.5035690e-03
   4.5450000e+00   8.5292638e-03   8.5328094e-03   8.5262061e-03
   4.5550000e+00   8.5517903e-03   8.5555759e-03   8.5485265e-03
   4.5650000e+00   8.5705695e-03   8.5746598e-03   8.5670430e-03
   4.5750000e+00   8.5857053e-03   8.5901356e-03   8.5818847e-03
   4.5850000e+00   8.5913389e-03   8.5961748e-03   8.5871660e-03
   4.5950000e+00   8.5875743e-03   8.5928937e-03   8.5829803e-03
   4.6050000e+00   8.5843809e-03   8.5902459e-03   8.5793108e-03
   4.6150000e+00   8.5818428e-03   8.5883243e-03   8.5762337e-03
   4.6250000e+00   8.5800612e-03   8.5872405e-03   8.5738406e-03
   4.6350000e+00   8.5791571e-03   8.5871281e-03   8.5722417e-03
   4.6450000e+00   8.5792738e-03   8.5881442e-03   8.5715673e-03
   4.6550000e+00   8.5805771e-03   8.5904705e-03   8.5719690e-03
   4.6650000e+00   8.5832621e-03   8.5943200e-03   8.5736256e-03
   4.6750000e+00   8.5875622e-03   8.5999469e-03   8.5767512e-03
   4.6850000e+00   8.5937601e-03   8.6076588e-03   8.5816060e-03
   4.6950000e+00   8.6021948e-03   8.6178235e-03   8.5885024e-03
   4.7050000e+00   8.6132668e-03   8.6308741e-03   8.5978106e-03
   4.7150000e+00   8.6274506e-03   8.6473227e-03   8.6099709e-03
   4.7250000e+00   8.6314136e-03   8.6530766e-03   8.6123298e-03
   4.7350000e+00   8.6277472e-03   8.6508094e-03   8.6074077e-03
   4.7450000e+00   8.6252405e-03   8.6498039e-03   8.6035525e-03
   4.7550000e+00   8.6239939e-03   8.6501669e-03   8.6008582e-03
   4.7650000e+00   8.6240882e-03   8.6519828e-03   8.5994024e-03
   4.7750000e+00   8.6256331e-03   8.6553678e-03   8.5992884e-03
   4.7850000e+00   8.6287752e-03   8.6604802e-03   8.6006518e-03
   4.7950000e+00   8.6336882e-03   8.6675057e-03   8.6036554e-03
   4.8050000e+00   8.6405078e-03   8.6765854e-03   8.6084296e-03
   4.8150000e+00   8.6493368e-03   8.6878248e-03   8.6150739e-03
   4.8250000e+00   8.6603714e-03   8.7014335e-03   8.6237722e-03
   4.8350000e+00   8.6739293e-03   8.7177562e-03   8.6348180e-03
   4.8450000e+00   8.6903156e-03   8.7371212e-03   8.6484945e-03
   4.8550000e+00   8.7097480e-03   8.7597544e-03   8.6650114e-03
   4.8650000e+00   8.7324433e-03   8.7858782e-03   8.6845799e-03
   4.8750000e+00   8.7587185e-03   8.8158282e-03   8.7074995e-03
   4.8850000e+00   8.7889923e-03   8.8500562e-03   8.7341580e-03
   4.8950000e+00   8.8237928e-03   8.8891193e-03   8.7650564e-03
   4.9050000e+00   8.8597741e-03   8.9293960e-03   8.7971000e-03
   4.9150000e+00   8.8649401e-03   8.9364608e-03   8.8005223e-03
   4.9250000e+00   8.8707645e-03   8.9442141e-03   8.8045741e-03
   4.9350000e+00   8.8775768e-03   8.9530260e-03   8.8095484e-03
   4.9450000e+00   8.8854900e-03   8.9630206e-03   8.8155478e-03
   4.9550000e+00   8.8943345e-03   8.9740023e-03   8.8224263e-03
   4.9650000e+00   8.9040081e-03   8.9858503e-03   8.8300981e-03
   4.9750000e+00   8.9145613e-03   8.9986289e-03   8.8386022e-03
   4.9850000e+00   8.9261937e-03   9.0125669e-03   8.8481116e-03
   4.9950000e+00   8.9391399e-03   9.0279028e-03   8.8588564e-03
