   3.0500000e-01   8.3390223e-01   8.3604743e-01   8.3178097e-01
   3.1500000e-01   8.3415820e-01   8.3631049e-01   8.3203020e-01
   3.2500000e-01   8.3453650e-01   8.3669331e-01   8.3240385e-01
   3.3500000e-01   8.3496237e-01   8.3711691e-01   8.3283187e-01
   3.4500000e-01   8.3545077e-01   8.3760842e-01   8.3331693e-01
   3.5500000e-01   8.3590346e-01   8.3806115e-01   8.3376966e-01
   3.6500000e-01   8.3669858e-01   8.3885455e-01   8.3456619e-01
   3.7500000e-01   8.3734013e-01   8.3949544e-01   8.3520855e-01
   3.8500000e-01   8.3804358e-01   8.4019652e-01   8.3591431e-01
   3.9500000e-01   8.3882259e-01   8.4097471e-01   8.3669383e-01
   4.0500000e-01   8.3969132e-01   8.4183912e-01   8.3756637e-01
   4.1500000e-01   8.4054535e-01   8.4269439e-01   8.3841916e-01
   4.2500000e-01   8.4148608e-01   8.4363230e-01   8.3936268e-01
   4.3500000e-01   8.4244221e-01   8.4458442e-01   8.4032253e-01
   4.4500000e-01   8.4334567e-01   8.4548426e-01   8.4122942e-01
   4.5500000e-01   8.4426505e-01   8.4640370e-01   8.4214855e-01
   4.6500000e-01   8.4513636e-01   8.4726817e-01   8.4302656e-01
   4.7500000e-01   8.4617176e-01   8.4830175e-01   8.4406335e-01
   4.8500000e-01   8.4717785e-01   8.4930386e-01   8.4507338e-01
   4.9500000e-01   8.4804618e-01   8.5017111e-01   8.4594260e-01
   5.0500000e-01   8.4888977e-01   8.5101299e-01   8.4678816e-01
   5.1500000e-01   8.4985531e-01   8.5197137e-01   8.4776022e-01
   5.2500000e-01   8.5072813e-01   8.5283673e-01   8.4863996e-01
   5.3500000e-01   8.5148968e-01   8.5360356e-01   8.4939682e-01
   5.4500000e-01   8.5235439e-01   8.5446899e-01   8.5026038e-01
   5.5500000e-01   8.5303572e-01   8.5514852e-01   8.5094373e-01
   5.6500000e-01   8.5405418e-01   8.5616459e-01   8.5196404e-01
   5.7500000e-01   8.5465342e-01   8.5675755e-01   8.5256969e-01
   5.8500000e-01   8.5555573e-01   8.5765861e-01   8.5347235e-01
   5.9500000e-01   8.5633724e-01   8.5843819e-01   8.5425569e-01
   6.0500000e-01   8.5672998e-01   8.5882651e-01   8.5465366e-01
   6.1500000e-01   8.5734327e-01   8.5943901e-01   8.5526680e-01
   6.2500000e-01   8.5781709e-01   8.5991110e-01   8.5574259e-01
   6.3500000e-01   8.5836566e-01   8.6046163e-01   8.5628927e-01
   6.4500000e-01   8.5864456e-01   8.6074294e-01   8.5656607e-01
   6.5500000e-01   8.5900181e-01   8.6108919e-01   8.5693392e-01
   6.6500000e-01   8.5945429e-01   8.6154632e-01   8.5738187e-01
   6.7500000e-01   8.5987961e-01   8.6197497e-01   8.5780351e-01
   6.8500000e-01   8.6029972e-01   8.6237583e-01   8.5824181e-01
   6.9500000e-01   8.6005577e-01   8.6214341e-01   8.5798586e-01
   7.0500000e-01   8.6013936e-01   8.6223205e-01   8.5806589e-01
   7.1500000e-01   8.5994442e-01   8.6204178e-01   8.5786571e-01
   7.2500000e-01   8.6000774e-01   8.6210152e-01   8.5793300e-01
   7.3500000e-01   8.5987866e-01   8.6198105e-01   8.5779583e-01
   7.4500000e-01   8.5925043e-01   8.6135774e-01   8.5716321e-01
   7.5500000e-01   8.5828780e-01   8.6038749e-01   8.5620780e-01
   7.6500000e-01   8.5703927e-01   8.5915266e-01   8.5494587e-01
   7.7500000e-01   8.5554924e-01   8.5767486e-01   8.5344353e-01
   7.8500000e-01   8.5378679e-01   8.5590756e-01   8.5168588e-01
   7.9500000e-01   8.5230104e-01   8.5444508e-01   8.5017728e-01
   8.0500000e-01   8.5100336e-01   8.5314912e-01   8.4887856e-01
   8.1500000e-01   8.5164408e-01   8.5378962e-01   8.4951957e-01
   8.2500000e-01   8.5172660e-01   8.5385418e-01   8.4961893e-01
   8.3500000e-01   8.5120647e-01   8.5334305e-01   8.4909238e-01
   8.4500000e-01   8.4896603e-01   8.5108254e-01   8.4687290e-01
   8.5500000e-01   8.4695916e-01   8.4912944e-01   8.4481034e-01
   8.6500000e-01   8.4255037e-01   8.4474179e-01   8.4038027e-01
   8.7500000e-01   8.3629378e-01   8.3852443e-01   8.3408599e-01
   8.8500000e-01   8.2987191e-01   8.3210537e-01   8.2766069e-01
   8.9500000e-01   8.2561459e-01   8.2789122e-01   8.2336431e-01
   9.0500000e-01   8.2352288e-01   8.2583612e-01   8.2123878e-01
   9.1500000e-01   8.2229043e-01   8.2458721e-01   8.2001858e-01
   9.2500000e-01   8.1963758e-01   8.2197354e-01   8.1732908e-01
   9.3500000e-01   8.1648212e-01   8.1882783e-01   8.1416557e-01
   9.4500000e-01   8.1262760e-01   8.1500981e-01   8.1027560e-01
   9.5500000e-01   8.0474740e-01   8.0715616e-01   8.0236821e-01
   9.6500000e-01   7.9236557e-01   7.9491125e-01   7.8985538e-01
   9.7500000e-01   7.7903050e-01   7.8165261e-01   7.7644610e-01
   9.8500000e-01   7.6539251e-01   7.6804841e-01   7.6277194e-01
   9.9500000e-01   7.5017906e-01   7.5302733e-01   7.4737676e-01
   1.0050000e+00   7.3276327e-01   7.3568077e-01   7.2988807e-01
   1.0150000e+00   7.1790227e-01   7.2105118e-01   7.1480707e-01
   1.0250000e+00   7.1057752e-01   7.1369760e-01   7.0750790e-01
   1.0350000e+00   7.1078011e-01   7.1393964e-01   7.0767113e-01
   1.0450000e+00   7.1495631e-01   7.1811522e-01   7.1185208e-01
   1.0550000e+00   7.2494748e-01   7.2800421e-01   7.2194334e-01
   1.0650000e+00   7.3513398e-01   7.3806944e-01   7.3224498e-01
   1.0750000e+00   7.4180812e-01   7.4475286e-01   7.3891154e-01
   1.0850000e+00   7.4594316e-01   7.4885372e-01   7.4307897e-01
   1.0950000e+00   7.4760655e-01   7.5049733e-01   7.4476128e-01
   1.1050000e+00   7.4771474e-01   7.5059324e-01   7.4488079e-01
   1.1150000e+00   7.4519665e-01   7.4811612e-01   7.4232358e-01
   1.1250000e+00   7.3894527e-01   7.4187487e-01   7.3606255e-01
   1.1350000e+00   7.2938327e-01   7.3243051e-01   7.2638784e-01
   1.1450000e+00   7.2434554e-01   7.2738936e-01   7.2135166e-01
   1.1550000e+00   7.0763960e-01   7.1080461e-01   7.0452587e-01
   1.1650000e+00   6.8113327e-01   6.8457334e-01   6.7775289e-01
   1.1750000e+00   6.5246306e-01   6.5606113e-01   6.4893105e-01
   1.1850000e+00   6.2740715e-01   6.3118267e-01   6.2370200e-01
   1.1950000e+00   6.0429582e-01   6.0823451e-01   6.0043345e-01
   1.2050000e+00   5.7562881e-01   5.7974920e-01   5.7159131e-01
   1.2150000e+00   5.4408730e-01   5.4833967e-01   5.3992307e-01
   1.2250000e+00   5.2545033e-01   5.2982084e-01   5.2117338e-01
   1.2350000e+00   5.1206779e-01   5.1647078e-01   5.0776189e-01
   1.2450000e+00   5.0247685e-01   5.0690660e-01   4.9814401e-01
   1.2550000e+00   4.9769040e-01   5.0214106e-01   4.9333680e-01
   1.2650000e+00   4.9502339e-01   4.9947815e-01   4.9066631e-01
   1.2750000e+00   4.9537563e-01   4.9983558e-01   4.9101449e-01
   1.2850000e+00   4.9876953e-01   5.0321002e-01   4.9442630e-01
   1.2950000e+00   5.0053902e-01   5.0497821e-01   4.9619648e-01
   1.3050000e+00   5.0216969e-01   5.0660530e-01   4.9783115e-01
   1.3150000e+00   5.0351584e-01   5.0795210e-01   4.9917629e-01
   1.3250000e+00   5.0413862e-01   5.0858202e-01   4.9979339e-01
   1.3350000e+00   5.0390711e-01   5.0833602e-01   4.9957492e-01
   1.3450000e+00   5.0153559e-01   5.0599426e-01   4.9717564e-01
   1.3550000e+00   4.9758251e-01   5.0203640e-01   4.9322694e-01
   1.3650000e+00   4.9375513e-01   4.9822648e-01   4.8938385e-01
   1.3750000e+00   4.8558019e-01   4.9009035e-01   4.8117230e-01
   1.3850000e+00   4.7334766e-01   4.7787711e-01   4.6892177e-01
   1.3950000e+00   4.5494410e-01   4.5950996e-01   4.5048481e-01
   1.4050000e+00   3.9119903e-01   3.9583011e-01   3.8668688e-01
   1.4150000e+00   2.9843597e-01   3.0289132e-01   2.9411135e-01
   1.4250000e+00   2.1343459e-01   2.1734779e-01   2.0965375e-01
   1.4350000e+00   1.5382271e-01   1.5711299e-01   1.5065662e-01
   1.4450000e+00   1.1546372e-01   1.1820383e-01   1.1283518e-01
   1.4550000e+00   8.4835763e-02   8.7037775e-02   8.2730080e-02
   1.4650000e+00   6.3113638e-02   6.4866882e-02   6.1441961e-02
   1.4750000e+00   4.9040401e-02   5.0465140e-02   4.7685086e-02
   1.4850000e+00   4.1355108e-02   4.2584848e-02   4.0187265e-02
   1.4950000e+00   3.8580883e-02   3.9735803e-02   3.7484713e-02
   1.5050000e+00   4.0060798e-02   4.1254952e-02   3.8926964e-02
   1.5150000e+00   4.2187115e-02   4.3438953e-02   4.0998024e-02
   1.5250000e+00   4.4349931e-02   4.5657032e-02   4.3107694e-02
   1.5350000e+00   4.7420272e-02   4.8805855e-02   4.6102659e-02
   1.5450000e+00   5.1221759e-02   5.2701888e-02   4.9813266e-02
   1.5550000e+00   5.5505769e-02   5.7088544e-02   5.3998557e-02
   1.5650000e+00   6.0456730e-02   6.2152706e-02   5.8840433e-02
   1.5750000e+00   6.6550794e-02   6.8382073e-02   6.4803782e-02
   1.5850000e+00   7.3645345e-02   7.5627632e-02   7.1752565e-02
   1.5950000e+00   7.8974421e-02   8.1061441e-02   7.6980013e-02
   1.6050000e+00   8.4211244e-02   8.6404145e-02   8.2114472e-02
   1.6150000e+00   8.9372672e-02   9.1664642e-02   8.7179947e-02
   1.6250000e+00   9.2558616e-02   9.4909795e-02   9.0308429e-02
   1.6350000e+00   9.5892788e-02   9.8310948e-02   9.3577951e-02
   1.6450000e+00   9.9461958e-02   1.0193851e-01   9.7089840e-02
   1.6550000e+00   1.0369128e-01   1.0624786e-01   1.0124200e-01
   1.6650000e+00   1.0850563e-01   1.1113695e-01   1.0598356e-01
   1.6750000e+00   1.1404705e-01   1.1677451e-01   1.1143119e-01
   1.6850000e+00   1.1938663e-01   1.2220325e-01   1.1668464e-01
   1.6950000e+00   1.2439331e-01   1.2727937e-01   1.2162329e-01
   1.7050000e+00   1.2983198e-01   1.3281430e-01   1.2696836e-01
   1.7150000e+00   1.3498947e-01   1.3803678e-01   1.3206178e-01
   1.7250000e+00   1.4050957e-01   1.4364173e-01   1.3749954e-01
   1.7350000e+00   1.4533922e-01   1.4853327e-01   1.4226800e-01
   1.7450000e+00   1.4896981e-01   1.5221355e-01   1.4585069e-01
   1.7550000e+00   1.5310045e-01   1.5639734e-01   1.4992812e-01
   1.7650000e+00   1.5649086e-01   1.5982799e-01   1.5327910e-01
   1.7750000e+00   1.5937889e-01   1.6275445e-01   1.5612968e-01
   1.7850000e+00   1.6216015e-01   1.6557071e-01   1.5887746e-01
   1.7950000e+00   1.6552721e-01   1.6898045e-01   1.6220141e-01
   1.8050000e+00   1.6893351e-01   1.7243044e-01   1.6556557e-01
   1.8150000e+00   1.7308003e-01   1.7662561e-01   1.6966402e-01
   1.8250000e+00   1.7723522e-01   1.8083204e-01   1.7376940e-01
   1.8350000e+00   1.7917787e-01   1.8278773e-01   1.7569865e-01
   1.8450000e+00   1.7793735e-01   1.8154394e-01   1.7446259e-01
   1.8550000e+00   1.7324791e-01   1.7679295e-01   1.6983330e-01
   1.8650000e+00   1.6051323e-01   1.6391334e-01   1.5723928e-01
   1.8750000e+00   1.3712405e-01   1.4020370e-01   1.3416425e-01
   1.8850000e+00   1.1354043e-01   1.1626934e-01   1.1092419e-01
   1.8950000e+00   8.8560436e-02   9.0852219e-02   8.6368606e-02
   1.9050000e+00   6.7008390e-02   6.8860724e-02   6.5241861e-02
   1.9150000e+00   4.6986591e-02   4.8370818e-02   4.5670677e-02
   1.9250000e+00   3.5145888e-02   3.6218361e-02   3.4128997e-02
   1.9350000e+00   2.6592095e-02   2.7415872e-02   2.5813071e-02
   1.9450000e+00   2.1508706e-02   2.2171882e-02   2.0882965e-02
   1.9550000e+00   1.8435503e-02   1.8995493e-02   1.7908078e-02
   1.9650000e+00   1.6559705e-02   1.7053371e-02   1.6095366e-02
   1.9750000e+00   1.5589649e-02   1.6048148e-02   1.5158747e-02
   1.9850000e+00   1.5121936e-02   1.5563416e-02   1.4707220e-02
   1.9950000e+00   1.5062276e-02   1.5501719e-02   1.4649468e-02
   2.0050000e+00   1.5247387e-02   1.5694110e-02   1.4827666e-02
   2.0150000e+00   1.5701943e-02   1.6166076e-02   1.5265705e-02
   2.0250000e+00   1.6267775e-02   1.6752870e-02   1.5811572e-02
   2.0350000e+00   1.6961349e-02   1.7471982e-02   1.6480902e-02
   2.0450000e+00   1.7942927e-02   1.8488921e-02   1.7428846e-02
   2.0550000e+00   1.9405042e-02   2.0001538e-02   1.8842851e-02
   2.0650000e+00   2.1265374e-02   2.1924634e-02   2.0643414e-02
   2.0750000e+00   2.3920172e-02   2.4665730e-02   2.3215947e-02
   2.0850000e+00   2.7274741e-02   2.8123866e-02   2.6471526e-02
   2.0950000e+00   3.1685130e-02   3.2664577e-02   3.0757402e-02
   2.1050000e+00   3.7575884e-02   3.8721242e-02   3.6489370e-02
   2.1150000e+00   4.3618893e-02   4.4924048e-02   4.2378971e-02
   2.1250000e+00   5.1579215e-02   5.3084016e-02   5.0147693e-02
   2.1350000e+00   6.0394381e-02   6.2108610e-02   5.8761139e-02
   2.1450000e+00   6.9342129e-02   7.1251518e-02   6.7520592e-02
   2.1550000e+00   7.8694995e-02   8.0801611e-02   7.6683256e-02
   2.1650000e+00   8.7693285e-02   8.9977766e-02   8.5509500e-02
   2.1750000e+00   9.6820400e-02   9.9273258e-02   9.4472547e-02
   2.1850000e+00   1.0507663e-01   1.0767470e-01   1.0258867e-01
   2.1950000e+00   1.1303719e-01   1.1577441e-01   1.1041348e-01
   2.2050000e+00   1.1970436e-01   1.2255183e-01   1.1697324e-01
   2.2150000e+00   1.2708403e-01   1.3003453e-01   1.2425232e-01
   2.2250000e+00   1.3350820e-01   1.3655130e-01   1.3058517e-01
   2.2350000e+00   1.3890244e-01   1.4203495e-01   1.3589303e-01
   2.2450000e+00   1.4246058e-01   1.4565177e-01   1.3939499e-01
   2.2550000e+00   1.4082932e-01   1.4399607e-01   1.3778708e-01
   2.2650000e+00   1.3750288e-01   1.4061596e-01   1.3451261e-01
   2.2750000e+00   1.3049187e-01   1.3351180e-01   1.2759436e-01
   2.2850000e+00   1.2224163e-01   1.2511455e-01   1.1948520e-01
   2.2950000e+00   1.1263064e-01   1.1534762e-01   1.1002600e-01
   2.3050000e+00   1.0255551e-01   1.0511412e-01   1.0010567e-01
   2.3150000e+00   9.3013319e-02   9.5394530e-02   9.0736210e-02
   2.3250000e+00   8.4819444e-02   8.7054361e-02   8.2683507e-02
   2.3350000e+00   7.7508099e-02   7.9605632e-02   7.5506004e-02
   2.3450000e+00   7.1160945e-02   7.3119380e-02   6.9292599e-02
   2.3550000e+00   6.6094602e-02   6.7950132e-02   6.4326182e-02
   2.3650000e+00   6.2298122e-02   6.4062856e-02   6.0616086e-02
   2.3750000e+00   5.9081194e-02   6.0769831e-02   5.7472769e-02
   2.3850000e+00   5.6828242e-02   5.8469540e-02   5.5266025e-02
   2.3950000e+00   5.4870401e-02   5.6465513e-02   5.3352447e-02
   2.4050000e+00   5.3180163e-02   5.4734787e-02   5.1700852e-02
   2.4150000e+00   5.1596512e-02   5.3115290e-02   5.0152463e-02
   2.4250000e+00   5.0281259e-02   5.1766622e-02   4.8868762e-02
   2.4350000e+00   4.8830427e-02   5.0278203e-02   4.7453690e-02
   2.4450000e+00   4.7285800e-02   4.8697980e-02   4.5943908e-02
   2.4550000e+00   4.5955464e-02   4.7332973e-02   4.4645996e-02
   2.4650000e+00   4.4525671e-02   4.5869542e-02   4.3248890e-02
   2.4750000e+00   4.3267346e-02   4.4581994e-02   4.2019056e-02
   2.4850000e+00   4.2062035e-02   4.3345028e-02   4.0843948e-02
   2.4950000e+00   4.0873757e-02   4.2124344e-02   3.9686554e-02
   2.5050000e+00   4.0071706e-02   4.1304447e-02   3.8902051e-02
   2.5150000e+00   3.9593676e-02   4.0816106e-02   3.8433802e-02
   2.5250000e+00   3.9259699e-02   4.0469467e-02   3.8111403e-02
   2.5350000e+00   3.9287119e-02   4.0503497e-02   3.8132971e-02
   2.5450000e+00   3.9126529e-02   4.0336245e-02   3.7978850e-02
   2.5550000e+00   3.9283518e-02   4.0489950e-02   3.8138479e-02
   2.5650000e+00   3.9832537e-02   4.1055439e-02   3.8671698e-02
   2.5750000e+00   3.9951907e-02   4.1188131e-02   3.8779189e-02
   2.5850000e+00   3.9865582e-02   4.1093669e-02   3.8699738e-02
   2.5950000e+00   3.9044525e-02   4.0246296e-02   3.7903918e-02
   2.6050000e+00   3.7786737e-02   3.8959558e-02   3.6674043e-02
   2.6150000e+00   3.6174127e-02   3.7311257e-02   3.5096126e-02
   2.6250000e+00   3.2834103e-02   3.3877175e-02   3.1845781e-02
   2.6350000e+00   2.8556184e-02   2.9478808e-02   2.7682915e-02
   2.6450000e+00   2.5116968e-02   2.5939526e-02   2.4338975e-02
   2.6550000e+00   2.2278190e-02   2.3017504e-02   2.1579797e-02
   2.6650000e+00   1.9937150e-02   2.0604575e-02   1.9307066e-02
   2.6750000e+00   1.7940905e-02   1.8546223e-02   1.7369958e-02
   2.6850000e+00   1.2656104e-02   1.3084141e-02   1.2253473e-02
   2.6950000e+00   9.5963954e-03   9.9160636e-03   9.2964657e-03
   2.7050000e+00   7.6386684e-03   7.8856563e-03   7.4074816e-03
   2.7150000e+00   6.2965626e-03   6.4920146e-03   6.1140403e-03
   2.7250000e+00   5.3300749e-03   5.4877655e-03   5.1831371e-03
   2.7350000e+00   3.4626456e-03   3.5364114e-03   3.3945660e-03
   2.7450000e+00   2.7176019e-03   2.7573419e-03   2.6812318e-03
   2.7550000e+00   2.3083765e-03   2.3320179e-03   2.2868818e-03
   2.7650000e+00   2.0270975e-03   2.0424125e-03   2.0132355e-03
   2.7750000e+00   1.8038748e-03   1.8146268e-03   1.7941681e-03
   2.7850000e+00   1.5572237e-03   1.5633971e-03   1.5516507e-03
   2.7950000e+00   1.3430018e-03   1.3472602e-03   1.3391358e-03
   2.8050000e+00   1.1638304e-03   1.1675198e-03   1.1604574e-03
   2.8150000e+00   1.0141991e-03   1.0177033e-03   1.0109702e-03
   2.8250000e+00   9.0543557e-04   9.0858433e-04   9.0250241e-04
   2.8350000e+00   8.6864666e-04   8.7140720e-04   8.6605354e-04
   2.8450000e+00   9.5456457e-04   9.5705347e-04   9.5221418e-04
   2.8550000e+00   1.2191623e-03   1.2216027e-03   1.2168516e-03
   2.8650000e+00   1.6886815e-03   1.6912315e-03   1.6862648e-03
   2.8750000e+00   2.5371150e-03   2.5398266e-03   2.5345453e-03
   2.8850000e+00   3.6520704e-03   3.6548635e-03   3.6494256e-03
   2.8950000e+00   5.0981437e-03   5.1008533e-03   5.0955815e-03
   2.9050000e+00   6.6048311e-03   6.6072861e-03   6.6025142e-03
   2.9150000e+00   8.1737881e-03   8.1758592e-03   8.1718393e-03
   2.9250000e+00   9.4346462e-03   9.4362625e-03   9.4331325e-03
   2.9350000e+00   1.0677193e-02   1.0678330e-02   1.0676137e-02
   2.9450000e+00   1.1501007e-02   1.1501755e-02   1.1500323e-02
   2.9550000e+00   1.2401633e-02   1.2401973e-02   1.2401339e-02
   2.9650000e+00   1.3364193e-02   1.3364105e-02   1.3364308e-02
   2.9750000e+00   1.4480191e-02   1.4479610e-02   1.4480778e-02
   2.9850000e+00   1.5666178e-02   1.5665062e-02   1.5667275e-02
   2.9950000e+00   1.7138567e-02   1.7136755e-02   1.7140329e-02
   3.0050000e+00   1.8674668e-02   1.8672098e-02   1.8677155e-02
   3.0150000e+00   2.0308511e-02   2.0305064e-02   2.0311835e-02
   3.0250000e+00   2.1986137e-02   2.1981731e-02   2.1990377e-02
   3.0350000e+00   2.3717303e-02   2.3711835e-02   2.3722559e-02
   3.0450000e+00   2.5445855e-02   2.5439223e-02   2.5452223e-02
   3.0550000e+00   2.7241924e-02   2.7233999e-02   2.7249527e-02
   3.0650000e+00   2.8026029e-02   2.8017260e-02   2.8034440e-02
   3.0750000e+00   2.8610320e-02   2.8600819e-02   2.8619430e-02
   3.0850000e+00   2.8329114e-02   2.8319429e-02   2.8338403e-02
   3.0950000e+00   2.8084848e-02   2.8075013e-02   2.8094282e-02
   3.1050000e+00   2.7345134e-02   2.7335531e-02   2.7354348e-02
   3.1150000e+00   2.6751655e-02   2.6742235e-02   2.6760694e-02
   3.1250000e+00   2.6315626e-02   2.6306354e-02   2.6324526e-02
   3.1350000e+00   2.6005284e-02   2.5996101e-02   2.6014099e-02
   3.1450000e+00   2.5645043e-02   2.5635997e-02   2.5653727e-02
   3.1550000e+00   2.5401510e-02   2.5392547e-02   2.5410116e-02
   3.1650000e+00   2.4862072e-02   2.4853386e-02   2.4870414e-02
   3.1750000e+00   2.4446126e-02   2.4437654e-02   2.4454264e-02
   3.1850000e+00   2.3686283e-02   2.3678244e-02   2.3694007e-02
   3.1950000e+00   2.3034734e-02   2.3027069e-02   2.3042101e-02
   3.2050000e+00   2.2212797e-02   2.2205608e-02   2.2219707e-02
   3.2150000e+00   2.1458373e-02   2.1451623e-02   2.1464866e-02
   3.2250000e+00   2.0793546e-02   2.0787177e-02   2.0799674e-02
   3.2350000e+00   2.0159455e-02   2.0153448e-02   2.0165236e-02
   3.2450000e+00   1.9646346e-02   1.9640630e-02   1.9651848e-02
   3.2550000e+00   1.9163286e-02   1.9157845e-02   1.9168526e-02
   3.2650000e+00   1.8621986e-02   1.8616851e-02   1.8626933e-02
   3.2750000e+00   1.8081628e-02   1.8076798e-02   1.8086282e-02
   3.2850000e+00   1.7613752e-02   1.7609184e-02   1.7618157e-02
   3.2950000e+00   1.7188974e-02   1.7184639e-02   1.7193155e-02
   3.3050000e+00   1.6807502e-02   1.6803378e-02   1.6811482e-02
   3.3150000e+00   1.6469667e-02   1.6465730e-02   1.6473469e-02
   3.3250000e+00   1.6141164e-02   1.6137408e-02   1.6144792e-02
   3.3350000e+00   1.5824634e-02   1.5821052e-02   1.5828096e-02
   3.3450000e+00   1.5512919e-02   1.5509508e-02   1.5516216e-02
   3.3550000e+00   1.5213671e-02   1.5210425e-02   1.5216812e-02
   3.3650000e+00   1.4918245e-02   1.4915163e-02   1.4921228e-02
   3.3750000e+00   1.4642229e-02   1.4639302e-02   1.4645066e-02
   3.3850000e+00   1.4372608e-02   1.4369837e-02   1.4375296e-02
   3.3950000e+00   1.4122069e-02   1.4119453e-02   1.4124613e-02
   3.4050000e+00   1.3889997e-02   1.3887538e-02   1.3892395e-02
   3.4150000e+00   1.3664779e-02   1.3662500e-02   1.3667012e-02
   3.4250000e+00   1.3461716e-02   1.3459641e-02   1.3463765e-02
   3.4350000e+00   1.3260312e-02   1.3258518e-02   1.3262112e-02
   3.4450000e+00   1.3075942e-02   1.3074500e-02   1.3077432e-02
   3.4550000e+00   1.2895355e-02   1.2894432e-02   1.2896390e-02
   3.4650000e+00   1.2726096e-02   1.2725897e-02   1.2726498e-02
   3.4750000e+00   1.2568561e-02   1.2569350e-02   1.2568098e-02
   3.4850000e+00   1.2417005e-02   1.2419265e-02   1.2415251e-02
   3.4950000e+00   1.2280220e-02   1.2284187e-02   1.2276959e-02
   3.5050000e+00   1.2150673e-02   1.2157067e-02   1.2145258e-02
   3.5150000e+00   1.2037438e-02   1.2046827e-02   1.2029353e-02
   3.5250000e+00   1.1938798e-02   1.1951862e-02   1.1927422e-02
   3.5350000e+00   1.1854949e-02   1.1872866e-02   1.1839206e-02
   3.5450000e+00   1.1785605e-02   1.1808482e-02   1.1765377e-02
   3.5550000e+00   1.1733241e-02   1.1762415e-02   1.1707299e-02
   3.5650000e+00   1.1693695e-02   1.1729007e-02   1.1662161e-02
   3.5750000e+00   1.1661795e-02   1.1702992e-02   1.1624881e-02
   3.5850000e+00   1.1644736e-02   1.1692855e-02   1.1601480e-02
   3.5950000e+00   1.1645926e-02   1.1702127e-02   1.1595242e-02
   3.6050000e+00   1.1669349e-02   1.1735045e-02   1.1609917e-02
   3.6150000e+00   1.1721530e-02   1.1798470e-02   1.1651710e-02
   3.6250000e+00   1.1796868e-02   1.1885994e-02   1.1715754e-02
   3.6350000e+00   1.1789545e-02   1.1883188e-02   1.1704240e-02
   3.6450000e+00   1.1787382e-02   1.1885774e-02   1.1697658e-02
   3.6550000e+00   1.1787747e-02   1.1890944e-02   1.1693549e-02
   3.6650000e+00   1.1795503e-02   1.1904048e-02   1.1696334e-02
   3.6750000e+00   1.1806327e-02   1.1920184e-02   1.1702201e-02
   3.6850000e+00   1.1824137e-02   1.1943727e-02   1.1714662e-02
   3.6950000e+00   1.1847198e-02   1.1972804e-02   1.1732113e-02
   3.7050000e+00   1.1876676e-02   1.2008465e-02   1.1755805e-02
   3.7150000e+00   1.1912721e-02   1.2051067e-02   1.1785721e-02
   3.7250000e+00   1.1957797e-02   1.2103223e-02   1.1824181e-02
   3.7350000e+00   1.1960050e-02   1.2109498e-02   1.1822655e-02
   3.7450000e+00   1.1858652e-02   1.2005551e-02   1.1723639e-02
   3.7550000e+00   1.1757798e-02   1.1902176e-02   1.1625137e-02
   3.7650000e+00   1.1657037e-02   1.1798741e-02   1.1526857e-02
   3.7750000e+00   1.1558586e-02   1.1697861e-02   1.1430674e-02
   3.7850000e+00   1.1398554e-02   1.1530983e-02   1.1277039e-02
   3.7950000e+00   1.1244478e-02   1.1370174e-02   1.1129238e-02
   3.8050000e+00   1.1100742e-02   1.1220343e-02   1.0991183e-02
   3.8150000e+00   1.0963141e-02   1.1076986e-02   1.0858947e-02
   3.8250000e+00   1.0833111e-02   1.0941515e-02   1.0733969e-02
   3.8350000e+00   1.0707544e-02   1.0810751e-02   1.0613233e-02
   3.8450000e+00   1.0589346e-02   1.0687858e-02   1.0499402e-02
   3.8550000e+00   1.0466972e-02   1.0559748e-02   1.0382354e-02
   3.8650000e+00   1.0349291e-02   1.0436381e-02   1.0269946e-02
   3.8750000e+00   1.0240117e-02   1.0322047e-02   1.0165554e-02
   3.8850000e+00   1.0136896e-02   1.0213998e-02   1.0066802e-02
   3.8950000e+00   1.0039838e-02   1.0112441e-02   9.9738985e-03
   3.9050000e+00   9.9475659e-03   1.0015975e-02   9.8855012e-03
   3.9150000e+00   9.8607503e-03   9.9253276e-03   9.8022229e-03
   3.9250000e+00   9.7782466e-03   9.8392427e-03   9.7230202e-03
   3.9350000e+00   9.6990986e-03   9.7567161e-03   9.6469842e-03
   3.9450000e+00   9.6240723e-03   9.6785856e-03   9.5748138e-03
   3.9550000e+00   9.5519700e-03   9.6035614e-03   9.5053961e-03
   3.9650000e+00   9.4829304e-03   9.5317842e-03   9.4388674e-03
   3.9750000e+00   9.4188023e-03   9.4648112e-03   9.3773491e-03
   3.9850000e+00   9.3596440e-03   9.4028504e-03   9.3207598e-03
   3.9950000e+00   9.3036367e-03   9.3442543e-03   9.2671220e-03
   4.0050000e+00   9.2501396e-03   9.2883414e-03   9.2158344e-03
   4.0150000e+00   9.1991917e-03   9.2351618e-03   9.1669252e-03
   4.0250000e+00   9.1505084e-03   9.1844081e-03   9.1201307e-03
   4.0350000e+00   9.1037399e-03   9.1356998e-03   9.0751289e-03
   4.0450000e+00   9.0588355e-03   9.0889933e-03   9.0318640e-03
   4.0550000e+00   9.0155868e-03   9.0440750e-03   8.9901337e-03
   4.0650000e+00   8.9738970e-03   9.0008346e-03   8.9498525e-03
   4.0750000e+00   8.9335992e-03   8.9590899e-03   8.9108673e-03
   4.0850000e+00   8.8944978e-03   8.9186368e-03   8.8729915e-03
   4.0950000e+00   8.8565885e-03   8.8794704e-03   8.8362207e-03
   4.1050000e+00   8.8231499e-03   8.8448328e-03   8.8038665e-03
   4.1150000e+00   8.7929435e-03   8.8134855e-03   8.7746907e-03
   4.1250000e+00   8.7636708e-03   8.7831490e-03   8.7463780e-03
   4.1350000e+00   8.7352575e-03   8.7537468e-03   8.7188566e-03
   4.1450000e+00   8.7076270e-03   8.7251929e-03   8.6920584e-03
   4.1550000e+00   8.6807024e-03   8.6974025e-03   8.6659131e-03
   4.1650000e+00   8.6544165e-03   8.6703054e-03   8.6403566e-03
   4.1750000e+00   8.6287392e-03   8.6438698e-03   8.6153606e-03
   4.1850000e+00   8.6036155e-03   8.6180339e-03   8.5908758e-03
   4.1950000e+00   8.5789732e-03   8.5927189e-03   8.5668365e-03
   4.2050000e+00   8.5547980e-03   8.5679112e-03   8.5432275e-03
   4.2150000e+00   8.5310749e-03   8.5435972e-03   8.5200328e-03
   4.2250000e+00   8.5077690e-03   8.5197384e-03   8.4972212e-03
   4.2350000e+00   8.4848360e-03   8.4962851e-03   8.4747529e-03
   4.2450000e+00   8.4638162e-03   8.4745059e-03   8.4544112e-03
   4.2550000e+00   8.4447447e-03   8.4545787e-03   8.4361027e-03
   4.2650000e+00   8.4266049e-03   8.4356700e-03   8.4186474e-03
   4.2750000e+00   8.4092730e-03   8.4176445e-03   8.4019317e-03
   4.2850000e+00   8.3926517e-03   8.4003969e-03   8.3858660e-03
   4.2950000e+00   8.3766680e-03   8.3838485e-03   8.3703825e-03
   4.3050000e+00   8.3612545e-03   8.3679262e-03   8.3554190e-03
   4.3150000e+00   8.3463459e-03   8.3525582e-03   8.3409160e-03
   4.3250000e+00   8.3318826e-03   8.3376790e-03   8.3268194e-03
   4.3350000e+00   8.3178164e-03   8.3232357e-03   8.3130851e-03
   4.3450000e+00   8.3041076e-03   8.3091848e-03   8.2996769e-03
   4.3550000e+00   8.2961834e-03   8.3008828e-03   8.2920845e-03
   4.3650000e+00   8.2910293e-03   8.2953648e-03   8.2872494e-03
   4.3750000e+00   8.2862763e-03   8.2902882e-03   8.2827798e-03
   4.3850000e+00   8.2818792e-03   8.2856029e-03   8.2786344e-03
   4.3950000e+00   8.2862246e-03   8.2897015e-03   8.2831957e-03
   4.4050000e+00   8.2929235e-03   8.2961805e-03   8.2900866e-03
   4.4150000e+00   8.2998402e-03   8.3028986e-03   8.2971764e-03
   4.4250000e+00   8.3069530e-03   8.3098318e-03   8.3044457e-03
   4.4350000e+00   8.3142435e-03   8.3169596e-03   8.3118777e-03
   4.4450000e+00   8.3227372e-03   8.3253126e-03   8.3204936e-03
   4.4550000e+00   8.3406939e-03   8.3431994e-03   8.3385117e-03
   4.4650000e+00   8.3586902e-03   8.3611285e-03   8.3565667e-03
   4.4750000e+00   8.3767245e-03   8.3790983e-03   8.3746574e-03
   4.4850000e+00   8.3947957e-03   8.3971077e-03   8.3927828e-03
   4.4950000e+00   8.4129027e-03   8.4151554e-03   8.4109417e-03
   4.5050000e+00   8.4310447e-03   8.4332406e-03   8.4291336e-03
   4.5150000e+00   8.4534416e-03   8.4556914e-03   8.4514847e-03
   4.5250000e+00   8.4758802e-03   8.4781867e-03   8.4738751e-03
   4.5350000e+00   8.4983615e-03   8.5007277e-03   8.4963057e-03
   4.5450000e+00   8.5208867e-03   8.5233155e-03   8.5187775e-03
   4.5550000e+00   8.5429237e-03   8.5455131e-03   8.5406760e-03
   4.5650000e+00   8.5610783e-03   8.5638737e-03   8.5586524e-03
   4.5750000e+00   8.5755142e-03   8.5785412e-03   8.5728871e-03
   4.5850000e+00   8.5803081e-03   8.5836145e-03   8.5774374e-03
   4.5950000e+00   8.5755385e-03   8.5791807e-03   8.5723738e-03
   4.6050000e+00   8.5712068e-03   8.5752299e-03   8.5677082e-03
   4.6150000e+00   8.5673779e-03   8.5718334e-03   8.5634995e-03
   4.6250000e+00   8.5641296e-03   8.5690771e-03   8.5598184e-03
   4.6350000e+00   8.5615560e-03   8.5670644e-03   8.5567504e-03
   4.6450000e+00   8.5597686e-03   8.5659176e-03   8.5543973e-03
   4.6550000e+00   8.5588980e-03   8.5657797e-03   8.5528785e-03
   4.6650000e+00   8.5590988e-03   8.5668191e-03   8.5523358e-03
   4.6750000e+00   8.5605568e-03   8.5692383e-03   8.5529401e-03
   4.6850000e+00   8.5634985e-03   8.5732832e-03   8.5548996e-03
   4.6950000e+00   8.5681965e-03   8.5792497e-03   8.5584658e-03
   4.7050000e+00   8.5749763e-03   8.5874893e-03   8.5639401e-03
   4.7150000e+00   8.5842259e-03   8.5984206e-03   8.5716824e-03
   4.7250000e+00   8.5842717e-03   8.5998048e-03   8.5705256e-03
   4.7350000e+00   8.5775359e-03   8.5941198e-03   8.5628439e-03
   4.7450000e+00   8.5717298e-03   8.5894443e-03   8.5560191e-03
   4.7550000e+00   8.5669377e-03   8.5858681e-03   8.5501301e-03
   4.7650000e+00   8.5632317e-03   8.5834667e-03   8.5452458e-03
   4.7750000e+00   8.5607054e-03   8.5823394e-03   8.5414546e-03
   4.7850000e+00   8.5594779e-03   8.5826150e-03   8.5388664e-03
   4.7950000e+00   8.5596951e-03   8.5844491e-03   8.5376180e-03
   4.8050000e+00   8.5614784e-03   8.5879685e-03   8.5378254e-03
   4.8150000e+00   8.5649223e-03   8.5932710e-03   8.5395802e-03
   4.8250000e+00   8.5701920e-03   8.6005325e-03   8.5430374e-03
   4.8350000e+00   8.5775448e-03   8.6100313e-03   8.5484349e-03
   4.8450000e+00   8.5872313e-03   8.6220372e-03   8.5560060e-03
   4.8550000e+00   8.5994481e-03   8.6367543e-03   8.5659393e-03
   4.8650000e+00   8.6143961e-03   8.6543900e-03   8.5784296e-03
   4.8750000e+00   8.6323484e-03   8.6752328e-03   8.5937354e-03
   4.8850000e+00   8.6536469e-03   8.6996513e-03   8.6121741e-03
   4.8950000e+00   8.6787500e-03   8.7281290e-03   8.6341802e-03
   4.9050000e+00   8.7049343e-03   8.7577268e-03   8.6572273e-03
   4.9150000e+00   8.7057583e-03   8.7600669e-03   8.6566554e-03
   4.9250000e+00   8.7071662e-03   8.7630177e-03   8.6566417e-03
   4.9350000e+00   8.7093979e-03   8.7668501e-03   8.6573982e-03
   4.9450000e+00   8.7125409e-03   8.7716601e-03   8.6590049e-03
   4.9550000e+00   8.7164829e-03   8.7773161e-03   8.6613663e-03
   4.9650000e+00   8.7211618e-03   8.7837423e-03   8.6644325e-03
   4.9750000e+00   8.7266007e-03   8.7909708e-03   8.6682192e-03
   4.9850000e+00   8.7329347e-03   8.7991586e-03   8.6728421e-03
   4.9950000e+00   8.7403844e-03   8.8085322e-03   8.6785149e-03
