   3.0500000e-01   9.1055173e-01   9.1596977e-01   9.0492245e-01
   3.1500000e-01   9.1079528e-01   9.1618662e-01   9.0519452e-01
   3.2500000e-01   9.1105328e-01   9.1643887e-01   9.0545910e-01
   3.3500000e-01   9.1139976e-01   9.1676834e-01   9.0582087e-01
   3.4500000e-01   9.1174700e-01   9.1710026e-01   9.0618542e-01
   3.5500000e-01   9.1214647e-01   9.1746989e-01   9.0661479e-01
   3.6500000e-01   9.1265896e-01   9.1796280e-01   9.0714703e-01
   3.7500000e-01   9.1316445e-01   9.1843317e-01   9.0768718e-01
   3.8500000e-01   9.1369119e-01   9.1892978e-01   9.0824473e-01
   3.9500000e-01   9.1423523e-01   9.1944540e-01   9.0881813e-01
   4.0500000e-01   9.1483522e-01   9.2001318e-01   9.0945331e-01
   4.1500000e-01   9.1541822e-01   9.2056558e-01   9.1006776e-01
   4.2500000e-01   9.1606563e-01   9.2117835e-01   9.1074975e-01
   4.3500000e-01   9.1671239e-01   9.2179207e-01   9.1143055e-01
   4.4500000e-01   9.1735163e-01   9.2239285e-01   9.1210877e-01
   4.5500000e-01   9.1796761e-01   9.2297529e-01   9.1276049e-01
   4.6500000e-01   9.1861400e-01   9.2357901e-01   9.1344884e-01
   4.7500000e-01   9.1924001e-01   9.2417779e-01   9.1410516e-01
   4.8500000e-01   9.1988183e-01   9.2478410e-01   9.1478062e-01
   4.9500000e-01   9.2042705e-01   9.2530090e-01   9.1535629e-01
   5.0500000e-01   9.2097014e-01   9.2580756e-01   9.1593659e-01
   5.1500000e-01   9.2151408e-01   9.2632563e-01   9.1650665e-01
   5.2500000e-01   9.2199855e-01   9.2678639e-01   9.1701562e-01
   5.3500000e-01   9.2241984e-01   9.2717050e-01   9.1747552e-01
   5.4500000e-01   9.2277025e-01   9.2751424e-01   9.1783621e-01
   5.5500000e-01   9.2311124e-01   9.2782810e-01   9.1820243e-01
   5.6500000e-01   9.2344432e-01   9.2815085e-01   9.1854802e-01
   5.7500000e-01   9.2371921e-01   9.2840391e-01   9.1884206e-01
   5.8500000e-01   9.2391827e-01   9.2860496e-01   9.1904051e-01
   5.9500000e-01   9.2413801e-01   9.2880957e-01   9.1927767e-01
   6.0500000e-01   9.2419805e-01   9.2885969e-01   9.1934120e-01
   6.1500000e-01   9.2354679e-01   9.2825307e-01   9.1869292e-01
   6.2500000e-01   9.2359757e-01   9.2832353e-01   9.1867397e-01
   6.3500000e-01   9.2332332e-01   9.2804030e-01   9.1841168e-01
   6.4500000e-01   9.2279810e-01   9.2752263e-01   9.1788381e-01
   6.5500000e-01   9.2190246e-01   9.2671589e-01   9.1690678e-01
   6.6500000e-01   9.2153448e-01   9.2640555e-01   9.1647070e-01
   6.7500000e-01   9.2098082e-01   9.2586869e-01   9.1592712e-01
   6.8500000e-01   9.2069357e-01   9.2555620e-01   9.1562225e-01
   6.9500000e-01   9.1903525e-01   9.2393238e-01   9.1395262e-01
   7.0500000e-01   9.1755356e-01   9.2259871e-01   9.1230067e-01
   7.1500000e-01   9.1539989e-01   9.2063707e-01   9.0997273e-01
   7.2500000e-01   9.1443009e-01   9.1968586e-01   9.0896674e-01
   7.3500000e-01   9.1322268e-01   9.1852174e-01   9.0771817e-01
   7.4500000e-01   9.1026875e-01   9.1573474e-01   9.0459324e-01
   7.5500000e-01   9.0713352e-01   9.1277026e-01   9.0127361e-01
   7.6500000e-01   9.0314510e-01   9.0903913e-01   8.9702379e-01
   7.7500000e-01   8.9855254e-01   9.0471880e-01   8.9214727e-01
   7.8500000e-01   8.9420073e-01   9.0057984e-01   8.8757140e-01
   7.9500000e-01   8.8986571e-01   8.9648124e-01   8.8302603e-01
   8.0500000e-01   8.8707299e-01   8.9380325e-01   8.8009734e-01
   8.1500000e-01   8.8724531e-01   8.9405793e-01   8.8018836e-01
   8.2500000e-01   8.8672293e-01   8.9353887e-01   8.7965929e-01
   8.3500000e-01   8.8604689e-01   8.9274177e-01   8.7905858e-01
   8.4500000e-01   8.8207833e-01   8.8889125e-01   8.7493147e-01
   8.5500000e-01   8.7569029e-01   8.8317975e-01   8.6792253e-01
   8.6500000e-01   8.6711323e-01   8.7505980e-01   8.5890456e-01
   8.7500000e-01   8.5628741e-01   8.6487452e-01   8.4740107e-01
   8.8500000e-01   8.4587348e-01   8.5500482e-01   8.3640555e-01
   8.9500000e-01   8.3947159e-01   8.4879320e-01   8.2979705e-01
   9.0500000e-01   8.3583723e-01   8.4529461e-01   8.2605526e-01
   9.1500000e-01   8.3314897e-01   8.4295780e-01   8.2299954e-01
   9.2500000e-01   8.2897279e-01   8.3893831e-01   8.1867635e-01
   9.3500000e-01   8.2443779e-01   8.3459747e-01   8.1392385e-01
   9.4500000e-01   8.1881705e-01   8.2921833e-01   8.0807282e-01
   9.5500000e-01   8.0763291e-01   8.1873447e-01   7.9618218e-01
   9.6500000e-01   7.9076981e-01   8.0265234e-01   7.7854592e-01
   9.7500000e-01   7.7390979e-01   7.8657557e-01   7.6089368e-01
   9.8500000e-01   7.5772517e-01   7.7113049e-01   7.4392067e-01
   9.9500000e-01   7.3914133e-01   7.5322933e-01   7.2468659e-01
   1.0050000e+00   7.1840926e-01   7.3367094e-01   7.0277638e-01
   1.0150000e+00   7.0035323e-01   7.1632108e-01   6.8406565e-01
   1.0250000e+00   6.9273497e-01   7.0898711e-01   6.7613580e-01
   1.0350000e+00   6.9197237e-01   7.0839679e-01   6.7522907e-01
   1.0450000e+00   6.9702894e-01   7.1306412e-01   6.8066003e-01
   1.0550000e+00   7.0865009e-01   7.2421126e-01   6.9270389e-01
   1.0650000e+00   7.2038454e-01   7.3554305e-01   7.0483626e-01
   1.0750000e+00   7.2761837e-01   7.4233066e-01   7.1256277e-01
   1.0850000e+00   7.3184216e-01   7.4656836e-01   7.1674885e-01
   1.0950000e+00   7.3385159e-01   7.4846629e-01   7.1888201e-01
   1.1050000e+00   7.3380940e-01   7.4847681e-01   7.1879913e-01
   1.1150000e+00   7.3089883e-01   7.4553873e-01   7.1593315e-01
   1.1250000e+00   7.2390671e-01   7.3891457e-01   7.0853198e-01
   1.1350000e+00   7.1250807e-01   7.2796127e-01   6.9671562e-01
   1.1450000e+00   7.0704381e-01   7.2276073e-01   6.9096437e-01
   1.1550000e+00   6.8818929e-01   7.0457730e-01   6.7149354e-01
   1.1650000e+00   6.5720866e-01   6.7501263e-01   6.3914280e-01
   1.1750000e+00   6.2683414e-01   6.4552491e-01   6.0788866e-01
   1.1850000e+00   5.9924742e-01   6.1890395e-01   5.7940289e-01
   1.1950000e+00   5.7456237e-01   5.9481110e-01   5.5418356e-01
   1.2050000e+00   5.4338152e-01   5.6461641e-01   5.2211430e-01
   1.2150000e+00   5.1085153e-01   5.3261894e-01   4.8915148e-01
   1.2250000e+00   4.9067951e-01   5.1293959e-01   4.6857462e-01
   1.2350000e+00   4.7724332e-01   4.9966582e-01   4.5497809e-01
   1.2450000e+00   4.6724369e-01   4.8982380e-01   4.4487666e-01
   1.2550000e+00   4.6206518e-01   4.8476283e-01   4.3959095e-01
   1.2650000e+00   4.5945585e-01   4.8215918e-01   4.3699059e-01
   1.2750000e+00   4.5988582e-01   4.8252796e-01   4.3749356e-01
   1.2850000e+00   4.6332069e-01   4.8597277e-01   4.4087656e-01
   1.2950000e+00   4.6510652e-01   4.8770456e-01   4.4273204e-01
   1.3050000e+00   4.6680098e-01   4.8936763e-01   4.4446027e-01
   1.3150000e+00   4.6804429e-01   4.9062117e-01   4.4568665e-01
   1.3250000e+00   4.6867764e-01   4.9123694e-01   4.4633075e-01
   1.3350000e+00   4.6852259e-01   4.9108607e-01   4.4616904e-01
   1.3450000e+00   4.6581294e-01   4.8843366e-01   4.4341420e-01
   1.3550000e+00   4.6185336e-01   4.8454434e-01   4.3939363e-01
   1.3650000e+00   4.5792211e-01   4.8065962e-01   4.3541227e-01
   1.3750000e+00   4.4956764e-01   4.7232558e-01   4.2708258e-01
   1.3850000e+00   4.3690363e-01   4.5988931e-01   4.1423465e-01
   1.3950000e+00   4.1841649e-01   4.4146021e-01   3.9575375e-01
   1.4050000e+00   3.5461002e-01   3.7761193e-01   3.3223842e-01
   1.4150000e+00   2.6374940e-01   2.8537917e-01   2.4315420e-01
   1.4250000e+00   1.8351441e-01   2.0216691e-01   1.6614827e-01
   1.4350000e+00   1.2874677e-01   1.4409001e-01   1.1477189e-01
   1.4450000e+00   9.4524594e-02   1.0706931e-01   8.3306970e-02
   1.4550000e+00   6.8051680e-02   7.7875791e-02   5.9432043e-02
   1.4650000e+00   4.9893610e-02   5.7489994e-02   4.3348829e-02
   1.4750000e+00   3.8538509e-02   4.4530306e-02   3.3457941e-02
   1.4850000e+00   3.2563250e-02   3.7609720e-02   2.8331895e-02
   1.4950000e+00   3.0455655e-02   3.5149749e-02   2.6538332e-02
   1.5050000e+00   3.1582703e-02   3.6466726e-02   2.7495537e-02
   1.5150000e+00   3.3193194e-02   3.8345919e-02   2.8866529e-02
   1.5250000e+00   3.4862517e-02   4.0286651e-02   3.0293014e-02
   1.5350000e+00   3.7254417e-02   4.3051599e-02   3.2349664e-02
   1.5450000e+00   4.0233461e-02   4.6488224e-02   3.4915470e-02
   1.5550000e+00   4.3660169e-02   5.0412516e-02   3.7889564e-02
   1.5650000e+00   4.7684722e-02   5.4995017e-02   4.1403041e-02
   1.5750000e+00   5.2653392e-02   6.0632367e-02   4.5757574e-02
   1.5850000e+00   5.8541293e-02   6.7266226e-02   5.0953684e-02
   1.5950000e+00   6.3046019e-02   7.2311794e-02   5.4952244e-02
   1.6050000e+00   6.7442457e-02   7.7222014e-02   5.8868601e-02
   1.6150000e+00   7.1844382e-02   8.2113954e-02   6.2806787e-02
   1.6250000e+00   7.4566466e-02   8.5134758e-02   6.5246908e-02
   1.6350000e+00   7.7383353e-02   8.8250166e-02   6.7782531e-02
   1.6450000e+00   8.0471130e-02   9.1670102e-02   7.0552692e-02
   1.6550000e+00   8.4084625e-02   9.5655881e-02   7.3811960e-02
   1.6650000e+00   8.8399287e-02   1.0037219e-01   7.7733487e-02
   1.6750000e+00   9.3141484e-02   1.0557992e-01   8.2034869e-02
   1.6850000e+00   9.7839327e-02   1.1070597e-01   8.6313835e-02
   1.6950000e+00   1.0236916e-01   1.1562518e-01   9.0456757e-02
   1.7050000e+00   1.0698330e-01   1.2065846e-01   9.4675716e-02
   1.7150000e+00   1.1167711e-01   1.2573724e-01   9.8982958e-02
   1.7250000e+00   1.1658474e-01   1.3102787e-01   1.0351468e-01
   1.7350000e+00   1.2086928e-01   1.3567164e-01   1.0744711e-01
   1.7450000e+00   1.2423249e-01   1.3925601e-01   1.1058067e-01
   1.7550000e+00   1.2780314e-01   1.4313597e-01   1.1385687e-01
   1.7650000e+00   1.3093226e-01   1.4647824e-01   1.1676726e-01
   1.7750000e+00   1.3353442e-01   1.4926156e-01   1.1918654e-01
   1.7850000e+00   1.3616650e-01   1.5204496e-01   1.2165706e-01
   1.7950000e+00   1.3901400e-01   1.5514238e-01   1.2427091e-01
   1.8050000e+00   1.4217020e-01   1.5848219e-01   1.2723566e-01
   1.8150000e+00   1.4585343e-01   1.6243751e-01   1.3064982e-01
   1.8250000e+00   1.4968504e-01   1.6649133e-01   1.3425013e-01
   1.8350000e+00   1.5154891e-01   1.6846634e-01   1.3599445e-01
   1.8450000e+00   1.5032291e-01   1.6717352e-01   1.3484178e-01
   1.8550000e+00   1.4619199e-01   1.6275540e-01   1.3099185e-01
   1.8650000e+00   1.3430325e-01   1.5013698e-01   1.1986882e-01
   1.8750000e+00   1.1348614e-01   1.2772023e-01   1.0063037e-01
   1.8850000e+00   9.2639718e-02   1.0504427e-01   8.1564847e-02
   1.8950000e+00   7.0939301e-02   8.1158359e-02   6.1958114e-02
   1.9050000e+00   5.2896832e-02   6.0946519e-02   4.5934710e-02
   1.9150000e+00   3.6718305e-02   4.2504085e-02   3.1821158e-02
   1.9250000e+00   2.7604920e-02   3.1904915e-02   2.4034847e-02
   1.9350000e+00   2.1368414e-02   2.4510189e-02   1.8814430e-02
   1.9450000e+00   1.7866089e-02   2.0279125e-02   1.5941143e-02
   1.9550000e+00   1.5854155e-02   1.7807713e-02   1.4320694e-02
   1.9650000e+00   1.4679268e-02   1.6345459e-02   1.3387717e-02
   1.9750000e+00   1.4085654e-02   1.5601523e-02   1.2919653e-02
   1.9850000e+00   1.3800112e-02   1.5243567e-02   1.2694248e-02
   1.9950000e+00   1.3756025e-02   1.5191682e-02   1.2656710e-02
   2.0050000e+00   1.3855880e-02   1.5322626e-02   1.2730630e-02
   2.0150000e+00   1.4114931e-02   1.5655272e-02   1.2928297e-02
   2.0250000e+00   1.4445477e-02   1.6076320e-02   1.3183260e-02
   2.0350000e+00   1.4862023e-02   1.6602112e-02   1.3507922e-02
   2.0450000e+00   1.5460736e-02   1.7353955e-02   1.3977750e-02
   2.0550000e+00   1.6387863e-02   1.8505122e-02   1.4714604e-02
   2.0650000e+00   1.7600442e-02   1.9996860e-02   1.5688762e-02
   2.0750000e+00   1.9389132e-02   2.2173909e-02   1.7143213e-02
   2.0850000e+00   2.1726042e-02   2.4988330e-02   1.9066277e-02
   2.0950000e+00   2.4918094e-02   2.8784094e-02   2.1729026e-02
   2.1050000e+00   2.9305704e-02   3.3945767e-02   2.5432868e-02
   2.1150000e+00   3.3939588e-02   3.9341430e-02   2.9387803e-02
   2.1250000e+00   4.0218210e-02   4.6575044e-02   3.4805351e-02
   2.1350000e+00   4.7291936e-02   5.4651017e-02   4.0969403e-02
   2.1450000e+00   5.4700484e-02   6.3023257e-02   4.7487994e-02
   2.1550000e+00   6.2506775e-02   7.1785696e-02   5.4406154e-02
   2.1650000e+00   7.0139200e-02   8.0289632e-02   6.1220027e-02
   2.1750000e+00   7.7903944e-02   8.8908191e-02   6.8183190e-02
   2.1850000e+00   8.5161243e-02   9.6876036e-02   7.4753705e-02
   2.1950000e+00   9.2020347e-02   1.0440143e-01   8.0978346e-02
   2.2050000e+00   9.7826046e-02   1.1075234e-01   8.6260317e-02
   2.2150000e+00   1.0444527e-01   1.1796210e-01   9.2296222e-02
   2.2250000e+00   1.1011455e-01   1.2411696e-01   9.7498321e-02
   2.2350000e+00   1.1489979e-01   1.2927218e-01   1.0191227e-01
   2.2450000e+00   1.1799048e-01   1.3262294e-01   1.0475518e-01
   2.2550000e+00   1.1656527e-01   1.3107180e-01   1.0345239e-01
   2.2650000e+00   1.1357695e-01   1.2787923e-01   1.0066500e-01
   2.2750000e+00   1.0740954e-01   1.2116743e-01   9.5024772e-02
   2.2850000e+00   1.0019865e-01   1.1334923e-01   8.8405996e-02
   2.2950000e+00   9.1787779e-02   1.0416241e-01   8.0745415e-02
   2.3050000e+00   8.2906795e-02   9.4414731e-02   7.2703627e-02
   2.3150000e+00   7.4842964e-02   8.5485625e-02   6.5444327e-02
   2.3250000e+00   6.7561250e-02   7.7468182e-02   5.8879379e-02
   2.3350000e+00   6.1345889e-02   7.0527626e-02   5.3339411e-02
   2.3450000e+00   5.6079357e-02   6.4621819e-02   4.8661308e-02
   2.3550000e+00   5.1849516e-02   5.9847412e-02   4.4936690e-02
   2.3650000e+00   4.8666950e-02   5.6280852e-02   4.2111840e-02
   2.3750000e+00   4.6120495e-02   5.3375434e-02   3.9886682e-02
   2.3850000e+00   4.4258970e-02   5.1261682e-02   3.8254617e-02
   2.3950000e+00   4.2656208e-02   4.9442467e-02   3.6847648e-02
   2.4050000e+00   4.1248254e-02   4.7850733e-02   3.5610650e-02
   2.4150000e+00   4.0024781e-02   4.6436813e-02   3.4552148e-02
   2.4250000e+00   3.8935759e-02   4.5201309e-02   3.3598822e-02
   2.4350000e+00   3.7762201e-02   4.3866078e-02   3.2571895e-02
   2.4450000e+00   3.6542933e-02   4.2463500e-02   3.1513329e-02
   2.4550000e+00   3.5403135e-02   4.1179985e-02   3.0510560e-02
   2.4650000e+00   3.4286956e-02   3.9885992e-02   2.9550206e-02
   2.4750000e+00   3.3281780e-02   3.8729840e-02   2.8678518e-02
   2.4850000e+00   3.2326985e-02   3.7632108e-02   2.7850000e-02
   2.4950000e+00   3.1386644e-02   3.6552919e-02   2.7034461e-02
   2.5050000e+00   3.0743961e-02   3.5813400e-02   2.6475570e-02
   2.5150000e+00   3.0317436e-02   3.5332757e-02   2.6099653e-02
   2.5250000e+00   3.0063556e-02   3.5044960e-02   2.5874781e-02
   2.5350000e+00   3.0024220e-02   3.5011315e-02   2.5831831e-02
   2.5450000e+00   2.9942923e-02   3.4912634e-02   2.5760972e-02
   2.5550000e+00   3.0114133e-02   3.5114258e-02   2.5901720e-02
   2.5650000e+00   3.0507740e-02   3.5579916e-02   2.6231612e-02
   2.5750000e+00   3.0533274e-02   3.5613156e-02   2.6251719e-02
   2.5850000e+00   3.0439225e-02   3.5528122e-02   2.6150933e-02
   2.5950000e+00   2.9863775e-02   3.4856879e-02   2.5653360e-02
   2.6050000e+00   2.8823361e-02   3.3663843e-02   2.4749708e-02
   2.6150000e+00   2.7498488e-02   3.2136022e-02   2.3606111e-02
   2.6250000e+00   2.4909292e-02   2.9135641e-02   2.1377714e-02
   2.6350000e+00   2.1612679e-02   2.5295000e-02   1.8557585e-02
   2.6450000e+00   1.8994358e-02   2.2227909e-02   1.6330031e-02
   2.6550000e+00   1.6866606e-02   1.9721363e-02   1.4528890e-02
   2.6650000e+00   1.5122458e-02   1.7663417e-02   1.3054826e-02
   2.6750000e+00   1.3655737e-02   1.5925173e-02   1.1819766e-02
   2.6850000e+00   9.9842993e-03   1.1497624e-02   8.7885080e-03
   2.6950000e+00   7.9430027e-03   9.0048260e-03   7.1231411e-03
   2.7050000e+00   6.6740641e-03   7.4452927e-03   6.0916953e-03
   2.7150000e+00   5.8149905e-03   6.3895936e-03   5.3900575e-03
   2.7250000e+00   5.1890943e-03   5.6264053e-03   4.8719880e-03
   2.7350000e+00   4.1605824e-03   4.3197824e-03   4.0536255e-03
   2.7450000e+00   3.6821963e-03   3.7531390e-03   3.6365091e-03
   2.7550000e+00   3.3325847e-03   3.3705198e-03   3.3081850e-03
   2.7650000e+00   3.0265056e-03   3.0506155e-03   3.0104647e-03
   2.7750000e+00   2.7418995e-03   2.7597001e-03   2.7294514e-03
   2.7850000e+00   2.4140271e-03   2.4266186e-03   2.4043732e-03
   2.7950000e+00   2.0945263e-03   2.1054822e-03   2.0856511e-03
   2.8050000e+00   1.8114782e-03   1.8221116e-03   1.8027303e-03
   2.8150000e+00   1.5698004e-03   1.5805698e-03   1.5609584e-03
   2.8250000e+00   1.3959312e-03   1.4068513e-03   1.3869540e-03
   2.8350000e+00   1.3407572e-03   1.3515429e-03   1.3317989e-03
   2.8450000e+00   1.4836151e-03   1.4942251e-03   1.4746938e-03
   2.8550000e+00   1.9115672e-03   1.9224238e-03   1.9023753e-03
   2.8650000e+00   2.6666622e-03   2.6781113e-03   2.6569578e-03
   2.8750000e+00   4.0287240e-03   4.0407095e-03   4.0186020e-03
   2.8850000e+00   5.8137950e-03   5.8257704e-03   5.8037487e-03
   2.8950000e+00   8.1196999e-03   8.1307704e-03   8.1105125e-03
   2.9050000e+00   1.0509745e-02   1.0519128e-02   1.0502084e-02
   2.9150000e+00   1.2983757e-02   1.2990880e-02   1.2978110e-02
   2.9250000e+00   1.4962724e-02   1.4967377e-02   1.4959258e-02
   2.9350000e+00   1.6902701e-02   1.6904808e-02   1.6901478e-02
   2.9450000e+00   1.8184734e-02   1.8184826e-02   1.8185281e-02
   2.9550000e+00   1.9580593e-02   1.9578580e-02   1.9582993e-02
   2.9650000e+00   2.1066224e-02   2.1062021e-02   2.1070548e-02
   2.9750000e+00   2.2780989e-02   2.2774287e-02   2.2787510e-02
   2.9850000e+00   2.4594749e-02   2.4585371e-02   2.4603622e-02
   2.9950000e+00   2.6834928e-02   2.6822116e-02   2.6846816e-02
   3.0050000e+00   2.9158572e-02   2.9142068e-02   2.9173699e-02
   3.0150000e+00   3.1616062e-02   3.1595348e-02   3.1634882e-02
   3.0250000e+00   3.4124430e-02   3.4099167e-02   3.4147240e-02
   3.0350000e+00   3.6697599e-02   3.6667340e-02   3.6724790e-02
   3.0450000e+00   3.9252390e-02   3.9216692e-02   3.9284353e-02
   3.0550000e+00   4.1891489e-02   4.1849789e-02   4.1928726e-02
   3.0650000e+00   4.3043601e-02   4.2997885e-02   4.3084381e-02
   3.0750000e+00   4.3901858e-02   4.3852610e-02   4.3945764e-02
   3.0850000e+00   4.3499091e-02   4.3448759e-02   4.3543980e-02
   3.0950000e+00   4.3148669e-02   4.3097419e-02   4.3194396e-02
   3.1050000e+00   4.2073030e-02   4.2022642e-02   4.2118026e-02
   3.1150000e+00   4.1208043e-02   4.1158322e-02   4.1252478e-02
   3.1250000e+00   4.0571177e-02   4.0522004e-02   4.0615149e-02
   3.1350000e+00   4.0117531e-02   4.0068649e-02   4.0161265e-02
   3.1450000e+00   3.9589674e-02   3.9541320e-02   3.9632961e-02
   3.1550000e+00   3.9232567e-02   3.9184494e-02   3.9275625e-02
   3.1650000e+00   3.8438872e-02   3.8392002e-02   3.8480884e-02
   3.1750000e+00   3.7825716e-02   3.7779771e-02   3.7866926e-02
   3.1850000e+00   3.6702675e-02   3.6658716e-02   3.6742143e-02
   3.1950000e+00   3.5737070e-02   3.5694837e-02   3.5775024e-02
   3.2050000e+00   3.4515672e-02   3.4475687e-02   3.4551646e-02
   3.2150000e+00   3.3391226e-02   3.3353319e-02   3.3425369e-02
   3.2250000e+00   3.2397807e-02   3.2361725e-02   3.2430342e-02
   3.2350000e+00   3.1447932e-02   3.1413597e-02   3.1478927e-02
   3.2450000e+00   3.0677632e-02   3.0644703e-02   3.0707387e-02
   3.2550000e+00   2.9951022e-02   2.9919421e-02   2.9979606e-02
   3.2650000e+00   2.9135171e-02   2.9105065e-02   2.9162435e-02
   3.2750000e+00   2.8318981e-02   2.8290374e-02   2.8344923e-02
   3.2850000e+00   2.7610946e-02   2.7583622e-02   2.7635756e-02
   3.2950000e+00   2.6967048e-02   2.6940878e-02   2.6990839e-02
   3.3050000e+00   2.6387833e-02   2.6362701e-02   2.6410707e-02
   3.3150000e+00   2.5874100e-02   2.5849893e-02   2.5896160e-02
   3.3250000e+00   2.5373875e-02   2.5350567e-02   2.5395142e-02
   3.3350000e+00   2.4891259e-02   2.4868815e-02   2.4911764e-02
   3.3450000e+00   2.4415354e-02   2.4393764e-02   2.4435105e-02
   3.3550000e+00   2.3957918e-02   2.3937146e-02   2.3976948e-02
   3.3650000e+00   2.3505742e-02   2.3485780e-02   2.3524057e-02
   3.3750000e+00   2.3082780e-02   2.3063570e-02   2.3100431e-02
   3.3850000e+00   2.2669104e-02   2.2650631e-02   2.2686106e-02
   3.3950000e+00   2.2284219e-02   2.2266431e-02   2.2300619e-02
   3.4050000e+00   2.1927228e-02   2.1910075e-02   2.1943069e-02
   3.4150000e+00   2.1580203e-02   2.1563674e-02   2.1595500e-02
   3.4250000e+00   2.1266669e-02   2.1250711e-02   2.1281471e-02
   3.4350000e+00   2.0954693e-02   2.0939328e-02   2.0968994e-02
   3.4450000e+00   2.0667919e-02   2.0653128e-02   2.0681748e-02
   3.4550000e+00   2.0385009e-02   2.0370852e-02   2.0398344e-02
   3.4650000e+00   2.0117035e-02   2.0103588e-02   2.0129856e-02
   3.4750000e+00   1.9863799e-02   1.9851191e-02   1.9876059e-02
   3.4850000e+00   1.9613710e-02   1.9602248e-02   1.9625269e-02
   3.4950000e+00   1.9382693e-02   1.9372592e-02   1.9393456e-02
   3.5050000e+00   1.9152909e-02   1.9144789e-02   1.9162566e-02
   3.5150000e+00   1.8939561e-02   1.8934041e-02   1.8947794e-02
   3.5250000e+00   1.8737771e-02   1.8735713e-02   1.8744116e-02
   3.5350000e+00   1.8540045e-02   1.8542972e-02   1.8543656e-02
   3.5450000e+00   1.8360174e-02   1.8368724e-02   1.8360649e-02
   3.5550000e+00   1.8183443e-02   1.8199760e-02   1.8179518e-02
   3.5650000e+00   1.8025636e-02   1.8050185e-02   1.8016958e-02
   3.5750000e+00   1.7880604e-02   1.7913678e-02   1.7866913e-02
   3.5850000e+00   1.7738957e-02   1.7782645e-02   1.7718934e-02
   3.5950000e+00   1.7601809e-02   1.7658827e-02   1.7573705e-02
   3.6050000e+00   1.7470506e-02   1.7544213e-02   1.7432097e-02
   3.6150000e+00   1.7347123e-02   1.7441956e-02   1.7295435e-02
   3.6250000e+00   1.7235222e-02   1.7354741e-02   1.7167706e-02
   3.6350000e+00   1.7137833e-02   1.7266992e-02   1.7064014e-02
   3.6450000e+00   1.7042117e-02   1.7181764e-02   1.6961421e-02
   3.6550000e+00   1.6947934e-02   1.7098607e-02   1.6859920e-02
   3.6650000e+00   1.6855697e-02   1.7018386e-02   1.6759702e-02
   3.6750000e+00   1.6765440e-02   1.6940894e-02   1.6660867e-02
   3.6850000e+00   1.6677407e-02   1.6866689e-02   1.6563517e-02
   3.6950000e+00   1.6591619e-02   1.6795567e-02   1.6467759e-02
   3.7050000e+00   1.6508678e-02   1.6728532e-02   1.6373934e-02
   3.7150000e+00   1.6428462e-02   1.6665274e-02   1.6282025e-02
   3.7250000e+00   1.6351442e-02   1.6606588e-02   1.6192316e-02
   3.7350000e+00   1.6267675e-02   1.6534232e-02   1.6100526e-02
   3.7450000e+00   1.6162832e-02   1.6423155e-02   1.5999928e-02
   3.7550000e+00   1.6058228e-02   1.6312337e-02   1.5899550e-02
   3.7650000e+00   1.5954316e-02   1.6202423e-02   1.5799676e-02
   3.7750000e+00   1.5850889e-02   1.6093215e-02   1.5700147e-02
   3.7850000e+00   1.5744075e-02   1.5969141e-02   1.5605138e-02
   3.7950000e+00   1.5640414e-02   1.5849446e-02   1.5512313e-02
   3.8050000e+00   1.5539891e-02   1.5734452e-02   1.5421540e-02
   3.8150000e+00   1.5441726e-02   1.5622784e-02   1.5332394e-02
   3.8250000e+00   1.5346198e-02   1.5515076e-02   1.5244961e-02
   3.8350000e+00   1.5252512e-02   1.5409951e-02   1.5158797e-02
   3.8450000e+00   1.5160806e-02   1.5307849e-02   1.5073914e-02
   3.8550000e+00   1.5081236e-02   1.5215966e-02   1.5002380e-02
   3.8650000e+00   1.5006665e-02   1.5129541e-02   1.4935472e-02
   3.8750000e+00   1.4934532e-02   1.5046857e-02   1.4870113e-02
   3.8850000e+00   1.4864274e-02   1.4966997e-02   1.4805967e-02
   3.8950000e+00   1.4795881e-02   1.4890012e-02   1.4742997e-02
   3.9050000e+00   1.4728926e-02   1.4815202e-02   1.4680952e-02
   3.9150000e+00   1.4663367e-02   1.4742582e-02   1.4619780e-02
   3.9250000e+00   1.4599023e-02   1.4671859e-02   1.4559368e-02
   3.9350000e+00   1.4535670e-02   1.4602648e-02   1.4499589e-02
   3.9450000e+00   1.4473326e-02   1.4535047e-02   1.4440432e-02
   3.9550000e+00   1.4411766e-02   1.4468665e-02   1.4381772e-02
   3.9650000e+00   1.4351005e-02   1.4403552e-02   1.4323605e-02
   3.9750000e+00   1.4299631e-02   1.4347692e-02   1.4274894e-02
   3.9850000e+00   1.4254879e-02   1.4298609e-02   1.4232696e-02
   3.9950000e+00   1.4210845e-02   1.4250699e-02   1.4190930e-02
   4.0050000e+00   1.4167411e-02   1.4203751e-02   1.4149532e-02
   4.0150000e+00   1.4124533e-02   1.4157712e-02   1.4108468e-02
   4.0250000e+00   1.4082140e-02   1.4112470e-02   1.4067698e-02
   4.0350000e+00   1.4040176e-02   1.4067927e-02   1.4027188e-02
   4.0450000e+00   1.3998606e-02   1.4024032e-02   1.3986917e-02
   4.0550000e+00   1.3957368e-02   1.3980681e-02   1.3946850e-02
   4.0650000e+00   1.3916445e-02   1.3937847e-02   1.3906975e-02
   4.0750000e+00   1.3875806e-02   1.3895481e-02   1.3867273e-02
   4.0850000e+00   1.3835409e-02   1.3853510e-02   1.3827725e-02
   4.0950000e+00   1.3795245e-02   1.3811919e-02   1.3788320e-02
   4.1050000e+00   1.3760993e-02   1.3776337e-02   1.3754774e-02
   4.1150000e+00   1.3730731e-02   1.3744842e-02   1.3725162e-02
   4.1250000e+00   1.3700642e-02   1.3713634e-02   1.3695657e-02
   4.1350000e+00   1.3670706e-02   1.3682679e-02   1.3666248e-02
   4.1450000e+00   1.3640915e-02   1.3651960e-02   1.3636931e-02
   4.1550000e+00   1.3611256e-02   1.3621459e-02   1.3607697e-02
   4.1650000e+00   1.3581716e-02   1.3591150e-02   1.3578541e-02
   4.1750000e+00   1.3552287e-02   1.3561020e-02   1.3549458e-02
   4.1850000e+00   1.3522963e-02   1.3531058e-02   1.3520444e-02
   4.1950000e+00   1.3493734e-02   1.3501248e-02   1.3491495e-02
   4.2050000e+00   1.3464596e-02   1.3471579e-02   1.3462608e-02
   4.2150000e+00   1.3435542e-02   1.3442041e-02   1.3433779e-02
   4.2250000e+00   1.3406568e-02   1.3412626e-02   1.3405006e-02
   4.2350000e+00   1.3377669e-02   1.3383325e-02   1.3376288e-02
   4.2450000e+00   1.3354965e-02   1.3360014e-02   1.3353872e-02
   4.2550000e+00   1.3336496e-02   1.3340870e-02   1.3335725e-02
   4.2650000e+00   1.3318185e-02   1.3321979e-02   1.3317686e-02
   4.2750000e+00   1.3300016e-02   1.3303311e-02   1.3299746e-02
   4.2850000e+00   1.3281976e-02   1.3284842e-02   1.3281898e-02
   4.2950000e+00   1.3264053e-02   1.3266550e-02   1.3264136e-02
   4.3050000e+00   1.3246239e-02   1.3248419e-02   1.3246456e-02
   4.3150000e+00   1.3228527e-02   1.3230434e-02   1.3228856e-02
   4.3250000e+00   1.3210909e-02   1.3212583e-02   1.3211330e-02
   4.3350000e+00   1.3193381e-02   1.3194856e-02   1.3193878e-02
   4.3450000e+00   1.3175939e-02   1.3177242e-02   1.3176496e-02
   4.3550000e+00   1.3167969e-02   1.3169070e-02   1.3168609e-02
   4.3650000e+00   1.3164129e-02   1.3165037e-02   1.3164850e-02
   4.3750000e+00   1.3160395e-02   1.3161140e-02   1.3161183e-02
   4.3850000e+00   1.3156762e-02   1.3157370e-02   1.3157604e-02
   4.3950000e+00   1.3166364e-02   1.3166837e-02   1.3167271e-02
   4.4050000e+00   1.3179330e-02   1.3179680e-02   1.3180299e-02
   4.4150000e+00   1.3192373e-02   1.3192613e-02   1.3193397e-02
   4.4250000e+00   1.3205490e-02   1.3205633e-02   1.3206565e-02
   4.4350000e+00   1.3218680e-02   1.3218735e-02   1.3219801e-02
   4.4450000e+00   1.3233503e-02   1.3233480e-02   1.3234667e-02
   4.4550000e+00   1.3262426e-02   1.3262331e-02   1.3263643e-02
   4.4650000e+00   1.3291375e-02   1.3291209e-02   1.3292644e-02
   4.4750000e+00   1.3320349e-02   1.3320114e-02   1.3321671e-02
   4.4850000e+00   1.3349349e-02   1.3349046e-02   1.3350722e-02
   4.4950000e+00   1.3378374e-02   1.3378004e-02   1.3379799e-02
   4.5050000e+00   1.3407424e-02   1.3406989e-02   1.3408900e-02
   4.5150000e+00   1.3441981e-02   1.3441517e-02   1.3443498e-02
   4.5250000e+00   1.3476570e-02   1.3476076e-02   1.3478127e-02
   4.5350000e+00   1.3511189e-02   1.3510668e-02   1.3512786e-02
   4.5450000e+00   1.3545838e-02   1.3545291e-02   1.3547474e-02
   4.5550000e+00   1.3578650e-02   1.3578125e-02   1.3580304e-02
   4.5650000e+00   1.3604846e-02   1.3604378e-02   1.3606494e-02
   4.5750000e+00   1.3624887e-02   1.3624504e-02   1.3626512e-02
   4.5850000e+00   1.3629216e-02   1.3628976e-02   1.3630777e-02
   4.5950000e+00   1.3617839e-02   1.3617808e-02   1.3619292e-02
   4.6050000e+00   1.3606577e-02   1.3606784e-02   1.3607907e-02
   4.6150000e+00   1.3595435e-02   1.3595919e-02   1.3596623e-02
   4.6250000e+00   1.3584420e-02   1.3585227e-02   1.3585445e-02
   4.6350000e+00   1.3573543e-02   1.3574728e-02   1.3574378e-02
   4.6450000e+00   1.3562815e-02   1.3564446e-02   1.3563426e-02
   4.6550000e+00   1.3552252e-02   1.3554409e-02   1.3552599e-02
   4.6650000e+00   1.3541872e-02   1.3544655e-02   1.3541904e-02
   4.6750000e+00   1.3531701e-02   1.3535229e-02   1.3531355e-02
   4.6850000e+00   1.3521767e-02   1.3526190e-02   1.3520967e-02
   4.6950000e+00   1.3512111e-02   1.3517609e-02   1.3510760e-02
   4.7050000e+00   1.3502783e-02   1.3509578e-02   1.3500760e-02
   4.7150000e+00   1.3493847e-02   1.3502214e-02   1.3491003e-02
   4.7250000e+00   1.3474903e-02   1.3484606e-02   1.3471342e-02
   4.7350000e+00   1.3449191e-02   1.3460002e-02   1.3445023e-02
   4.7450000e+00   1.3423638e-02   1.3435665e-02   1.3418799e-02
   4.7550000e+00   1.3398259e-02   1.3411625e-02   1.3392682e-02
   4.7650000e+00   1.3373077e-02   1.3387915e-02   1.3366683e-02
   4.7750000e+00   1.3348111e-02   1.3364572e-02   1.3340813e-02
   4.7850000e+00   1.3323384e-02   1.3341631e-02   1.3315086e-02
   4.7950000e+00   1.3298927e-02   1.3319145e-02   1.3289518e-02
   4.8050000e+00   1.3274772e-02   1.3297169e-02   1.3264130e-02
   4.8150000e+00   1.3250955e-02   1.3275757e-02   1.3238942e-02
   4.8250000e+00   1.3227517e-02   1.3254976e-02   1.3213979e-02
   4.8350000e+00   1.3204508e-02   1.3234909e-02   1.3189270e-02
   4.8450000e+00   1.3181981e-02   1.3215643e-02   1.3164846e-02
   4.8550000e+00   1.3160004e-02   1.3197282e-02   1.3140750e-02
   4.8650000e+00   1.3138649e-02   1.3179942e-02   1.3117026e-02
   4.8750000e+00   1.3118003e-02   1.3163753e-02   1.3093727e-02
   4.8850000e+00   1.3098144e-02   1.3148839e-02   1.3070903e-02
   4.8950000e+00   1.3079209e-02   1.3135410e-02   1.3048638e-02
   4.9050000e+00   1.3060482e-02   1.3122442e-02   1.3026401e-02
   4.9150000e+00   1.3034778e-02   1.3099421e-02   1.2999035e-02
   4.9250000e+00   1.3009281e-02   1.3076711e-02   1.2971805e-02
   4.9350000e+00   1.2983992e-02   1.3054326e-02   1.2944706e-02
   4.9450000e+00   1.2958927e-02   1.3032287e-02   1.2917751e-02
   4.9550000e+00   1.2934097e-02   1.3010611e-02   1.2890946e-02
   4.9650000e+00   1.2909525e-02   1.2989324e-02   1.2864307e-02
   4.9750000e+00   1.2885204e-02   1.2968414e-02   1.2837832e-02
   4.9850000e+00   1.2861126e-02   1.2947870e-02   1.2811516e-02
   4.9950000e+00   1.2837358e-02   1.2927805e-02   1.2785397e-02
