   3.0500000e-01   9.4916471e-01   9.5281683e-01   9.4516021e-01
   3.1500000e-01   9.4910296e-01   9.5276610e-01   9.4509062e-01
   3.2500000e-01   9.4906025e-01   9.5274320e-01   9.4502558e-01
   3.3500000e-01   9.4905717e-01   9.5274982e-01   9.4500995e-01
   3.4500000e-01   9.4903801e-01   9.5274827e-01   9.4497177e-01
   3.5500000e-01   9.4902345e-01   9.5274203e-01   9.4494882e-01
   3.6500000e-01   9.4911659e-01   9.5284543e-01   9.4502910e-01
   3.7500000e-01   9.4916117e-01   9.5289462e-01   9.4506933e-01
   3.8500000e-01   9.4922013e-01   9.5296053e-01   9.4511981e-01
   3.9500000e-01   9.4928712e-01   9.5303803e-01   9.4517540e-01
   4.0500000e-01   9.4939281e-01   9.5315089e-01   9.4527297e-01
   4.1500000e-01   9.4947420e-01   9.5324218e-01   9.4534404e-01
   4.2500000e-01   9.4960492e-01   9.5337617e-01   9.4547017e-01
   4.3500000e-01   9.4973221e-01   9.5350823e-01   9.4559116e-01
   4.4500000e-01   9.4983803e-01   9.5361692e-01   9.4569406e-01
   4.5500000e-01   9.4992596e-01   9.5371335e-01   9.4577349e-01
   4.6500000e-01   9.5002557e-01   9.5381029e-01   9.4587560e-01
   4.7500000e-01   9.5013435e-01   9.5392895e-01   9.4597315e-01
   4.8500000e-01   9.5024485e-01   9.5403812e-01   9.4608422e-01
   4.9500000e-01   9.5027082e-01   9.5407296e-01   9.4610060e-01
   5.0500000e-01   9.5028503e-01   9.5408785e-01   9.4611473e-01
   5.1500000e-01   9.5032714e-01   9.5413256e-01   9.4615191e-01
   5.2500000e-01   9.5031888e-01   9.5412830e-01   9.4613775e-01
   5.3500000e-01   9.5022983e-01   9.5404093e-01   9.4605224e-01
   5.4500000e-01   9.5013265e-01   9.5396180e-01   9.4593456e-01
   5.5500000e-01   9.4999663e-01   9.5382522e-01   9.4580016e-01
   5.6500000e-01   9.4991144e-01   9.5374777e-01   9.4570684e-01
   5.7500000e-01   9.4973961e-01   9.5357304e-01   9.4553759e-01
   5.8500000e-01   9.4955894e-01   9.5340542e-01   9.4533903e-01
   5.9500000e-01   9.4938201e-01   9.5323158e-01   9.4516151e-01
   6.0500000e-01   9.4905447e-01   9.5290059e-01   9.4483685e-01
   6.1500000e-01   9.4824197e-01   9.5214838e-01   9.4398137e-01
   6.2500000e-01   9.4794960e-01   9.5183166e-01   9.4369175e-01
   6.3500000e-01   9.4738372e-01   9.5126258e-01   9.4313375e-01
   6.4500000e-01   9.4661858e-01   9.5050736e-01   9.4236675e-01
   6.5500000e-01   9.4567684e-01   9.4957861e-01   9.4139683e-01
   6.6500000e-01   9.4515021e-01   9.4909667e-01   9.4083059e-01
   6.7500000e-01   9.4442752e-01   9.4840351e-01   9.4008809e-01
   6.8500000e-01   9.4386529e-01   9.4776981e-01   9.3957559e-01
   6.9500000e-01   9.4219240e-01   9.4613189e-01   9.3789208e-01
   7.0500000e-01   9.4085340e-01   9.4483826e-01   9.3649902e-01
   7.1500000e-01   9.3899415e-01   9.4306698e-01   9.3454789e-01
   7.2500000e-01   9.3793184e-01   9.4200035e-01   9.3349482e-01
   7.3500000e-01   9.3669606e-01   9.4078518e-01   9.3224868e-01
   7.4500000e-01   9.3408700e-01   9.3823923e-01   9.2958431e-01
   7.5500000e-01   9.3128623e-01   9.3547166e-01   9.2673650e-01
   7.6500000e-01   9.2783665e-01   9.3214554e-01   9.2317287e-01
   7.7500000e-01   9.2382140e-01   9.2823902e-01   9.1904377e-01
   7.8500000e-01   9.1991522e-01   9.2442040e-01   9.1505326e-01
   7.9500000e-01   9.1607501e-01   9.2074416e-01   9.1107511e-01
   8.0500000e-01   9.1345754e-01   9.1816489e-01   9.0841747e-01
   8.1500000e-01   9.1362638e-01   9.1838621e-01   9.0852173e-01
   8.2500000e-01   9.1300254e-01   9.1774316e-01   9.0790772e-01
   8.3500000e-01   9.1201881e-01   9.1665538e-01   9.0703565e-01
   8.4500000e-01   9.0827688e-01   9.1287959e-01   9.0329113e-01
   8.5500000e-01   9.0322297e-01   9.0834148e-01   8.9774461e-01
   8.6500000e-01   8.9564281e-01   9.0105377e-01   8.8987868e-01
   8.7500000e-01   8.8616030e-01   8.9197357e-01   8.7998453e-01
   8.8500000e-01   8.7687155e-01   8.8299377e-01   8.7035400e-01
   8.9500000e-01   8.7092803e-01   8.7720888e-01   8.6427574e-01
   9.0500000e-01   8.6759687e-01   8.7404338e-01   8.6081293e-01
   9.1500000e-01   8.6549769e-01   8.7212976e-01   8.5847729e-01
   9.2500000e-01   8.6168356e-01   8.6847209e-01   8.5452945e-01
   9.3500000e-01   8.5755027e-01   8.6445562e-01   8.5026627e-01
   9.4500000e-01   8.5249607e-01   8.5961206e-01   8.4501431e-01
   9.5500000e-01   8.4280952e-01   8.5037726e-01   8.3481903e-01
   9.6500000e-01   8.2786810e-01   8.3610681e-01   8.1923828e-01
   9.7500000e-01   8.1291904e-01   8.2173123e-01   8.0368569e-01
   9.8500000e-01   7.9855060e-01   8.0784609e-01   7.8877359e-01
   9.9500000e-01   7.8188934e-01   7.9184783e-01   7.7150917e-01
   1.0050000e+00   7.6392265e-01   7.7465713e-01   7.5265804e-01
   1.0150000e+00   7.4784701e-01   7.5928585e-01   7.3594726e-01
   1.0250000e+00   7.4094961e-01   7.5252161e-01   7.2885778e-01
   1.0350000e+00   7.4051120e-01   7.5223949e-01   7.2827031e-01
   1.0450000e+00   7.4470573e-01   7.5619954e-01   7.3275031e-01
   1.0550000e+00   7.5498857e-01   7.6604080e-01   7.4345419e-01
   1.0650000e+00   7.6551792e-01   7.7618706e-01   7.5433381e-01
   1.0750000e+00   7.7172617e-01   7.8218901e-01   7.6083262e-01
   1.0850000e+00   7.7574628e-01   7.8614347e-01   7.6487934e-01
   1.0950000e+00   7.7747534e-01   7.8779196e-01   7.6669047e-01
   1.1050000e+00   7.7749518e-01   7.8782474e-01   7.6667765e-01
   1.1150000e+00   7.7467699e-01   7.8507836e-01   7.6383759e-01
   1.1250000e+00   7.6854150e-01   7.7913461e-01   7.5745424e-01
   1.1350000e+00   7.5839021e-01   7.6939808e-01   7.4691528e-01
   1.1450000e+00   7.5356615e-01   7.6471714e-01   7.4190764e-01
   1.1550000e+00   7.3666342e-01   7.4842235e-01   7.2441549e-01
   1.1650000e+00   7.0935670e-01   7.2227262e-01   6.9594282e-01
   1.1750000e+00   6.8166894e-01   6.9531256e-01   6.6751158e-01
   1.1850000e+00   6.5676306e-01   6.7124086e-01   6.4176874e-01
   1.1950000e+00   6.3398368e-01   6.4908078e-01   6.1841873e-01
   1.2050000e+00   6.0550601e-01   6.2147739e-01   5.8905909e-01
   1.2150000e+00   5.7486353e-01   5.9146134e-01   5.5783974e-01
   1.2250000e+00   5.5607498e-01   5.7319383e-01   5.3855568e-01
   1.2350000e+00   5.4321191e-01   5.6049858e-01   5.2552439e-01
   1.2450000e+00   5.3371797e-01   5.5120769e-01   5.1584212e-01
   1.2550000e+00   5.2884750e-01   5.4646561e-01   5.1085147e-01
   1.2650000e+00   5.2630265e-01   5.4394218e-01   5.0828745e-01
   1.2750000e+00   5.2662397e-01   5.4423684e-01   5.0864761e-01
   1.2850000e+00   5.2998136e-01   5.4754288e-01   5.1203582e-01
   1.2950000e+00   5.3165091e-01   5.4919160e-01   5.1373875e-01
   1.3050000e+00   5.3325074e-01   5.5075234e-01   5.1537307e-01
   1.3150000e+00   5.3448425e-01   5.5198790e-01   5.1660406e-01
   1.3250000e+00   5.3506446e-01   5.5254601e-01   5.1720607e-01
   1.3350000e+00   5.3491529e-01   5.5239116e-01   5.1705590e-01
   1.3450000e+00   5.3236582e-01   5.4992260e-01   5.1443938e-01
   1.3550000e+00   5.2860023e-01   5.4621118e-01   5.1060853e-01
   1.3650000e+00   5.2481916e-01   5.4248497e-01   5.0677748e-01
   1.3750000e+00   5.1669133e-01   5.3448666e-01   4.9856220e-01
   1.3850000e+00   5.0462984e-01   5.2264433e-01   4.8626844e-01
   1.3950000e+00   4.8654210e-01   5.0477077e-01   4.6801393e-01
   1.4050000e+00   4.2319029e-01   4.4196977e-01   4.0425963e-01
   1.4150000e+00   3.2905816e-01   3.4775307e-01   3.1048972e-01
   1.4250000e+00   2.4050123e-01   2.5767232e-01   2.2372038e-01
   1.4350000e+00   1.7601451e-01   1.9101750e-01   1.6160427e-01
   1.4450000e+00   1.3338744e-01   1.4625808e-01   1.2120576e-01
   1.4550000e+00   9.8702030e-02   1.0927655e-01   8.8852650e-02
   1.4650000e+00   7.3802544e-02   8.2330804e-02   6.5976956e-02
   1.4750000e+00   5.7610835e-02   6.4570843e-02   5.1305641e-02
   1.4850000e+00   4.8813508e-02   5.4809777e-02   4.3429661e-02
   1.4950000e+00   4.5658531e-02   5.1287006e-02   4.0623073e-02
   1.5050000e+00   4.7348865e-02   5.3174287e-02   4.2126143e-02
   1.5150000e+00   4.9757277e-02   5.5863471e-02   4.4268995e-02
   1.5250000e+00   5.2233978e-02   5.8618360e-02   4.6479853e-02
   1.5350000e+00   5.5743526e-02   6.2509423e-02   4.9625694e-02
   1.5450000e+00   6.0087864e-02   6.7312876e-02   5.3528723e-02
   1.5550000e+00   6.5011205e-02   7.2727513e-02   5.7977433e-02
   1.5650000e+00   7.0719599e-02   7.8975228e-02   6.3160672e-02
   1.5750000e+00   7.7701254e-02   8.6595315e-02   6.9518663e-02
   1.5850000e+00   8.5843150e-02   9.5429999e-02   7.6977359e-02
   1.5950000e+00   9.1985874e-02   1.0205994e-01   8.2633643e-02
   1.6050000e+00   9.7936219e-02   1.0847538e-01   8.8122967e-02
   1.6150000e+00   1.0382412e-01   1.1479411e-01   9.3579331e-02
   1.6250000e+00   1.0744876e-01   1.1867901e-01   9.6942025e-02
   1.6350000e+00   1.1117457e-01   1.2267293e-01   1.0040427e-01
   1.6450000e+00   1.1525206e-01   1.2702440e-01   1.0419847e-01
   1.6550000e+00   1.1998771e-01   1.3207961e-01   1.0861318e-01
   1.6650000e+00   1.2553338e-01   1.3794269e-01   1.1382750e-01
   1.6750000e+00   1.3167289e-01   1.4447954e-01   1.1956822e-01
   1.6850000e+00   1.3766330e-01   1.5081055e-01   1.2520722e-01
   1.6950000e+00   1.4337268e-01   1.5681062e-01   1.3060694e-01
   1.7050000e+00   1.4923747e-01   1.6303580e-01   1.3611546e-01
   1.7150000e+00   1.5508391e-01   1.6915655e-01   1.4166392e-01
   1.7250000e+00   1.6115802e-01   1.7553151e-01   1.4743082e-01
   1.7350000e+00   1.6648774e-01   1.8112405e-01   1.5247861e-01
   1.7450000e+00   1.7054414e-01   1.8533595e-01   1.5637083e-01
   1.7550000e+00   1.7499660e-01   1.9002649e-01   1.6057355e-01
   1.7650000e+00   1.7877170e-01   1.9394653e-01   1.6419118e-01
   1.7750000e+00   1.8191566e-01   1.9722127e-01   1.6719793e-01
   1.7850000e+00   1.8502796e-01   2.0043034e-01   1.7020457e-01
   1.7950000e+00   1.8856831e-01   2.0416635e-01   1.7354150e-01
   1.8050000e+00   1.9229693e-01   2.0802104e-01   1.7713765e-01
   1.8150000e+00   1.9675207e-01   2.1266549e-01   1.8138761e-01
   1.8250000e+00   2.0126463e-01   2.1733016e-01   1.8574009e-01
   1.8350000e+00   2.0345572e-01   2.1958071e-01   1.8785785e-01
   1.8450000e+00   2.0202533e-01   2.1811502e-01   1.8647117e-01
   1.8550000e+00   1.9706803e-01   2.1294726e-01   1.8173363e-01
   1.8650000e+00   1.8296595e-01   1.9838288e-01   1.6814546e-01
   1.8750000e+00   1.5739825e-01   1.7161683e-01   1.4383037e-01
   1.8850000e+00   1.3106294e-01   1.4384840e-01   1.1898412e-01
   1.8950000e+00   1.0273184e-01   1.1368157e-01   9.2518632e-02
   1.9050000e+00   7.8127535e-02   8.7096410e-02   6.9876066e-02
   1.9150000e+00   5.5111288e-02   6.1866639e-02   4.9003842e-02
   1.9250000e+00   4.1557649e-02   4.6771889e-02   3.6913929e-02
   1.9350000e+00   3.1906293e-02   3.5862147e-02   2.8437825e-02
   1.9450000e+00   2.6284902e-02   2.9418855e-02   2.3573122e-02
   1.9550000e+00   2.2954458e-02   2.5557431e-02   2.0727078e-02
   1.9650000e+00   2.0962268e-02   2.3225755e-02   1.9041778e-02
   1.9750000e+00   1.9942618e-02   2.2026163e-02   1.8183925e-02
   1.9850000e+00   1.9451385e-02   2.1447573e-02   1.7771010e-02
   1.9950000e+00   1.9383075e-02   2.1369955e-02   1.7711045e-02
   2.0050000e+00   1.9567480e-02   2.1591653e-02   1.7861924e-02
   2.0150000e+00   2.0030250e-02   2.2142802e-02   1.8245328e-02
   2.0250000e+00   2.0613043e-02   2.2834045e-02   1.8730631e-02
   2.0350000e+00   2.1336087e-02   2.3686748e-02   1.9336709e-02
   2.0450000e+00   2.2366121e-02   2.4897879e-02   2.0203101e-02
   2.0550000e+00   2.3929612e-02   2.6722254e-02   2.1529299e-02
   2.0650000e+00   2.5941021e-02   2.9055372e-02   2.3246940e-02
   2.0750000e+00   2.8850798e-02   3.2406309e-02   2.5751656e-02
   2.0850000e+00   3.2577705e-02   3.6666397e-02   2.8985540e-02
   2.0950000e+00   3.7546168e-02   4.2293586e-02   3.3339787e-02
   2.1050000e+00   4.4230464e-02   4.9805913e-02   3.9246730e-02
   2.1150000e+00   5.1140227e-02   5.7509705e-02   4.5403784e-02
   2.1250000e+00   6.0290821e-02   6.7624871e-02   5.3629779e-02
   2.1350000e+00   7.0392614e-02   7.8718627e-02   6.2775896e-02
   2.1450000e+00   8.0725641e-02   8.9959708e-02   7.2217303e-02
   2.1550000e+00   9.1432050e-02   1.0154846e-01   8.2053207e-02
   2.1650000e+00   1.0171215e-01   1.1260697e-01   9.1557442e-02
   2.1750000e+00   1.1205449e-01   1.2369927e-01   1.0114796e-01
   2.1850000e+00   1.2148548e-01   1.3371567e-01   1.0997951e-01
   2.1950000e+00   1.3036459e-01   1.4316487e-01   1.1828800e-01
   2.2050000e+00   1.3780981e-01   1.5105531e-01   1.2527786e-01
   2.2150000e+00   1.4618725e-01   1.5986835e-01   1.3318623e-01
   2.2250000e+00   1.5331563e-01   1.6738207e-01   1.3991714e-01
   2.2350000e+00   1.5923562e-01   1.7359419e-01   1.4554304e-01
   2.2450000e+00   1.6309544e-01   1.7765972e-01   1.4919103e-01
   2.2550000e+00   1.6130999e-01   1.7578320e-01   1.4750444e-01
   2.2650000e+00   1.5766569e-01   1.7196791e-01   1.4402620e-01
   2.2750000e+00   1.4990201e-01   1.6378869e-01   1.3670100e-01
   2.2850000e+00   1.4083846e-01   1.5422916e-01   1.2813577e-01
   2.2950000e+00   1.3009382e-01   1.4285953e-01   1.1803349e-01
   2.3050000e+00   1.1860461e-01   1.3068015e-01   1.0726427e-01
   2.3150000e+00   1.0793165e-01   1.1923847e-01   9.7355944e-02
   2.3250000e+00   9.8367366e-02   1.0906343e-01   8.8417018e-02
   2.3350000e+00   8.9952927e-02   1.0000203e-01   8.0651600e-02
   2.3450000e+00   8.2736453e-02   9.2184254e-02   7.4022328e-02
   2.3550000e+00   7.6866314e-02   8.5816071e-02   6.8648747e-02
   2.3650000e+00   7.2484851e-02   8.1065400e-02   6.4623067e-02
   2.3750000e+00   6.8858419e-02   7.7078846e-02   6.1341105e-02
   2.3850000e+00   6.6228388e-02   7.4205404e-02   5.8948958e-02
   2.3950000e+00   6.3961112e-02   7.1724710e-02   5.6887801e-02
   2.4050000e+00   6.1983930e-02   6.9569685e-02   5.5082661e-02
   2.4150000e+00   6.0191602e-02   6.7579235e-02   5.3478926e-02
   2.4250000e+00   5.8651214e-02   6.5897994e-02   5.2075662e-02
   2.4350000e+00   5.6977359e-02   6.4059480e-02   5.0557914e-02
   2.4450000e+00   5.5201127e-02   6.2092073e-02   4.8963048e-02
   2.4550000e+00   5.3606634e-02   6.0361601e-02   4.7501048e-02
   2.4650000e+00   5.1958196e-02   5.8530845e-02   4.6027807e-02
   2.4750000e+00   5.0491731e-02   5.6907993e-02   4.4710203e-02
   2.4850000e+00   4.9098385e-02   5.5365510e-02   4.3458045e-02
   2.4950000e+00   4.7729968e-02   5.3850931e-02   4.2226440e-02
   2.5050000e+00   4.6788127e-02   5.2806037e-02   4.1382014e-02
   2.5150000e+00   4.6188921e-02   5.2157348e-02   4.0832768e-02
   2.5250000e+00   4.5825107e-02   5.1753521e-02   4.0504068e-02
   2.5350000e+00   4.5795456e-02   5.1737483e-02   4.0465604e-02
   2.5450000e+00   4.5660746e-02   5.1573343e-02   4.0353711e-02
   2.5550000e+00   4.5916301e-02   5.1846296e-02   4.0584659e-02
   2.5650000e+00   4.6521570e-02   5.2530578e-02   4.1117018e-02
   2.5750000e+00   4.6573006e-02   5.2604983e-02   4.1155465e-02
   2.5850000e+00   4.6483438e-02   5.2518704e-02   4.1057751e-02
   2.5950000e+00   4.5613988e-02   5.1531028e-02   4.0291801e-02
   2.6050000e+00   4.4101181e-02   4.9864929e-02   3.8927505e-02
   2.6150000e+00   4.2154819e-02   4.7715469e-02   3.7179043e-02
   2.6250000e+00   3.8300244e-02   4.3412709e-02   3.3740544e-02
   2.6350000e+00   3.3336718e-02   3.7854025e-02   2.9330184e-02
   2.6450000e+00   2.9347226e-02   3.3367602e-02   2.5801026e-02
   2.6550000e+00   2.6064905e-02   2.9657340e-02   2.2912277e-02
   2.6650000e+00   2.3361735e-02   2.6595619e-02   2.0537051e-02
   2.6750000e+00   2.1066653e-02   2.3985246e-02   1.8528621e-02
   2.6850000e+00   1.5134338e-02   1.7155370e-02   1.3404985e-02
   2.6950000e+00   1.1752602e-02   1.3222283e-02   1.0514711e-02
   2.7050000e+00   9.6203845e-03   1.0724392e-02   8.7043649e-03
   2.7150000e+00   8.1721115e-03   9.0209104e-03   7.4777586e-03
   2.7250000e+00   7.1272926e-03   7.7928106e-03   6.5901984e-03
   2.7350000e+00   5.2802908e-03   5.5532993e-03   5.0718957e-03
   2.7450000e+00   4.5081557e-03   4.6400559e-03   4.4113944e-03
   2.7550000e+00   4.0162392e-03   4.0891298e-03   3.9637936e-03
   2.7650000e+00   3.6215676e-03   3.6672057e-03   3.5886711e-03
   2.7750000e+00   3.2706388e-03   3.3027163e-03   3.2470863e-03
   2.7850000e+00   2.8712360e-03   2.8910923e-03   2.8557668e-03
   2.7950000e+00   2.4908986e-03   2.5063697e-03   2.4781633e-03
   2.8050000e+00   2.1569615e-03   2.1714474e-03   2.1448040e-03
   2.8150000e+00   1.8728777e-03   1.8874965e-03   1.8605596e-03
   2.8250000e+00   1.6684997e-03   1.6830191e-03   1.6560906e-03
   2.8350000e+00   1.6030892e-03   1.6169750e-03   1.5910006e-03
   2.8450000e+00   1.7706962e-03   1.7839676e-03   1.7589654e-03
   2.8550000e+00   2.2747610e-03   2.2881268e-03   2.2628533e-03
   2.8650000e+00   3.1641560e-03   3.1781821e-03   3.1516352e-03
   2.8750000e+00   4.7658577e-03   4.7805839e-03   4.7527427e-03
   2.8850000e+00   6.8605492e-03   6.8753746e-03   6.8474107e-03
   2.8950000e+00   9.5596674e-03   9.5735556e-03   9.5474590e-03
   2.9050000e+00   1.2350005e-02   1.2362020e-02   1.2339567e-02
   2.9150000e+00   1.5231302e-02   1.5240767e-02   1.5223245e-02
   2.9250000e+00   1.7530262e-02   1.7536908e-02   1.7524812e-02
   2.9350000e+00   1.9779985e-02   1.9783728e-02   1.9777214e-02
   2.9450000e+00   2.1263971e-02   2.1265414e-02   2.1263317e-02
   2.9550000e+00   2.2878147e-02   2.2877194e-02   2.2879702e-02
   2.9650000e+00   2.4594246e-02   2.4590808e-02   2.4598091e-02
   2.9750000e+00   2.6572539e-02   2.6566270e-02   2.6578992e-02
   2.9850000e+00   2.8662014e-02   2.8652719e-02   2.8671253e-02
   2.9950000e+00   3.1238278e-02   3.1225106e-02   3.1251084e-02
   3.0050000e+00   3.3905435e-02   3.3888106e-02   3.3922062e-02
   3.0150000e+00   3.6720248e-02   3.6698190e-02   3.6741222e-02
   3.0250000e+00   3.9587232e-02   3.9560080e-02   3.9612888e-02
   3.0350000e+00   4.2521785e-02   4.2489059e-02   4.2552564e-02
   3.0450000e+00   4.5428565e-02   4.5389795e-02   4.5464902e-02
   3.0550000e+00   4.8424488e-02   4.8379078e-02   4.8466936e-02
   3.0650000e+00   4.9727034e-02   4.9677207e-02   4.9773562e-02
   3.0750000e+00   5.0695256e-02   5.0641567e-02   5.0745361e-02
   3.0850000e+00   5.0234049e-02   5.0179201e-02   5.0285251e-02
   3.0950000e+00   4.9832724e-02   4.9776909e-02   4.9884848e-02
   3.1050000e+00   4.8609543e-02   4.8554707e-02   4.8660791e-02
   3.1150000e+00   4.7625138e-02   4.7571069e-02   4.7675705e-02
   3.1250000e+00   4.6900098e-02   4.6846660e-02   4.6950103e-02
   3.1350000e+00   4.6383175e-02   4.6330086e-02   4.6432876e-02
   3.1450000e+00   4.5781951e-02   4.5729470e-02   4.5831108e-02
   3.1550000e+00   4.5374861e-02   4.5322717e-02   4.5423724e-02
   3.1650000e+00   4.4471215e-02   4.4420415e-02   4.4518853e-02
   3.1750000e+00   4.3772725e-02   4.3722965e-02   4.3819416e-02
   3.1850000e+00   4.2493366e-02   4.2445800e-02   4.2538039e-02
   3.1950000e+00   4.1392530e-02   4.1346876e-02   4.1435446e-02
   3.2050000e+00   3.9999140e-02   3.9955964e-02   4.0039771e-02
   3.2150000e+00   3.8715226e-02   3.8674344e-02   3.8753741e-02
   3.2250000e+00   3.7579998e-02   3.7541128e-02   3.7616653e-02
   3.2350000e+00   3.6493720e-02   3.6456781e-02   3.6528594e-02
   3.2450000e+00   3.5612198e-02   3.5576815e-02   3.5645636e-02
   3.2550000e+00   3.4780195e-02   3.4746282e-02   3.4812274e-02
   3.2650000e+00   3.3845456e-02   3.3813199e-02   3.3876005e-02
   3.2750000e+00   3.2909737e-02   3.2879141e-02   3.2938752e-02
   3.2850000e+00   3.2097494e-02   3.2068321e-02   3.2125193e-02
   3.2950000e+00   3.1358406e-02   3.1330515e-02   3.1384921e-02
   3.3050000e+00   3.0693242e-02   3.0666507e-02   3.0718690e-02
   3.3150000e+00   3.0103026e-02   3.0077318e-02   3.0127523e-02
   3.3250000e+00   2.9528095e-02   2.9503390e-02   2.9551667e-02
   3.3350000e+00   2.8973180e-02   2.8949439e-02   2.8995862e-02
   3.3450000e+00   2.8425774e-02   2.8402987e-02   2.8447576e-02
   3.3550000e+00   2.7899410e-02   2.7877535e-02   2.7920368e-02
   3.3650000e+00   2.7378911e-02   2.7357943e-02   2.7399033e-02
   3.3750000e+00   2.6891859e-02   2.6871734e-02   2.6911202e-02
   3.3850000e+00   2.6415340e-02   2.6396045e-02   2.6433922e-02
   3.3950000e+00   2.5971844e-02   2.5953326e-02   2.5989714e-02
   3.4050000e+00   2.5560369e-02   2.5542582e-02   2.5577575e-02
   3.4150000e+00   2.5160287e-02   2.5143239e-02   2.5176835e-02
   3.4250000e+00   2.4798746e-02   2.4782407e-02   2.4814680e-02
   3.4350000e+00   2.4438982e-02   2.4423438e-02   2.4454259e-02
   3.4450000e+00   2.4108295e-02   2.4093604e-02   2.4122905e-02
   3.4550000e+00   2.3782189e-02   2.3768582e-02   2.3796012e-02
   3.4650000e+00   2.3473552e-02   2.3461337e-02   2.3486427e-02
   3.4750000e+00   2.3182314e-02   2.3171942e-02   2.3193990e-02
   3.4850000e+00   2.2895530e-02   2.2887907e-02   2.2905475e-02
   3.4950000e+00   2.2631393e-02   2.2627105e-02   2.2639240e-02
   3.5050000e+00   2.2370325e-02   2.2370985e-02   2.2375065e-02
   3.5150000e+00   2.2129916e-02   2.2137011e-02   2.2130576e-02
   3.5250000e+00   2.1905120e-02   2.1920583e-02   2.1900395e-02
   3.5350000e+00   2.1688948e-02   2.1716115e-02   2.1676566e-02
   3.5450000e+00   2.1494978e-02   2.1534858e-02   2.1474116e-02
   3.5550000e+00   2.1310027e-02   2.1366885e-02   2.1277643e-02
   3.5650000e+00   2.1148000e-02   2.1222243e-02   2.1103615e-02
   3.5750000e+00   2.1001334e-02   2.1093019e-02   2.0944718e-02
   3.5850000e+00   2.0863686e-02   2.0976547e-02   2.0792038e-02
   3.5950000e+00   2.0737813e-02   2.0876505e-02   2.0647563e-02
   3.6050000e+00   2.0626758e-02   2.0796849e-02   2.0513573e-02
   3.6150000e+00   2.0535453e-02   2.0744149e-02   2.0393673e-02
   3.6250000e+00   2.0465667e-02   2.0718019e-02   2.0291036e-02
   3.6350000e+00   2.0375903e-02   2.0644863e-02   2.0188621e-02
   3.6450000e+00   2.0290082e-02   2.0576978e-02   2.0089080e-02
   3.6550000e+00   2.0207181e-02   2.0512550e-02   1.9991909e-02
   3.6650000e+00   2.0128931e-02   2.0454520e-02   1.9898087e-02
   3.6750000e+00   2.0054589e-02   2.0401150e-02   1.9807391e-02
   3.6850000e+00   1.9985328e-02   2.0354535e-02   1.9720448e-02
   3.6950000e+00   1.9920560e-02   2.0313543e-02   1.9637041e-02
   3.7050000e+00   1.9861902e-02   2.0280272e-02   1.9558310e-02
   3.7150000e+00   1.9808778e-02   2.0253956e-02   1.9483906e-02
   3.7250000e+00   1.9762576e-02   2.0236657e-02   1.9414741e-02
   3.7350000e+00   1.9691997e-02   2.0183546e-02   1.9330068e-02
   3.7450000e+00   1.9555412e-02   2.0036961e-02   1.9201351e-02
   3.7550000e+00   1.9419157e-02   1.9890790e-02   1.9072924e-02
   3.7650000e+00   1.9284097e-02   1.9745864e-02   1.8945527e-02
   3.7750000e+00   1.9150142e-02   1.9602505e-02   1.8818923e-02
   3.7850000e+00   1.8985127e-02   1.9409979e-02   1.8675654e-02
   3.7950000e+00   1.8826443e-02   1.9225155e-02   1.8537399e-02
   3.8050000e+00   1.8675081e-02   1.9050123e-02   1.8404512e-02
   3.8150000e+00   1.8528651e-02   1.8881380e-02   1.8275428e-02
   3.8250000e+00   1.8388353e-02   1.8720693e-02   1.8150867e-02
   3.8350000e+00   1.8251850e-02   1.8564771e-02   1.8029261e-02
   3.8450000e+00   1.8120143e-02   1.8415412e-02   1.7911102e-02
   3.8550000e+00   1.7997821e-02   1.8271922e-02   1.7804928e-02
   3.8650000e+00   1.7882299e-02   1.8135723e-02   1.7705071e-02
   3.8750000e+00   1.7772696e-02   1.8007533e-02   1.7609488e-02
   3.8850000e+00   1.7667494e-02   1.7885202e-02   1.7517133e-02
   3.8950000e+00   1.7566838e-02   1.7768978e-02   1.7428060e-02
   3.9050000e+00   1.7469582e-02   1.7657302e-02   1.7341472e-02
   3.9150000e+00   1.7375863e-02   1.7550520e-02   1.7257384e-02
   3.9250000e+00   1.7285173e-02   1.7447859e-02   1.7175460e-02
   3.9350000e+00   1.7196868e-02   1.7348408e-02   1.7095263e-02
   3.9450000e+00   1.7111187e-02   1.7252620e-02   1.7016901e-02
   3.9550000e+00   1.7027462e-02   1.7159519e-02   1.6939929e-02
   3.9650000e+00   1.6945796e-02   1.7069264e-02   1.6864402e-02
   3.9750000e+00   1.6874688e-02   1.6989241e-02   1.6799650e-02
   3.9850000e+00   1.6811647e-02   1.6917511e-02   1.6742775e-02
   3.9950000e+00   1.6750551e-02   1.6848535e-02   1.6687237e-02
   4.0050000e+00   1.6691034e-02   1.6781771e-02   1.6632796e-02
   4.0150000e+00   1.6633031e-02   1.6717166e-02   1.6579391e-02
   4.0250000e+00   1.6576363e-02   1.6654476e-02   1.6526893e-02
   4.0350000e+00   1.6520859e-02   1.6593442e-02   1.6475192e-02
   4.0450000e+00   1.6466440e-02   1.6533966e-02   1.6424228e-02
   4.0550000e+00   1.6412936e-02   1.6475816e-02   1.6373884e-02
   4.0650000e+00   1.6360305e-02   1.6418933e-02   1.6324128e-02
   4.0750000e+00   1.6308465e-02   1.6363195e-02   1.6274906e-02
   4.0850000e+00   1.6257286e-02   1.6308415e-02   1.6226131e-02
   4.0950000e+00   1.6206750e-02   1.6254578e-02   1.6177789e-02
   4.1050000e+00   1.6163345e-02   1.6208068e-02   1.6136437e-02
   4.1150000e+00   1.6124832e-02   1.6166647e-02   1.6099837e-02
   4.1250000e+00   1.6086809e-02   1.6125949e-02   1.6063564e-02
   4.1350000e+00   1.6049219e-02   1.6085895e-02   1.6027578e-02
   4.1450000e+00   1.6012034e-02   1.6046440e-02   1.5991861e-02
   4.1550000e+00   1.5975219e-02   1.6007533e-02   1.5956391e-02
   4.1650000e+00   1.5938731e-02   1.5969109e-02   1.5921140e-02
   4.1750000e+00   1.5902547e-02   1.5931139e-02   1.5886093e-02
   4.1850000e+00   1.5866649e-02   1.5893590e-02   1.5851236e-02
   4.1950000e+00   1.5831004e-02   1.5856414e-02   1.5816552e-02
   4.2050000e+00   1.5795598e-02   1.5819590e-02   1.5782029e-02
   4.2150000e+00   1.5760411e-02   1.5783092e-02   1.5747654e-02
   4.2250000e+00   1.5725429e-02   1.5746899e-02   1.5713418e-02
   4.2350000e+00   1.5690638e-02   1.5710985e-02   1.5679313e-02
   4.2450000e+00   1.5662504e-02   1.5681201e-02   1.5652197e-02
   4.2550000e+00   1.5639115e-02   1.5655975e-02   1.5629939e-02
   4.2650000e+00   1.5616164e-02   1.5631411e-02   1.5607969e-02
   4.2750000e+00   1.5593593e-02   1.5607422e-02   1.5586255e-02
   4.2850000e+00   1.5571358e-02   1.5583936e-02   1.5564766e-02
   4.2950000e+00   1.5549421e-02   1.5560897e-02   1.5543480e-02
   4.3050000e+00   1.5527751e-02   1.5538255e-02   1.5522378e-02
   4.3150000e+00   1.5506320e-02   1.5515968e-02   1.5501443e-02
   4.3250000e+00   1.5485106e-02   1.5493996e-02   1.5480662e-02
   4.3350000e+00   1.5464087e-02   1.5472308e-02   1.5460021e-02
   4.3450000e+00   1.5443248e-02   1.5450877e-02   1.5439512e-02
   4.3550000e+00   1.5433365e-02   1.5440333e-02   1.5430003e-02
   4.3650000e+00   1.5428322e-02   1.5434663e-02   1.5425316e-02
   4.3750000e+00   1.5423487e-02   1.5429284e-02   1.5420785e-02
   4.3850000e+00   1.5418841e-02   1.5424166e-02   1.5416401e-02
   4.3950000e+00   1.5429640e-02   1.5434549e-02   1.5427437e-02
   4.4050000e+00   1.5444395e-02   1.5448935e-02   1.5442406e-02
   4.4150000e+00   1.5459279e-02   1.5463490e-02   1.5457479e-02
   4.4250000e+00   1.5474283e-02   1.5478201e-02   1.5472651e-02
   4.4350000e+00   1.5489401e-02   1.5493058e-02   1.5487919e-02
   4.4450000e+00   1.5506450e-02   1.5509881e-02   1.5505100e-02
   4.4550000e+00   1.5539966e-02   1.5543255e-02   1.5538712e-02
   4.4650000e+00   1.5573515e-02   1.5576668e-02   1.5572355e-02
   4.4750000e+00   1.5607097e-02   1.5610118e-02   1.5606028e-02
   4.4850000e+00   1.5640712e-02   1.5643606e-02   1.5639731e-02
   4.4950000e+00   1.5674359e-02   1.5677129e-02   1.5673465e-02
   4.5050000e+00   1.5708037e-02   1.5710689e-02   1.5707227e-02
   4.5150000e+00   1.5748246e-02   1.5750930e-02   1.5747444e-02
   4.5250000e+00   1.5788494e-02   1.5791214e-02   1.5787696e-02
   4.5350000e+00   1.5828779e-02   1.5831541e-02   1.5827983e-02
   4.5450000e+00   1.5869103e-02   1.5871911e-02   1.5868306e-02
   4.5550000e+00   1.5907425e-02   1.5910432e-02   1.5906542e-02
   4.5650000e+00   1.5938134e-02   1.5941425e-02   1.5937110e-02
   4.5750000e+00   1.5961744e-02   1.5965379e-02   1.5960540e-02
   4.5850000e+00   1.5967198e-02   1.5971289e-02   1.5965737e-02
   4.5950000e+00   1.5954524e-02   1.5959204e-02   1.5952715e-02
   4.6050000e+00   1.5942072e-02   1.5947429e-02   1.5939860e-02
   4.6150000e+00   1.5929865e-02   1.5936006e-02   1.5927187e-02
   4.6250000e+00   1.5917934e-02   1.5924983e-02   1.5914713e-02
   4.6350000e+00   1.5906315e-02   1.5914422e-02   1.5902460e-02
   4.6450000e+00   1.5895054e-02   1.5904396e-02   1.5890454e-02
   4.6550000e+00   1.5884207e-02   1.5894995e-02   1.5878729e-02
   4.6650000e+00   1.5873842e-02   1.5886325e-02   1.5867328e-02
   4.6750000e+00   1.5864043e-02   1.5878520e-02   1.5856301e-02
   4.6850000e+00   1.5854917e-02   1.5871744e-02   1.5845715e-02
   4.6950000e+00   1.5846595e-02   1.5866200e-02   1.5835651e-02
   4.7050000e+00   1.5839241e-02   1.5862137e-02   1.5826215e-02
   4.7150000e+00   1.5833061e-02   1.5859863e-02   1.5817538e-02
   4.7250000e+00   1.5814556e-02   1.5844575e-02   1.5796946e-02
   4.7350000e+00   1.5787534e-02   1.5820151e-02   1.5768220e-02
   4.7450000e+00   1.5760977e-02   1.5796425e-02   1.5739797e-02
   4.7550000e+00   1.5734936e-02   1.5773472e-02   1.5711713e-02
   4.7650000e+00   1.5709465e-02   1.5751363e-02   1.5684005e-02
   4.7750000e+00   1.5684625e-02   1.5730187e-02   1.5656713e-02
   4.7850000e+00   1.5660479e-02   1.5710037e-02   1.5629881e-02
   4.7950000e+00   1.5637114e-02   1.5691038e-02   1.5603568e-02
   4.8050000e+00   1.5614623e-02   1.5673316e-02   1.5577836e-02
   4.8150000e+00   1.5593090e-02   1.5656982e-02   1.5552747e-02
   4.8250000e+00   1.5572624e-02   1.5642186e-02   1.5528378e-02
   4.8350000e+00   1.5553365e-02   1.5629134e-02   1.5504824e-02
   4.8450000e+00   1.5535460e-02   1.5618035e-02   1.5482184e-02
   4.8550000e+00   1.5519073e-02   1.5609104e-02   1.5460579e-02
   4.8650000e+00   1.5504384e-02   1.5602579e-02   1.5440139e-02
   4.8750000e+00   1.5491600e-02   1.5598731e-02   1.5421015e-02
   4.8850000e+00   1.5480921e-02   1.5597846e-02   1.5403348e-02
   4.8950000e+00   1.5472684e-02   1.5600378e-02   1.5387380e-02
   4.9050000e+00   1.5465264e-02   1.5604060e-02   1.5371935e-02
   4.9150000e+00   1.5441987e-02   1.5585852e-02   1.5344958e-02
   4.9250000e+00   1.5419192e-02   1.5568274e-02   1.5318337e-02
   4.9350000e+00   1.5396920e-02   1.5551425e-02   1.5292086e-02
   4.9450000e+00   1.5375212e-02   1.5535364e-02   1.5266233e-02
   4.9550000e+00   1.5354079e-02   1.5520080e-02   1.5240794e-02
   4.9650000e+00   1.5333551e-02   1.5505591e-02   1.5215800e-02
   4.9750000e+00   1.5313609e-02   1.5491877e-02   1.5191239e-02
   4.9850000e+00   1.5294250e-02   1.5478960e-02   1.5167098e-02
   4.9950000e+00   1.5275656e-02   1.5467089e-02   1.5143504e-02
