   3.0500000e-01   9.0427419e-01   9.0733115e-01   9.0125831e-01
   3.1500000e-01   9.0419438e-01   9.0725293e-01   9.0117728e-01
   3.2500000e-01   9.0408978e-01   9.0716406e-01   9.0105731e-01
   3.3500000e-01   9.0407739e-01   9.0716180e-01   9.0103450e-01
   3.4500000e-01   9.0402653e-01   9.0712317e-01   9.0097192e-01
   3.5500000e-01   9.0402003e-01   9.0712151e-01   9.0096056e-01
   3.6500000e-01   9.0415751e-01   9.0726903e-01   9.0108798e-01
   3.7500000e-01   9.0425526e-01   9.0736923e-01   9.0118304e-01
   3.8500000e-01   9.0436071e-01   9.0748067e-01   9.0128255e-01
   3.9500000e-01   9.0447173e-01   9.0759910e-01   9.0138627e-01
   4.0500000e-01   9.0465412e-01   9.0778600e-01   9.0156463e-01
   4.1500000e-01   9.0479430e-01   9.0793288e-01   9.0169814e-01
   4.2500000e-01   9.0502315e-01   9.0816567e-01   9.0192286e-01
   4.3500000e-01   9.0524769e-01   9.0839496e-01   9.0214266e-01
   4.4500000e-01   9.0545749e-01   9.0860631e-01   9.0235078e-01
   4.5500000e-01   9.0562684e-01   9.0878034e-01   9.0251579e-01
   4.6500000e-01   9.0585485e-01   9.0900670e-01   9.0274498e-01
   4.7500000e-01   9.0606239e-01   9.0922127e-01   9.0294606e-01
   4.8500000e-01   9.0632122e-01   9.0948127e-01   9.0320300e-01
   4.9500000e-01   9.0643672e-01   9.0960212e-01   9.0331353e-01
   5.0500000e-01   9.0658309e-01   9.0974771e-01   9.0346063e-01
   5.1500000e-01   9.0676704e-01   9.0993600e-01   9.0364018e-01
   5.2500000e-01   9.0689511e-01   9.1006812e-01   9.0376425e-01
   5.3500000e-01   9.0696642e-01   9.1013156e-01   9.0384353e-01
   5.4500000e-01   9.0695318e-01   9.1013185e-01   9.0381766e-01
   5.5500000e-01   9.0697242e-01   9.1014872e-01   9.0383882e-01
   5.6500000e-01   9.0707639e-01   9.1025802e-01   9.0393766e-01
   5.7500000e-01   9.0707166e-01   9.1025057e-01   9.0393502e-01
   5.8500000e-01   9.0701765e-01   9.1021144e-01   9.0386692e-01
   5.9500000e-01   9.0704543e-01   9.1023519e-01   9.0389908e-01
   6.0500000e-01   9.0689145e-01   9.1008015e-01   9.0374449e-01
   6.1500000e-01   9.0636180e-01   9.0955505e-01   9.0321431e-01
   6.2500000e-01   9.0618337e-01   9.0939001e-01   9.0301962e-01
   6.3500000e-01   9.0589672e-01   9.0909629e-01   9.0274005e-01
   6.4500000e-01   9.0538796e-01   9.0858194e-01   9.0223769e-01
   6.5500000e-01   9.0476684e-01   9.0797126e-01   9.0160710e-01
   6.6500000e-01   9.0435964e-01   9.0758061e-01   9.0118303e-01
   6.7500000e-01   9.0385448e-01   9.0707819e-01   9.0067719e-01
   6.8500000e-01   9.0362175e-01   9.0684263e-01   9.0044310e-01
   6.9500000e-01   9.0231872e-01   9.0552626e-01   8.9915611e-01
   7.0500000e-01   9.0125707e-01   9.0448915e-01   8.9806928e-01
   7.1500000e-01   8.9967416e-01   9.0293406e-01   8.9646200e-01
   7.2500000e-01   8.9891613e-01   9.0217553e-01   8.9570261e-01
   7.3500000e-01   8.9797385e-01   9.0122303e-01   8.9477060e-01
   7.4500000e-01   8.9582680e-01   8.9909149e-01   8.9260839e-01
   7.5500000e-01   8.9346057e-01   8.9674217e-01   8.9022565e-01
   7.6500000e-01   8.9041554e-01   8.9372102e-01   8.8715930e-01
   7.7500000e-01   8.8680863e-01   8.9015190e-01   8.8351626e-01
   7.8500000e-01   8.8331179e-01   8.8667794e-01   8.7999657e-01
   7.9500000e-01   8.7976853e-01   8.8315618e-01   8.7643747e-01
   8.0500000e-01   8.7737624e-01   8.8077520e-01   8.7403242e-01
   8.1500000e-01   8.7749863e-01   8.8092011e-01   8.7413401e-01
   8.2500000e-01   8.7702939e-01   8.8045442e-01   8.7366021e-01
   8.3500000e-01   8.7634648e-01   8.7973179e-01   8.7301031e-01
   8.4500000e-01   8.7299368e-01   8.7637588e-01   8.6965771e-01
   8.5500000e-01   8.6743210e-01   8.7097258e-01   8.6395439e-01
   8.6500000e-01   8.5980141e-01   8.6342312e-01   8.5624975e-01
   8.7500000e-01   8.4987151e-01   8.5362468e-01   8.4619453e-01
   8.8500000e-01   8.4009558e-01   8.4397258e-01   8.3629826e-01
   8.9500000e-01   8.3392020e-01   8.3782776e-01   8.3009305e-01
   9.0500000e-01   8.3041027e-01   8.3433551e-01   8.2657109e-01
   9.1500000e-01   8.2775995e-01   8.3180524e-01   8.2380484e-01
   9.2500000e-01   8.2364796e-01   8.2772713e-01   8.1966282e-01
   9.3500000e-01   8.1918114e-01   8.2331161e-01   8.1514474e-01
   9.4500000e-01   8.1359256e-01   8.1778563e-01   8.0949925e-01
   9.5500000e-01   8.0242877e-01   8.0684096e-01   7.9812794e-01
   9.6500000e-01   7.8542205e-01   7.9007208e-01   7.8089769e-01
   9.7500000e-01   7.6826628e-01   7.7317736e-01   7.6349316e-01
   9.8500000e-01   7.5171177e-01   7.5688546e-01   7.4668227e-01
   9.9500000e-01   7.3265693e-01   7.3806278e-01   7.2741064e-01
   1.0050000e+00   7.1137822e-01   7.1722005e-01   7.0571446e-01
   1.0150000e+00   6.9284908e-01   6.9894154e-01   6.8695217e-01
   1.0250000e+00   6.8502512e-01   6.9122694e-01   6.7901994e-01
   1.0350000e+00   6.8423604e-01   6.9049998e-01   6.7817497e-01
   1.0450000e+00   6.8940813e-01   6.9552613e-01   6.8348498e-01
   1.0550000e+00   7.0131256e-01   7.0726280e-01   6.9554308e-01
   1.0650000e+00   7.1333604e-01   7.1914287e-01   7.0770312e-01
   1.0750000e+00   7.2074133e-01   7.2637464e-01   7.1528074e-01
   1.0850000e+00   7.2506061e-01   7.3070746e-01   7.1958357e-01
   1.0950000e+00   7.2710943e-01   7.3271470e-01   7.2167389e-01
   1.1050000e+00   7.2705534e-01   7.3268083e-01   7.2160204e-01
   1.1150000e+00   7.2406198e-01   7.2966982e-01   7.1862807e-01
   1.1250000e+00   7.1688543e-01   7.2263505e-01   7.1131038e-01
   1.1350000e+00   7.0519257e-01   7.1110029e-01   6.9946993e-01
   1.1450000e+00   6.9958492e-01   7.0559407e-01   6.9376207e-01
   1.1550000e+00   6.8026046e-01   6.8650772e-01   6.7421708e-01
   1.1650000e+00   6.4855537e-01   6.5532321e-01   6.4201883e-01
   1.1750000e+00   6.1753760e-01   6.2462896e-01   6.1069167e-01
   1.1850000e+00   5.8942628e-01   5.9686454e-01   5.8225642e-01
   1.1950000e+00   5.6432256e-01   5.7196489e-01   5.5696460e-01
   1.2050000e+00   5.3268564e-01   5.4067460e-01   5.2500813e-01
   1.2150000e+00   4.9976588e-01   5.0792414e-01   4.9193935e-01
   1.2250000e+00   4.7939600e-01   4.8771714e-01   4.7142491e-01
   1.2350000e+00   4.6584746e-01   4.7422087e-01   4.5782648e-01
   1.2450000e+00   4.5577462e-01   4.6419396e-01   4.4771710e-01
   1.2550000e+00   4.5056096e-01   4.5901916e-01   4.4246749e-01
   1.2650000e+00   4.4793401e-01   4.5639117e-01   4.3984353e-01
   1.2750000e+00   4.4836477e-01   4.5679761e-01   4.4029921e-01
   1.2850000e+00   4.5181910e-01   4.6026303e-01   4.4373727e-01
   1.2950000e+00   4.5361481e-01   4.6203740e-01   4.4555558e-01
   1.3050000e+00   4.5531855e-01   4.6373080e-01   4.4726954e-01
   1.3150000e+00   4.5656841e-01   4.6498583e-01   4.4851357e-01
   1.3250000e+00   4.5720468e-01   4.6561709e-01   4.4915367e-01
   1.3350000e+00   4.5704687e-01   4.6546101e-01   4.4899391e-01
   1.3450000e+00   4.5431755e-01   4.6274938e-01   4.4624923e-01
   1.3550000e+00   4.5033190e-01   4.5878701e-01   4.4224250e-01
   1.3650000e+00   4.4637578e-01   4.5484590e-01   4.3827146e-01
   1.3750000e+00   4.3797495e-01   4.4644026e-01   4.2988127e-01
   1.3850000e+00   4.2525462e-01   4.3379227e-01   4.1709745e-01
   1.3950000e+00   4.0671311e-01   4.1524978e-01   3.9856546e-01
   1.4050000e+00   3.4299081e-01   3.5142817e-01   3.3497155e-01
   1.4150000e+00   2.5307329e-01   2.6086577e-01   2.4572549e-01
   1.4250000e+00   1.7464790e-01   1.8123561e-01   1.6848724e-01
   1.4350000e+00   1.2175338e-01   1.2707725e-01   1.1681405e-01
   1.4450000e+00   8.9005823e-02   9.3300351e-02   8.5047673e-02
   1.4550000e+00   6.3850185e-02   6.7171188e-02   6.0809929e-02
   1.4650000e+00   4.6691481e-02   4.9232239e-02   4.4380544e-02
   1.4750000e+00   3.6003451e-02   3.7991005e-02   3.4205944e-02
   1.4850000e+00   3.0392690e-02   3.2057777e-02   2.8892833e-02
   1.4950000e+00   2.8415939e-02   2.9961447e-02   2.7026153e-02
   1.5050000e+00   2.9472904e-02   3.1082918e-02   2.8023667e-02
   1.5150000e+00   3.0983781e-02   3.2685005e-02   2.9450582e-02
   1.5250000e+00   3.2550582e-02   3.4344182e-02   3.0932240e-02
   1.5350000e+00   3.4796886e-02   3.6717767e-02   3.3061044e-02
   1.5450000e+00   3.7596726e-02   3.9674294e-02   3.5715990e-02
   1.5550000e+00   4.0820118e-02   4.3068805e-02   3.8780739e-02
   1.5650000e+00   4.4609696e-02   4.7051190e-02   4.2391133e-02
   1.5750000e+00   4.9294078e-02   5.1967456e-02   4.6859833e-02
   1.5850000e+00   5.4852918e-02   5.7786708e-02   5.2175623e-02
   1.5950000e+00   5.9111496e-02   6.2235295e-02   5.6256301e-02
   1.6050000e+00   6.3272689e-02   6.6577309e-02   6.0248299e-02
   1.6150000e+00   6.7443451e-02   7.0921716e-02   6.4255838e-02
   1.6250000e+00   7.0024799e-02   7.3609036e-02   6.6737681e-02
   1.6350000e+00   7.2698023e-02   7.6388177e-02   6.9311504e-02
   1.6450000e+00   7.5630386e-02   7.9439374e-02   7.2131780e-02
   1.6550000e+00   7.9064684e-02   8.3006728e-02   7.5440780e-02
   1.6650000e+00   8.3169212e-02   8.7256834e-02   7.9406851e-02
   1.6750000e+00   8.7685597e-02   9.1940085e-02   8.3766402e-02
   1.6850000e+00   9.2164382e-02   9.6574613e-02   8.8097085e-02
   1.6950000e+00   9.6487393e-02   1.0104057e-01   9.2283424e-02
   1.7050000e+00   1.0089593e-01   1.0560011e-01   9.6550245e-02
   1.7150000e+00   1.0538489e-01   1.1023165e-01   1.0090240e-01
   1.7250000e+00   1.1008317e-01   1.1507077e-01   1.0546660e-01
   1.7350000e+00   1.1418943e-01   1.1930949e-01   1.0944687e-01
   1.7450000e+00   1.1741513e-01   1.2261875e-01   1.1259142e-01
   1.7550000e+00   1.2084229e-01   1.2615894e-01   1.1591218e-01
   1.7650000e+00   1.2384758e-01   1.2924466e-01   1.1883970e-01
   1.7750000e+00   1.2634878e-01   1.3181384e-01   1.2127554e-01
   1.7850000e+00   1.2887946e-01   1.3440279e-01   1.2374908e-01
   1.7950000e+00   1.3161888e-01   1.3723331e-01   1.2640330e-01
   1.8050000e+00   1.3465766e-01   1.4034229e-01   1.2937381e-01
   1.8150000e+00   1.3820608e-01   1.4399256e-01   1.3282505e-01
   1.8250000e+00   1.4189992e-01   1.4777142e-01   1.3643626e-01
   1.8350000e+00   1.4369768e-01   1.4961241e-01   1.3819154e-01
   1.8450000e+00   1.4251492e-01   1.4840352e-01   1.3703465e-01
   1.8550000e+00   1.3853115e-01   1.4431238e-01   1.3315294e-01
   1.8650000e+00   1.2708533e-01   1.3258688e-01   1.2197965e-01
   1.8750000e+00   1.0711340e-01   1.1202257e-01   1.0257268e-01
   1.8850000e+00   8.7204507e-02   9.1446455e-02   8.3297036e-02
   1.8950000e+00   6.6582945e-02   7.0041540e-02   6.3414898e-02
   1.9050000e+00   4.9522066e-02   5.2219646e-02   4.7065122e-02
   1.9150000e+00   3.4292583e-02   3.6209458e-02   3.2560096e-02
   1.9250000e+00   2.5743963e-02   2.7156010e-02   2.4476522e-02
   1.9350000e+00   1.9907183e-02   2.0930019e-02   1.8996039e-02
   1.9450000e+00   1.6634266e-02   1.7414318e-02   1.5944107e-02
   1.9550000e+00   1.4755748e-02   1.5383629e-02   1.4203463e-02
   1.9650000e+00   1.3659335e-02   1.4192516e-02   1.3192484e-02
   1.9750000e+00   1.3105544e-02   1.3589338e-02   1.2683120e-02
   1.9850000e+00   1.2839200e-02   1.3299252e-02   1.2438091e-02
   1.9950000e+00   1.2798078e-02   1.3255560e-02   1.2399286e-02
   2.0050000e+00   1.2891215e-02   1.3358900e-02   1.2483247e-02
   2.0150000e+00   1.3132865e-02   1.3624709e-02   1.2703174e-02
   2.0250000e+00   1.3441234e-02   1.3962803e-02   1.2984804e-02
   2.0350000e+00   1.3829868e-02   1.4387406e-02   1.3340997e-02
   2.0450000e+00   1.4388559e-02   1.4996547e-02   1.3854178e-02
   2.0550000e+00   1.5253943e-02   1.5935999e-02   1.4652528e-02
   2.0650000e+00   1.6386142e-02   1.7160721e-02   1.5700826e-02
   2.0750000e+00   1.8057040e-02   1.8960780e-02   1.7254280e-02
   2.0850000e+00   2.0241491e-02   2.1304637e-02   1.9293432e-02
   2.0950000e+00   2.3227834e-02   2.4493661e-02   2.2094269e-02
   2.1050000e+00   2.7337274e-02   2.8864254e-02   2.5964066e-02
   2.1150000e+00   3.1683063e-02   3.3468584e-02   3.0071874e-02
   2.1250000e+00   3.7580575e-02   3.9692665e-02   3.5667562e-02
   2.1350000e+00   4.4237038e-02   4.6693923e-02   4.2004643e-02
   2.1450000e+00   5.1221999e-02   5.4013991e-02   4.8677297e-02
   2.1550000e+00   5.8596891e-02   6.1723474e-02   5.5739749e-02
   2.1650000e+00   6.5821526e-02   6.9255642e-02   6.2676096e-02
   2.1750000e+00   7.3185259e-02   7.6921840e-02   6.9756386e-02
   2.1850000e+00   8.0080660e-02   8.4072898e-02   7.6409699e-02
   2.1950000e+00   8.6608543e-02   9.0839750e-02   8.2712508e-02
   2.2050000e+00   9.2141568e-02   9.6569769e-02   8.8059436e-02
   2.2150000e+00   9.8459680e-02   1.0310441e-01   9.4170988e-02
   2.2250000e+00   1.0387827e-01   1.0869982e-01   9.9422484e-02
   2.2350000e+00   1.0845672e-01   1.1341508e-01   1.0386962e-01
   2.2450000e+00   1.1141652e-01   1.1646971e-01   1.0674012e-01
   2.2550000e+00   1.1005092e-01   1.1505780e-01   1.0541843e-01
   2.2650000e+00   1.0718914e-01   1.1212076e-01   1.0262838e-01
   2.2750000e+00   1.0128956e-01   1.0602220e-01   9.6917263e-02
   2.2850000e+00   9.4402590e-02   9.8913645e-02   9.0240762e-02
   2.2950000e+00   8.6383460e-02   9.0613217e-02   8.2487997e-02
   2.3050000e+00   7.7933712e-02   8.1850347e-02   7.4334896e-02
   2.3150000e+00   7.0277109e-02   7.3887444e-02   6.6964312e-02
   2.3250000e+00   6.3375965e-02   6.6722307e-02   6.0313916e-02
   2.3350000e+00   5.7495765e-02   6.0587042e-02   5.4672062e-02
   2.3450000e+00   5.2520369e-02   5.5388581e-02   4.9904277e-02
   2.3550000e+00   4.8529126e-02   5.1207175e-02   4.6090538e-02
   2.3650000e+00   4.5529347e-02   4.8073595e-02   4.3215871e-02
   2.3750000e+00   4.3130653e-02   4.5551701e-02   4.0930709e-02
   2.3850000e+00   4.1378330e-02   4.3712355e-02   3.9259051e-02
   2.3950000e+00   3.9870294e-02   4.2129862e-02   3.7819893e-02
   2.4050000e+00   3.8545931e-02   4.0741760e-02   3.6555116e-02
   2.4150000e+00   3.7395692e-02   3.9527069e-02   3.5463559e-02
   2.4250000e+00   3.6372009e-02   3.8452660e-02   3.4487224e-02
   2.4350000e+00   3.5269336e-02   3.7294548e-02   3.3435902e-02
   2.4450000e+00   3.4124106e-02   3.6087186e-02   3.2347502e-02
   2.4550000e+00   3.3053819e-02   3.4966763e-02   3.1324518e-02
   2.4650000e+00   3.2006092e-02   3.3858779e-02   3.0331895e-02
   2.4750000e+00   3.1062794e-02   3.2864235e-02   2.9435624e-02
   2.4850000e+00   3.0167125e-02   3.1920079e-02   2.8584437e-02
   2.4950000e+00   2.9285127e-02   3.0990804e-02   2.7746099e-02
   2.5050000e+00   2.8682525e-02   3.0355609e-02   2.7173169e-02
   2.5150000e+00   2.8282531e-02   2.9936844e-02   2.6790756e-02
   2.5250000e+00   2.8044461e-02   2.9687408e-02   2.6562995e-02
   2.5350000e+00   2.8007413e-02   2.9651981e-02   2.6524635e-02
   2.5450000e+00   2.7931056e-02   2.9570396e-02   2.6452445e-02
   2.5550000e+00   2.8091362e-02   2.9741523e-02   2.6602379e-02
   2.5650000e+00   2.8460061e-02   3.0134509e-02   2.6948782e-02
   2.5750000e+00   2.8483786e-02   3.0160433e-02   2.6970649e-02
   2.5850000e+00   2.8395476e-02   3.0075059e-02   2.6879819e-02
   2.5950000e+00   2.7855917e-02   2.9504016e-02   2.6368285e-02
   2.6050000e+00   2.6880887e-02   2.8476994e-02   2.5441203e-02
   2.6150000e+00   2.5639770e-02   2.7166856e-02   2.4263660e-02
   2.6250000e+00   2.3215895e-02   2.4604556e-02   2.1966501e-02
   2.6350000e+00   2.0132547e-02   2.1338469e-02   1.9050333e-02
   2.6450000e+00   1.7685807e-02   1.8741527e-02   1.6740728e-02
   2.6550000e+00   1.5698947e-02   1.6628502e-02   1.4868652e-02
   2.6650000e+00   1.4071290e-02   1.4896523e-02   1.3335854e-02
   2.6750000e+00   1.2703233e-02   1.3438554e-02   1.2049298e-02
   2.6850000e+00   9.2817625e-03   9.7678757e-03   8.8531179e-03
   2.6950000e+00   7.3812643e-03   7.7196105e-03   7.0854097e-03
   2.7050000e+00   6.2005318e-03   6.4444280e-03   5.9889876e-03
   2.7150000e+00   5.4014799e-03   5.5819209e-03   5.2461597e-03
   2.7250000e+00   4.8194730e-03   4.9558938e-03   4.7028840e-03
   2.7350000e+00   3.8633883e-03   3.9117811e-03   3.8231685e-03
   2.7450000e+00   3.4188160e-03   3.4400440e-03   3.4014441e-03
   2.7550000e+00   3.0939695e-03   3.1052866e-03   3.0847118e-03
   2.7650000e+00   2.8096101e-03   2.8168660e-03   2.8035997e-03
   2.7750000e+00   2.5452326e-03   2.5506721e-03   2.5406430e-03
   2.7850000e+00   2.2407028e-03   2.2446732e-03   2.2372375e-03
   2.7950000e+00   1.9439890e-03   1.9475148e-03   1.9408494e-03
   2.8050000e+00   1.6811616e-03   1.6846036e-03   1.6780796e-03
   2.8150000e+00   1.4567744e-03   1.4602583e-03   1.4536572e-03
   2.8250000e+00   1.2953590e-03   1.2988958e-03   1.2921934e-03
   2.8350000e+00   1.2441403e-03   1.2476483e-03   1.2409890e-03
   2.8450000e+00   1.3767640e-03   1.3802305e-03   1.3736361e-03
   2.8550000e+00   1.7741029e-03   1.7776587e-03   1.7708864e-03
   2.8650000e+00   2.4753553e-03   2.4791069e-03   2.4719606e-03
   2.8750000e+00   3.7408480e-03   3.7447710e-03   3.7373030e-03
   2.8850000e+00   5.4004267e-03   5.4043385e-03   5.3969008e-03
   2.8950000e+00   7.5459974e-03   7.5496012e-03   7.5427623e-03
   2.9050000e+00   9.7719461e-03   9.7749837e-03   9.7692360e-03
   2.9150000e+00   1.2078311e-02   1.2080593e-02   1.2076298e-02
   2.9250000e+00   1.3924803e-02   1.3926260e-02   1.3923547e-02
   2.9350000e+00   1.5736290e-02   1.5736897e-02   1.5735815e-02
   2.9450000e+00   1.6934170e-02   1.6934103e-02   1.6934312e-02
   2.9550000e+00   1.8239065e-02   1.8238294e-02   1.8239853e-02
   2.9650000e+00   1.9628633e-02   1.9627129e-02   1.9630094e-02
   2.9750000e+00   2.1233480e-02   2.1231138e-02   2.1235709e-02
   2.9850000e+00   2.2932090e-02   2.2928851e-02   2.2935143e-02
   2.9950000e+00   2.5031624e-02   2.5027231e-02   2.5035735e-02
   3.0050000e+00   2.7211205e-02   2.7205570e-02   2.7216455e-02
   3.0150000e+00   2.9518356e-02   2.9511303e-02   2.9524904e-02
   3.0250000e+00   3.1875388e-02   3.1866801e-02   3.1883341e-02
   3.0350000e+00   3.4295521e-02   3.4285249e-02   3.4305020e-02
   3.0450000e+00   3.6700589e-02   3.6688479e-02   3.6711772e-02
   3.0550000e+00   3.9187314e-02   3.9173173e-02   3.9200359e-02
   3.0650000e+00   4.0273834e-02   4.0258335e-02   4.0288126e-02
   3.0750000e+00   4.1083607e-02   4.1066914e-02   4.1098997e-02
   3.0850000e+00   4.0704020e-02   4.0686962e-02   4.0719748e-02
   3.0950000e+00   4.0373809e-02   4.0356443e-02   4.0389824e-02
   3.1050000e+00   3.9359806e-02   3.9342735e-02   3.9375554e-02
   3.1150000e+00   3.8544658e-02   3.8527815e-02   3.8560200e-02
   3.1250000e+00   3.7944628e-02   3.7927971e-02   3.7960000e-02
   3.1350000e+00   3.7517321e-02   3.7500763e-02   3.7532604e-02
   3.1450000e+00   3.7020163e-02   3.7003785e-02   3.7035284e-02
   3.1550000e+00   3.6683897e-02   3.6667614e-02   3.6698933e-02
   3.1650000e+00   3.5936545e-02   3.5920670e-02   3.5951208e-02
   3.1750000e+00   3.5359339e-02   3.5343778e-02   3.5373716e-02
   3.1850000e+00   3.4302380e-02   3.4287493e-02   3.4316140e-02
   3.1950000e+00   3.3393923e-02   3.3379621e-02   3.3407147e-02
   3.2050000e+00   3.2245220e-02   3.2231680e-02   3.2257745e-02
   3.2150000e+00   3.1188135e-02   3.1175298e-02   3.1200014e-02
   3.2250000e+00   3.0254570e-02   3.0242351e-02   3.0265882e-02
   3.2350000e+00   2.9362235e-02   2.9350607e-02   2.9373004e-02
   3.2450000e+00   2.8638819e-02   2.8627666e-02   2.8649152e-02
   3.2550000e+00   2.7956618e-02   2.7945914e-02   2.7966539e-02
   3.2650000e+00   2.7190842e-02   2.7180643e-02   2.7200299e-02
   3.2750000e+00   2.6424975e-02   2.6415282e-02   2.6433968e-02
   3.2850000e+00   2.5760779e-02   2.5751518e-02   2.5769373e-02
   3.2950000e+00   2.5156897e-02   2.5148025e-02   2.5165134e-02
   3.3050000e+00   2.4613800e-02   2.4605279e-02   2.4621715e-02
   3.3150000e+00   2.4132201e-02   2.4123991e-02   2.4139830e-02
   3.3250000e+00   2.3663351e-02   2.3655444e-02   2.3670703e-02
   3.3350000e+00   2.3211089e-02   2.3203473e-02   2.3218174e-02
   3.3450000e+00   2.2765195e-02   2.2757866e-02   2.2772015e-02
   3.3550000e+00   2.2336680e-02   2.2329627e-02   2.2343248e-02
   3.3650000e+00   2.1913165e-02   2.1906384e-02   2.1919482e-02
   3.3750000e+00   2.1517077e-02   2.1510549e-02   2.1523162e-02
   3.3850000e+00   2.1129746e-02   2.1123465e-02   2.1135603e-02
   3.3950000e+00   2.0769426e-02   2.0763376e-02   2.0775073e-02
   3.4050000e+00   2.0435266e-02   2.0429429e-02   2.0440718e-02
   3.4150000e+00   2.0110480e-02   2.0104851e-02   2.0115740e-02
   3.4250000e+00   1.9817073e-02   1.9811635e-02   1.9822160e-02
   3.4350000e+00   1.9525161e-02   1.9519917e-02   1.9530071e-02
   3.4450000e+00   1.9256859e-02   1.9251803e-02   1.9261602e-02
   3.4550000e+00   1.8992201e-02   1.8987346e-02   1.8996767e-02
   3.4650000e+00   1.8741542e-02   1.8736907e-02   1.8745920e-02
   3.4750000e+00   1.8504693e-02   1.8500310e-02   1.8508861e-02
   3.4850000e+00   1.8270809e-02   1.8266760e-02   1.8274708e-02
   3.4950000e+00   1.8054782e-02   1.8051125e-02   1.8058371e-02
   3.5050000e+00   1.7839926e-02   1.7836832e-02   1.7843078e-02
   3.5150000e+00   1.7640455e-02   1.7638097e-02   1.7643038e-02
   3.5250000e+00   1.7451805e-02   1.7450430e-02   1.7453633e-02
   3.5350000e+00   1.7266969e-02   1.7267012e-02   1.7267702e-02
   3.5450000e+00   1.7098836e-02   1.7100490e-02   1.7098318e-02
   3.5550000e+00   1.6933648e-02   1.6937542e-02   1.6931382e-02
   3.5650000e+00   1.6786157e-02   1.6792442e-02   1.6782012e-02
   3.5750000e+00   1.6650614e-02   1.6659390e-02   1.6644497e-02
   3.5850000e+00   1.6518241e-02   1.6530136e-02   1.6509642e-02
   3.5950000e+00   1.6390080e-02   1.6405914e-02   1.6378328e-02
   3.6050000e+00   1.6267384e-02   1.6288181e-02   1.6251634e-02
   3.6150000e+00   1.6152094e-02   1.6179213e-02   1.6131216e-02
   3.6250000e+00   1.6047536e-02   1.6082094e-02   1.6020582e-02
   3.6350000e+00   1.5956544e-02   1.5994024e-02   1.5927185e-02
   3.6450000e+00   1.5867118e-02   1.5907781e-02   1.5835138e-02
   3.6550000e+00   1.5779129e-02   1.5823152e-02   1.5744369e-02
   3.6650000e+00   1.5692958e-02   1.5740643e-02   1.5655168e-02
   3.6750000e+00   1.5608642e-02   1.5660233e-02   1.5567605e-02
   3.6850000e+00   1.5526405e-02   1.5582232e-02   1.5481845e-02
   3.6950000e+00   1.5446267e-02   1.5506598e-02   1.5397947e-02
   3.7050000e+00   1.5368791e-02   1.5434019e-02   1.5316374e-02
   3.7150000e+00   1.5293862e-02   1.5364325e-02   1.5237055e-02
   3.7250000e+00   1.5221919e-02   1.5298046e-02   1.5160352e-02
   3.7350000e+00   1.5143680e-02   1.5223351e-02   1.5079118e-02
   3.7450000e+00   1.5045768e-02   1.5123519e-02   1.4982809e-02
   3.7550000e+00   1.4948081e-02   1.5023919e-02   1.4886720e-02
   3.7650000e+00   1.4851045e-02   1.4925043e-02   1.4791214e-02
   3.7750000e+00   1.4754466e-02   1.4826690e-02   1.4696111e-02
   3.7850000e+00   1.4654732e-02   1.4721638e-02   1.4600824e-02
   3.7950000e+00   1.4557944e-02   1.4619933e-02   1.4508133e-02
   3.8050000e+00   1.4464091e-02   1.4521644e-02   1.4417968e-02
   3.8150000e+00   1.4372442e-02   1.4425869e-02   1.4329741e-02
   3.8250000e+00   1.4283259e-02   1.4332971e-02   1.4243633e-02
   3.8350000e+00   1.4195796e-02   1.4242032e-02   1.4159037e-02
   3.8450000e+00   1.4110187e-02   1.4153265e-02   1.4076030e-02
   3.8550000e+00   1.4035910e-02   1.4075255e-02   1.4004820e-02
   3.8650000e+00   1.3966301e-02   1.4002065e-02   1.3938146e-02
   3.8750000e+00   1.3898969e-02   1.3931554e-02   1.3873413e-02
   3.8850000e+00   1.3833389e-02   1.3863088e-02   1.3810184e-02
   3.8950000e+00   1.3769552e-02   1.3796676e-02   1.3748438e-02
   3.9050000e+00   1.3707058e-02   1.3731836e-02   1.3687842e-02
   3.9150000e+00   1.3645868e-02   1.3668542e-02   1.3628352e-02
   3.9250000e+00   1.3585814e-02   1.3606592e-02   1.3569825e-02
   3.9350000e+00   1.3526686e-02   1.3545729e-02   1.3512089e-02
   3.9450000e+00   1.3468501e-02   1.3485990e-02   1.3455148e-02
   3.9550000e+00   1.3411049e-02   1.3427117e-02   1.3398830e-02
   3.9650000e+00   1.3354344e-02   1.3369133e-02   1.3343142e-02
   3.9750000e+00   1.3306401e-02   1.3319873e-02   1.3296244e-02
   3.9850000e+00   1.3264638e-02   1.3276843e-02   1.3255485e-02
   3.9950000e+00   1.3223546e-02   1.3234620e-02   1.3215288e-02
   4.0050000e+00   1.3183015e-02   1.3193066e-02   1.3175561e-02
   4.0150000e+00   1.3143003e-02   1.3152137e-02   1.3136268e-02
   4.0250000e+00   1.3103444e-02   1.3111754e-02   1.3097354e-02
   4.0350000e+00   1.3064285e-02   1.3071852e-02   1.3058775e-02
   4.0450000e+00   1.3025495e-02   1.3032394e-02   1.3020504e-02
   4.0550000e+00   1.2987017e-02   1.2993310e-02   1.2982494e-02
   4.0650000e+00   1.2948831e-02   1.2954578e-02   1.2944730e-02
   4.0750000e+00   1.2910912e-02   1.2916167e-02   1.2907188e-02
   4.0850000e+00   1.2873220e-02   1.2878028e-02   1.2869839e-02
   4.0950000e+00   1.2835744e-02   1.2840149e-02   1.2832671e-02
   4.1050000e+00   1.2803786e-02   1.2807815e-02   1.2801000e-02
   4.1150000e+00   1.2775551e-02   1.2779233e-02   1.2773029e-02
   4.1250000e+00   1.2747478e-02   1.2750846e-02   1.2745194e-02
   4.1350000e+00   1.2719548e-02   1.2722630e-02   1.2717479e-02
   4.1450000e+00   1.2691752e-02   1.2694576e-02   1.2689878e-02
   4.1550000e+00   1.2664081e-02   1.2666671e-02   1.2662382e-02
   4.1650000e+00   1.2636521e-02   1.2638898e-02   1.2634981e-02
   4.1750000e+00   1.2609065e-02   1.2611248e-02   1.2607669e-02
   4.1850000e+00   1.2581707e-02   1.2583715e-02   1.2580440e-02
   4.1950000e+00   1.2554439e-02   1.2556287e-02   1.2553289e-02
   4.2050000e+00   1.2527256e-02   1.2528959e-02   1.2526211e-02
   4.2150000e+00   1.2500150e-02   1.2501723e-02   1.2499201e-02
   4.2250000e+00   1.2473120e-02   1.2474573e-02   1.2472257e-02
   4.2350000e+00   1.2446160e-02   1.2447506e-02   1.2445374e-02
   4.2450000e+00   1.2424980e-02   1.2426160e-02   1.2424315e-02
   4.2550000e+00   1.2407751e-02   1.2408747e-02   1.2407221e-02
   4.2650000e+00   1.2390669e-02   1.2391509e-02   1.2390253e-02
   4.2750000e+00   1.2373720e-02   1.2374426e-02   1.2373401e-02
   4.2850000e+00   1.2356891e-02   1.2357482e-02   1.2356654e-02
   4.2950000e+00   1.2340172e-02   1.2340665e-02   1.2340004e-02
   4.3050000e+00   1.2323554e-02   1.2323964e-02   1.2323445e-02
   4.3150000e+00   1.2307031e-02   1.2307370e-02   1.2306971e-02
   4.3250000e+00   1.2290596e-02   1.2290875e-02   1.2290578e-02
   4.3350000e+00   1.2274246e-02   1.2274474e-02   1.2274261e-02
   4.3450000e+00   1.2257975e-02   1.2258160e-02   1.2258019e-02
   4.3550000e+00   1.2250541e-02   1.2250673e-02   1.2250621e-02
   4.3650000e+00   1.2246959e-02   1.2247041e-02   1.2247074e-02
   4.3750000e+00   1.2243476e-02   1.2243516e-02   1.2243620e-02
   4.3850000e+00   1.2240087e-02   1.2240092e-02   1.2240255e-02
   4.3950000e+00   1.2249043e-02   1.2249012e-02   1.2249238e-02
   4.4050000e+00   1.2261138e-02   1.2261074e-02   1.2261358e-02
   4.4150000e+00   1.2273305e-02   1.2273210e-02   1.2273547e-02
   4.4250000e+00   1.2285541e-02   1.2285419e-02   1.2285803e-02
   4.4350000e+00   1.2297845e-02   1.2297700e-02   1.2298126e-02
   4.4450000e+00   1.2311672e-02   1.2311505e-02   1.2311970e-02
   4.4550000e+00   1.2338653e-02   1.2338464e-02   1.2338970e-02
   4.4650000e+00   1.2365658e-02   1.2365447e-02   1.2365993e-02
   4.4750000e+00   1.2392687e-02   1.2392454e-02   1.2393041e-02
   4.4850000e+00   1.2419740e-02   1.2419486e-02   1.2420112e-02
   4.4950000e+00   1.2446816e-02   1.2446542e-02   1.2447207e-02
   4.5050000e+00   1.2473917e-02   1.2473622e-02   1.2474326e-02
   4.5150000e+00   1.2506156e-02   1.2505849e-02   1.2506578e-02
   4.5250000e+00   1.2538424e-02   1.2538105e-02   1.2538859e-02
   4.5350000e+00   1.2570721e-02   1.2570390e-02   1.2571168e-02
   4.5450000e+00   1.2603047e-02   1.2602705e-02   1.2603506e-02
   4.5550000e+00   1.2633660e-02   1.2633319e-02   1.2634122e-02
   4.5650000e+00   1.2658099e-02   1.2657771e-02   1.2658556e-02
   4.5750000e+00   1.2676797e-02   1.2676489e-02   1.2677242e-02
   4.5850000e+00   1.2680836e-02   1.2680565e-02   1.2681254e-02
   4.5950000e+00   1.2670222e-02   1.2670009e-02   1.2670596e-02
   4.6050000e+00   1.2659714e-02   1.2659567e-02   1.2660039e-02
   4.6150000e+00   1.2649318e-02   1.2649248e-02   1.2649586e-02
   4.6250000e+00   1.2639042e-02   1.2639060e-02   1.2639243e-02
   4.6350000e+00   1.2628894e-02   1.2629016e-02   1.2629017e-02
   4.6450000e+00   1.2618885e-02   1.2619129e-02   1.2618917e-02
   4.6550000e+00   1.2609030e-02   1.2609419e-02   1.2608954e-02
   4.6650000e+00   1.2599347e-02   1.2599908e-02   1.2599141e-02
   4.6750000e+00   1.2589857e-02   1.2590624e-02   1.2589497e-02
   4.6850000e+00   1.2580589e-02   1.2581604e-02   1.2580044e-02
   4.6950000e+00   1.2571581e-02   1.2572894e-02   1.2570811e-02
   4.7050000e+00   1.2562878e-02   1.2564553e-02   1.2561835e-02
   4.7150000e+00   1.2554541e-02   1.2556656e-02   1.2553165e-02
   4.7250000e+00   1.2536868e-02   1.2539359e-02   1.2535203e-02
   4.7350000e+00   1.2512880e-02   1.2515687e-02   1.2510972e-02
   4.7450000e+00   1.2489041e-02   1.2492193e-02   1.2486865e-02
   4.7550000e+00   1.2465365e-02   1.2468899e-02   1.2462895e-02
   4.7650000e+00   1.2441872e-02   1.2445827e-02   1.2439076e-02
   4.7750000e+00   1.2418582e-02   1.2423001e-02   1.2415425e-02
   4.7850000e+00   1.2395514e-02   1.2400445e-02   1.2391960e-02
   4.7950000e+00   1.2372699e-02   1.2378196e-02   1.2368703e-02
   4.8050000e+00   1.2350166e-02   1.2356290e-02   1.2345681e-02
   4.8150000e+00   1.2327948e-02   1.2334766e-02   1.2322919e-02
   4.8250000e+00   1.2306083e-02   1.2313671e-02   1.2300452e-02
   4.8350000e+00   1.2284619e-02   1.2293060e-02   1.2278317e-02
   4.8450000e+00   1.2263605e-02   1.2272994e-02   1.2256555e-02
   4.8550000e+00   1.2243104e-02   1.2253546e-02   1.2235221e-02
   4.8650000e+00   1.2223183e-02   1.2234799e-02   1.2214370e-02
   4.8750000e+00   1.2203924e-02   1.2216846e-02   1.2194072e-02
   4.8850000e+00   1.2185399e-02   1.2199775e-02   1.2174389e-02
   4.8950000e+00   1.2167735e-02   1.2183734e-02   1.2155428e-02
   4.9050000e+00   1.2150267e-02   1.2167968e-02   1.2136594e-02
   4.9150000e+00   1.2126290e-02   1.2144789e-02   1.2111974e-02
   4.9250000e+00   1.2102507e-02   1.2121835e-02   1.2087521e-02
   4.9350000e+00   1.2078918e-02   1.2099111e-02   1.2063234e-02
   4.9450000e+00   1.2055539e-02   1.2076633e-02   1.2039124e-02
   4.9550000e+00   1.2032379e-02   1.2054413e-02   1.2015203e-02
   4.9650000e+00   1.2009459e-02   1.2032475e-02   1.1991486e-02
   4.9750000e+00   1.1986774e-02   1.2010810e-02   1.1967973e-02
   4.9850000e+00   1.1964316e-02   1.1989410e-02   1.1944654e-02
   4.9950000e+00   1.1942147e-02   1.1968351e-02   1.1921582e-02
