   3.0500000e-01   9.2407822e-01   9.2673852e-01   9.2144685e-01
   3.1500000e-01   9.2388798e-01   9.2655182e-01   9.2125381e-01
   3.2500000e-01   9.2368095e-01   9.2636002e-01   9.2103181e-01
   3.3500000e-01   9.2354526e-01   9.2623404e-01   9.2088619e-01
   3.4500000e-01   9.2336740e-01   9.2606875e-01   9.2069623e-01
   3.5500000e-01   9.2321541e-01   9.2592251e-01   9.2053864e-01
   3.6500000e-01   9.2320121e-01   9.2591819e-01   9.2051453e-01
   3.7500000e-01   9.2313464e-01   9.2585502e-01   9.2044454e-01
   3.8500000e-01   9.2307572e-01   9.2580267e-01   9.2037909e-01
   3.9500000e-01   9.2302053e-01   9.2575549e-01   9.2031611e-01
   4.0500000e-01   9.2302747e-01   9.2576817e-01   9.2031772e-01
   4.1500000e-01   9.2299469e-01   9.2574266e-01   9.2027783e-01
   4.2500000e-01   9.2304256e-01   9.2579495e-01   9.2032115e-01
   4.3500000e-01   9.2308613e-01   9.2584383e-01   9.2035942e-01
   4.4500000e-01   9.2311113e-01   9.2587137e-01   9.2038193e-01
   4.5500000e-01   9.2310148e-01   9.2586740e-01   9.2036696e-01
   4.6500000e-01   9.2314006e-01   9.2590529e-01   9.2040599e-01
   4.7500000e-01   9.2317012e-01   9.2594306e-01   9.2042877e-01
   4.8500000e-01   9.2324174e-01   9.2601588e-01   9.2049866e-01
   4.9500000e-01   9.2318183e-01   9.2596208e-01   9.2043299e-01
   5.0500000e-01   9.2314381e-01   9.2592429e-01   9.2039477e-01
   5.1500000e-01   9.2314886e-01   9.2593378e-01   9.2039529e-01
   5.2500000e-01   9.2309999e-01   9.2588918e-01   9.2034214e-01
   5.3500000e-01   9.2298193e-01   9.2576577e-01   9.2022996e-01
   5.4500000e-01   9.2281053e-01   9.2560757e-01   9.2004591e-01
   5.5500000e-01   9.2265150e-01   9.2544685e-01   9.1988836e-01
   5.6500000e-01   9.2258175e-01   9.2538233e-01   9.1981356e-01
   5.7500000e-01   9.2240269e-01   9.2520093e-01   9.1963639e-01
   5.8500000e-01   9.2219742e-01   9.2500937e-01   9.1941775e-01
   5.9500000e-01   9.2204995e-01   9.2485949e-01   9.1927317e-01
   6.0500000e-01   9.2172941e-01   9.2453666e-01   9.1895356e-01
   6.1500000e-01   9.2100520e-01   9.2382140e-01   9.1822454e-01
   6.2500000e-01   9.2069165e-01   9.2351631e-01   9.1789910e-01
   6.3500000e-01   9.2022376e-01   9.2304234e-01   9.1743767e-01
   6.4500000e-01   9.1953624e-01   9.2235093e-01   9.1675495e-01
   6.5500000e-01   9.1873527e-01   9.2155982e-01   9.1594418e-01
   6.6500000e-01   9.1819641e-01   9.2103627e-01   9.1539006e-01
   6.7500000e-01   9.1753565e-01   9.2038017e-01   9.1472683e-01
   6.8500000e-01   9.1714541e-01   9.1998055e-01   9.1434146e-01
   6.9500000e-01   9.1563762e-01   9.1846422e-01   9.1284559e-01
   7.0500000e-01   9.1442145e-01   9.1726904e-01   9.1160730e-01
   7.1500000e-01   9.1267283e-01   9.1554946e-01   9.0983245e-01
   7.2500000e-01   9.1175923e-01   9.1463230e-01   9.0892083e-01
   7.3500000e-01   9.1064830e-01   9.1351376e-01   9.0781849e-01
   7.4500000e-01   9.0829788e-01   9.1117650e-01   9.0545523e-01
   7.5500000e-01   9.0573436e-01   9.0862683e-01   9.0287743e-01
   7.6500000e-01   9.0247731e-01   9.0539530e-01   8.9959766e-01
   7.7500000e-01   8.9866211e-01   9.0161465e-01   8.9574906e-01
   7.8500000e-01   8.9495248e-01   8.9792452e-01   8.9201999e-01
   7.9500000e-01   8.9120356e-01   8.9420329e-01   8.8824955e-01
   8.0500000e-01   8.8865888e-01   8.9166669e-01   8.8569515e-01
   8.1500000e-01   8.8873849e-01   8.9177096e-01   8.8575175e-01
   8.2500000e-01   8.8817915e-01   8.9121183e-01   8.8519057e-01
   8.3500000e-01   8.8736043e-01   8.9034863e-01   8.8441042e-01
   8.4500000e-01   8.8380638e-01   8.8678678e-01   8.8086010e-01
   8.5500000e-01   8.7820760e-01   8.8135576e-01   8.7510965e-01
   8.6500000e-01   8.7038237e-01   8.7361348e-01   8.6720834e-01
   8.7500000e-01   8.6029688e-01   8.6365945e-01   8.5699742e-01
   8.8500000e-01   8.5038149e-01   8.5386179e-01   8.4696665e-01
   8.9500000e-01   8.4407192e-01   8.4758383e-01   8.4062748e-01
   9.0500000e-01   8.4046420e-01   8.4400390e-01   8.3699902e-01
   9.1500000e-01   8.3788514e-01   8.4153741e-01   8.3430895e-01
   9.2500000e-01   8.3370998e-01   8.3740072e-01   8.3010000e-01
   9.3500000e-01   8.2919448e-01   8.3293329e-01   8.2553647e-01
   9.4500000e-01   8.2357475e-01   8.2738044e-01   8.1985581e-01
   9.5500000e-01   8.1251752e-01   8.1653722e-01   8.0859264e-01
   9.6500000e-01   7.9561267e-01   7.9987427e-01   7.9146163e-01
   9.7500000e-01   7.7863598e-01   7.8315226e-01   7.7424069e-01
   9.8500000e-01   7.6231007e-01   7.6707346e-01   7.5767186e-01
   9.9500000e-01   7.4346137e-01   7.4846170e-01   7.3860351e-01
   1.0050000e+00   7.2268702e-01   7.2810237e-01   7.1742628e-01
   1.0150000e+00   7.0445106e-01   7.1012079e-01   6.9895482e-01
   1.0250000e+00   6.9674263e-01   7.0251095e-01   6.9114655e-01
   1.0350000e+00   6.9602761e-01   7.0185936e-01   6.9037370e-01
   1.0450000e+00   7.0099947e-01   7.0669306e-01   6.9547921e-01
   1.0550000e+00   7.1268138e-01   7.1820333e-01   7.0731919e-01
   1.0650000e+00   7.2452422e-01   7.2990426e-01   7.1929574e-01
   1.0750000e+00   7.3169766e-01   7.3692296e-01   7.2662649e-01
   1.0850000e+00   7.3603006e-01   7.4126120e-01   7.3094842e-01
   1.0950000e+00   7.3802047e-01   7.4321384e-01   7.3297637e-01
   1.1050000e+00   7.3798004e-01   7.4319290e-01   7.3291704e-01
   1.1150000e+00   7.3494507e-01   7.4014834e-01   7.2989642e-01
   1.1250000e+00   7.2793042e-01   7.3326108e-01   7.2275257e-01
   1.1350000e+00   7.1642348e-01   7.2191287e-01   7.1109751e-01
   1.1450000e+00   7.1093814e-01   7.1651978e-01   7.0551965e-01
   1.1550000e+00   6.9191357e-01   6.9773605e-01   6.8627158e-01
   1.1650000e+00   6.6089875e-01   6.6722724e-01   6.5477491e-01
   1.1750000e+00   6.3033071e-01   6.3697174e-01   6.2390695e-01
   1.1850000e+00   6.0270240e-01   6.0968723e-01   5.9595506e-01
   1.1950000e+00   5.7789257e-01   5.8508700e-01   5.7095223e-01
   1.2050000e+00   5.4674408e-01   5.5428656e-01   5.3947835e-01
   1.2150000e+00   5.1407575e-01   5.2180316e-01   5.0664504e-01
   1.2250000e+00   4.9392986e-01   5.0182995e-01   4.8634284e-01
   1.2350000e+00   4.8045273e-01   4.8840505e-01   4.7281540e-01
   1.2450000e+00   4.7044230e-01   4.7844963e-01   4.6275854e-01
   1.2550000e+00   4.6527759e-01   4.7332507e-01   4.5755681e-01
   1.2650000e+00   4.6264896e-01   4.7069814e-01   4.5492792e-01
   1.2750000e+00   4.6304567e-01   4.7107406e-01   4.5534635e-01
   1.2850000e+00   4.6651094e-01   4.7454188e-01   4.5880416e-01
   1.2950000e+00   4.6827720e-01   4.7629092e-01   4.6058939e-01
   1.3050000e+00   4.6996527e-01   4.7796847e-01   4.6228726e-01
   1.3150000e+00   4.7122015e-01   4.7922726e-01   4.6353791e-01
   1.3250000e+00   4.7184727e-01   4.7984789e-01   4.6417012e-01
   1.3350000e+00   4.7169033e-01   4.7969225e-01   4.6401166e-01
   1.3450000e+00   4.6898244e-01   4.7700438e-01   4.6128644e-01
   1.3550000e+00   4.6502733e-01   4.7307276e-01   4.5730901e-01
   1.3650000e+00   4.6108900e-01   4.6914900e-01   4.5335634e-01
   1.3750000e+00   4.5268332e-01   4.6074989e-01   4.4495101e-01
   1.3850000e+00   4.4005511e-01   4.4819835e-01   4.3225251e-01
   1.3950000e+00   4.2150487e-01   4.2966366e-01   4.1369598e-01
   1.4050000e+00   3.5757116e-01   3.6569446e-01   3.4982657e-01
   1.4150000e+00   2.6649547e-01   2.7410034e-01   2.5929868e-01
   1.4250000e+00   1.8595373e-01   1.9247568e-01   1.7982902e-01
   1.4350000e+00   1.3085448e-01   1.3619687e-01   1.2587532e-01
   1.4450000e+00   9.6323102e-02   1.0067946e-01   9.2288291e-02
   1.4550000e+00   6.9498508e-02   7.2903921e-02   6.6364880e-02
   1.4650000e+00   5.1015122e-02   5.3646282e-02   4.8608813e-02
   1.4750000e+00   3.9397848e-02   4.1473296e-02   3.7509910e-02
   1.4850000e+00   3.3251590e-02   3.5000217e-02   3.1666902e-02
   1.4950000e+00   3.1077368e-02   3.2704254e-02   2.9605331e-02
   1.5050000e+00   3.2240744e-02   3.3933191e-02   3.0707964e-02
   1.5150000e+00   3.3902229e-02   3.5687540e-02   3.2283534e-02
   1.5250000e+00   3.5621972e-02   3.7501082e-02   3.3916339e-02
   1.5350000e+00   3.8080150e-02   4.0088275e-02   3.6254836e-02
   1.5450000e+00   4.1140666e-02   4.3307086e-02   3.9168194e-02
   1.5550000e+00   4.4650738e-02   4.6989380e-02   4.2517792e-02
   1.5650000e+00   4.8764790e-02   5.1296686e-02   4.6451323e-02
   1.5750000e+00   5.3839694e-02   5.6603577e-02   5.1309354e-02
   1.5850000e+00   5.9839511e-02   6.2862423e-02   5.7066162e-02
   1.5950000e+00   6.4421312e-02   6.7632205e-02   6.1471028e-02
   1.6050000e+00   6.8890312e-02   7.2280202e-02   6.5771726e-02
   1.6150000e+00   7.3357906e-02   7.6918513e-02   7.0078092e-02
   1.6250000e+00   7.6120288e-02   7.9785128e-02   7.2742097e-02
   1.6350000e+00   7.8975299e-02   8.2744556e-02   7.5498794e-02
   1.6450000e+00   8.2109765e-02   8.5994908e-02   7.8523247e-02
   1.6550000e+00   8.5771872e-02   8.9787254e-02   8.2062138e-02
   1.6650000e+00   9.0129249e-02   9.4284926e-02   8.6285369e-02
   1.6750000e+00   9.4931561e-02   9.9250865e-02   9.0933250e-02
   1.6850000e+00   9.9679118e-02   1.0414846e-01   9.5537441e-02
   1.6950000e+00   1.0425021e-01   1.0885595e-01   9.9977360e-02
   1.7050000e+00   1.0891776e-01   1.1367174e-01   1.0450534e-01
   1.7150000e+00   1.1365352e-01   1.1854258e-01   1.0911064e-01
   1.7250000e+00   1.1859786e-01   1.2362227e-01   1.1392576e-01
   1.7350000e+00   1.2293013e-01   1.2808130e-01   1.1813656e-01
   1.7450000e+00   1.2630517e-01   1.3153436e-01   1.2143569e-01
   1.7550000e+00   1.2992296e-01   1.3526188e-01   1.2494944e-01
   1.7650000e+00   1.3306960e-01   1.3848383e-01   1.2802294e-01
   1.7750000e+00   1.3568928e-01   1.4116772e-01   1.3058067e-01
   1.7850000e+00   1.3832550e-01   1.4385743e-01   1.3316430e-01
   1.7950000e+00   1.4121647e-01   1.4683747e-01   1.3597129e-01
   1.8050000e+00   1.4438117e-01   1.5006745e-01   1.3907245e-01
   1.8150000e+00   1.4810252e-01   1.5388549e-01   1.4270082e-01
   1.8250000e+00   1.5194764e-01   1.5780970e-01   1.4646899e-01
   1.8350000e+00   1.5382101e-01   1.5972232e-01   1.4830345e-01
   1.8450000e+00   1.5259149e-01   1.5846920e-01   1.4709740e-01
   1.8550000e+00   1.4842378e-01   1.5419888e-01   1.4302776e-01
   1.8650000e+00   1.3648336e-01   1.4200017e-01   1.3134036e-01
   1.8750000e+00   1.1548725e-01   1.2043787e-01   1.1088662e-01
   1.8850000e+00   9.4427517e-02   9.8734627e-02   9.0440767e-02
   1.8950000e+00   7.2458698e-02   7.6001785e-02   6.9196627e-02
   1.9050000e+00   5.4104562e-02   5.6892638e-02   5.1551582e-02
   1.9150000e+00   3.7561887e-02   3.9565614e-02   3.5740398e-02
   1.9250000e+00   2.8176264e-02   2.9666645e-02   2.6830135e-02
   1.9350000e+00   2.1703270e-02   2.2793937e-02   2.0725021e-02
   1.9450000e+00   1.8038641e-02   1.8877846e-02   1.7290565e-02
   1.9550000e+00   1.5917326e-02   1.6597932e-02   1.5313835e-02
   1.9650000e+00   1.4670995e-02   1.5252325e-02   1.4157648e-02
   1.9750000e+00   1.4039300e-02   1.4568667e-02   1.3573019e-02
   1.9850000e+00   1.3735481e-02   1.4239802e-02   1.3291846e-02
   1.9950000e+00   1.3690062e-02   1.4191688e-02   1.3248873e-02
   2.0050000e+00   1.3798878e-02   1.4311244e-02   1.3347963e-02
   2.0150000e+00   1.4078065e-02   1.4615865e-02   1.3604120e-02
   2.0250000e+00   1.4432828e-02   1.5001909e-02   1.3930554e-02
   2.0350000e+00   1.4877885e-02   1.5484695e-02   1.4341363e-02
   2.0450000e+00   1.5515950e-02   1.6175656e-02   1.4931402e-02
   2.0550000e+00   1.6498647e-02   1.7235681e-02   1.5843681e-02
   2.0650000e+00   1.7778251e-02   1.8611619e-02   1.7035405e-02
   2.0750000e+00   1.9656395e-02   2.0623746e-02   1.8791023e-02
   2.0850000e+00   2.2098480e-02   2.3230590e-02   2.1082089e-02
   2.0950000e+00   2.5415478e-02   2.6755849e-02   2.4207462e-02
   2.1050000e+00   2.9954366e-02   3.1561976e-02   2.8499854e-02
   2.1150000e+00   3.4728540e-02   3.6599381e-02   3.3030483e-02
   2.1250000e+00   4.1171453e-02   4.3372574e-02   3.9166552e-02
   2.1350000e+00   4.8407481e-02   5.0955993e-02   4.6079246e-02
   2.1450000e+00   5.5960036e-02   5.8842767e-02   5.3318696e-02
   2.1550000e+00   6.3903568e-02   6.7118753e-02   6.0950233e-02
   2.1650000e+00   7.1653502e-02   7.5172240e-02   6.8414199e-02
   2.1750000e+00   7.9533632e-02   8.3350684e-02   7.6013365e-02
   2.1850000e+00   8.6871199e-02   9.0936392e-02   8.3114760e-02
   2.1950000e+00   9.3810562e-02   9.8109639e-02   8.9833063e-02
   2.2050000e+00   9.9682424e-02   1.0417297e-01   9.5523110e-02
   2.2150000e+00   1.0637269e-01   1.1107015e-01   1.0201454e-01
   2.2250000e+00   1.1209689e-01   1.1696578e-01   1.0757592e-01
   2.2350000e+00   1.1691500e-01   1.2191422e-01   1.1226884e-01
   2.2450000e+00   1.2003770e-01   1.2512908e-01   1.1530420e-01
   2.2550000e+00   1.1859387e-01   1.2364085e-01   1.1390290e-01
   2.2650000e+00   1.1559646e-01   1.2057083e-01   1.1097447e-01
   2.2750000e+00   1.0935722e-01   1.1413964e-01   1.0491824e-01
   2.2850000e+00   1.0208462e-01   1.0665309e-01   9.7849430e-02
   2.2950000e+00   9.3581191e-02   9.7877204e-02   8.9605308e-02
   2.3050000e+00   8.4593565e-02   8.8586549e-02   8.0906618e-02
   2.3150000e+00   7.6413623e-02   8.0103194e-02   7.3011367e-02
   2.3250000e+00   6.9053849e-02   7.2487788e-02   6.5895565e-02
   2.3350000e+00   6.2738646e-02   6.5919908e-02   5.9817863e-02
   2.3450000e+00   5.7383009e-02   6.0341601e-02   5.4670468e-02
   2.3550000e+00   5.3070378e-02   5.5840058e-02   5.0535286e-02
   2.3650000e+00   4.9840172e-02   5.2476705e-02   4.7429957e-02
   2.3750000e+00   4.7234720e-02   4.9746358e-02   4.4940180e-02
   2.3850000e+00   4.5335071e-02   4.7759242e-02   4.3122072e-02
   2.3950000e+00   4.3700567e-02   4.6049646e-02   4.1557406e-02
   2.4050000e+00   4.2267364e-02   4.4552969e-02   4.0183774e-02
   2.4150000e+00   4.1009891e-02   4.3229137e-02   3.8987143e-02
   2.4250000e+00   3.9899902e-02   4.2068613e-02   3.7924596e-02
   2.4350000e+00   3.8702932e-02   4.0815673e-02   3.6779658e-02
   2.4450000e+00   3.7453377e-02   3.9502416e-02   3.5588696e-02
   2.4550000e+00   3.6296475e-02   3.8296196e-02   3.4478526e-02
   2.4650000e+00   3.5148518e-02   3.7086549e-02   3.3387404e-02
   2.4750000e+00   3.4118958e-02   3.6004668e-02   3.2406135e-02
   2.4850000e+00   3.3141499e-02   3.4977689e-02   3.1474376e-02
   2.4950000e+00   3.2179610e-02   3.3967816e-02   3.0556959e-02
   2.5050000e+00   3.1521872e-02   3.3276437e-02   2.9930035e-02
   2.5150000e+00   3.1089276e-02   3.2825271e-02   2.9514984e-02
   2.5250000e+00   3.0831455e-02   3.2555625e-02   2.9267922e-02
   2.5350000e+00   3.0796001e-02   3.2522215e-02   2.9230844e-02
   2.5450000e+00   3.0711086e-02   3.2430964e-02   2.9151100e-02
   2.5550000e+00   3.0888895e-02   3.2619019e-02   2.9318882e-02
   2.5650000e+00   3.1297264e-02   3.3052294e-02   2.9704325e-02
   2.5750000e+00   3.1324542e-02   3.3082360e-02   2.9729418e-02
   2.5850000e+00   3.1238581e-02   3.2999496e-02   2.9640626e-02
   2.5950000e+00   3.0646402e-02   3.2373722e-02   2.9078476e-02
   2.6050000e+00   2.9583154e-02   3.1257800e-02   2.8064149e-02
   2.6150000e+00   2.8225757e-02   2.9830392e-02   2.6771738e-02
   2.6250000e+00   2.5569114e-02   2.7031551e-02   2.4245861e-02
   2.6350000e+00   2.2179789e-02   2.3454334e-02   2.1029286e-02
   2.6450000e+00   1.9482466e-02   2.0602121e-02   1.8474133e-02
   2.6550000e+00   1.7285892e-02   1.8274765e-02   1.6397185e-02
   2.6650000e+00   1.5484782e-02   1.6365385e-02   1.4695046e-02
   2.6750000e+00   1.3967636e-02   1.4754507e-02   1.3263324e-02
   2.6850000e+00   1.0139314e-02   1.0665267e-02   9.6721461e-03
   2.6950000e+00   7.9994138e-03   8.3694393e-03   7.6732310e-03
   2.7050000e+00   6.6660026e-03   6.9354976e-03   6.4301754e-03
   2.7150000e+00   5.7640454e-03   5.9653617e-03   5.5890921e-03
   2.7250000e+00   5.1099398e-03   5.2635416e-03   4.9773248e-03
   2.7350000e+00   4.0137487e-03   4.0702357e-03   3.9662316e-03
   2.7450000e+00   3.5224968e-03   3.5478190e-03   3.5015296e-03
   2.7550000e+00   3.1770292e-03   3.1905842e-03   3.1658410e-03
   2.7650000e+00   2.8809116e-03   2.8894979e-03   2.8737637e-03
   2.7750000e+00   2.6082801e-03   2.6145828e-03   2.6029528e-03
   2.7850000e+00   2.2950840e-03   2.2994883e-03   2.2912404e-03
   2.7950000e+00   1.9912782e-03   1.9950793e-03   1.9878896e-03
   2.8050000e+00   1.7225905e-03   1.7262712e-03   1.7192891e-03
   2.8150000e+00   1.4933511e-03   1.4970800e-03   1.4900082e-03
   2.8250000e+00   1.3284712e-03   1.3322506e-03   1.3250783e-03
   2.8350000e+00   1.2760889e-03   1.2798153e-03   1.2727286e-03
   2.8450000e+00   1.4115622e-03   1.4152204e-03   1.4082475e-03
   2.8550000e+00   1.8177184e-03   1.8214563e-03   1.8143226e-03
   2.8650000e+00   2.5345340e-03   2.5384731e-03   2.5309538e-03
   2.8750000e+00   3.8277020e-03   3.8318250e-03   3.8239594e-03
   2.8850000e+00   5.5229368e-03   5.5270571e-03   5.5192056e-03
   2.8950000e+00   7.7136790e-03   7.7174894e-03   7.7102417e-03
   2.9050000e+00   9.9855344e-03   9.9887653e-03   9.9826367e-03
   2.9150000e+00   1.2338575e-02   1.2341028e-02   1.2336397e-02
   2.9250000e+00   1.4221653e-02   1.4223256e-02   1.4220260e-02
   2.9350000e+00   1.6068566e-02   1.6069292e-02   1.6067982e-02
   2.9450000e+00   1.7289496e-02   1.7289527e-02   1.7289551e-02
   2.9550000e+00   1.8619343e-02   1.8618647e-02   1.8620067e-02
   2.9650000e+00   2.0035280e-02   2.0033828e-02   2.0036700e-02
   2.9750000e+00   2.1670306e-02   2.1667991e-02   2.1672522e-02
   2.9850000e+00   2.3400512e-02   2.3397271e-02   2.3403581e-02
   2.9950000e+00   2.5538570e-02   2.5534140e-02   2.5542734e-02
   3.0050000e+00   2.7757542e-02   2.7751833e-02   2.7762884e-02
   3.0150000e+00   3.0105649e-02   3.0098480e-02   3.0112334e-02
   3.0250000e+00   3.2503778e-02   3.2495030e-02   3.2511916e-02
   3.0350000e+00   3.4965302e-02   3.4954818e-02   3.4975035e-02
   3.0450000e+00   3.7410624e-02   3.7398252e-02   3.7422097e-02
   3.0550000e+00   3.9938114e-02   3.9923656e-02   3.9951507e-02
   3.0650000e+00   4.1041534e-02   4.1025685e-02   4.1056209e-02
   3.0750000e+00   4.1863542e-02   4.1846471e-02   4.1879345e-02
   3.0850000e+00   4.1476842e-02   4.1459402e-02   4.1492987e-02
   3.0950000e+00   4.1140440e-02   4.1122690e-02   4.1156876e-02
   3.1050000e+00   4.0109230e-02   4.0091787e-02   4.0125386e-02
   3.1150000e+00   3.9280155e-02   3.9262951e-02   3.9296095e-02
   3.1250000e+00   3.8669857e-02   3.8652847e-02   3.8685619e-02
   3.1350000e+00   3.8235161e-02   3.8218257e-02   3.8250828e-02
   3.1450000e+00   3.7729479e-02   3.7712762e-02   3.7744975e-02
   3.1550000e+00   3.7387389e-02   3.7370772e-02   3.7402795e-02
   3.1650000e+00   3.6627357e-02   3.6611161e-02   3.6642376e-02
   3.1750000e+00   3.6040310e-02   3.6024439e-02   3.6055032e-02
   3.1850000e+00   3.4965398e-02   3.4950219e-02   3.4979484e-02
   3.1950000e+00   3.4041421e-02   3.4026843e-02   3.4054953e-02
   3.2050000e+00   3.2873003e-02   3.2859207e-02   3.2885815e-02
   3.2150000e+00   3.1797650e-02   3.1784576e-02   3.1809796e-02
   3.2250000e+00   3.0847845e-02   3.0835405e-02   3.0859407e-02
   3.2350000e+00   2.9939895e-02   2.9928062e-02   2.9950898e-02
   3.2450000e+00   2.9203750e-02   2.9192405e-02   2.9214303e-02
   3.2550000e+00   2.8509491e-02   2.8498606e-02   2.8519619e-02
   3.2650000e+00   2.7730119e-02   2.7719752e-02   2.7739769e-02
   3.2750000e+00   2.6950588e-02   2.6940740e-02   2.6959760e-02
   3.2850000e+00   2.6274479e-02   2.6265076e-02   2.6283241e-02
   3.2950000e+00   2.5659716e-02   2.5650713e-02   2.5668110e-02
   3.3050000e+00   2.5106798e-02   2.5098154e-02   2.5114859e-02
   3.3150000e+00   2.4616461e-02   2.4608137e-02   2.4624228e-02
   3.3250000e+00   2.4139079e-02   2.4131066e-02   2.4146559e-02
   3.3350000e+00   2.3678560e-02   2.3670846e-02   2.3685764e-02
   3.3450000e+00   2.3224503e-02   2.3217084e-02   2.3231434e-02
   3.3550000e+00   2.2788119e-02   2.2780984e-02   2.2794790e-02
   3.3650000e+00   2.2356806e-02   2.2349951e-02   2.2363219e-02
   3.3750000e+00   2.1953404e-02   2.1946808e-02   2.1959577e-02
   3.3850000e+00   2.1558902e-02   2.1552561e-02   2.1564841e-02
   3.3950000e+00   2.1191896e-02   2.1185791e-02   2.1197616e-02
   3.4050000e+00   2.0851520e-02   2.0845636e-02   2.0857039e-02
   3.4150000e+00   2.0520682e-02   2.0515013e-02   2.0526002e-02
   3.4250000e+00   2.0221800e-02   2.0216329e-02   2.0226939e-02
   3.4350000e+00   1.9924437e-02   1.9919172e-02   1.9929390e-02
   3.4450000e+00   1.9651129e-02   1.9646065e-02   1.9655903e-02
   3.4550000e+00   1.9381547e-02   1.9376707e-02   1.9386126e-02
   3.4650000e+00   1.9126257e-02   1.9121670e-02   1.9130623e-02
   3.4750000e+00   1.8885087e-02   1.8880801e-02   1.8889204e-02
   3.4850000e+00   1.8647050e-02   1.8643180e-02   1.8650834e-02
   3.4950000e+00   1.8427296e-02   1.8423922e-02   1.8430688e-02
   3.5050000e+00   1.8208969e-02   1.8206320e-02   1.8211794e-02
   3.5150000e+00   1.8006567e-02   1.8004870e-02   1.8008649e-02
   3.5250000e+00   1.7815535e-02   1.7815106e-02   1.7816628e-02
   3.5350000e+00   1.7628991e-02   1.7630386e-02   1.7628656e-02
   3.5450000e+00   1.7459743e-02   1.7463188e-02   1.7457789e-02
   3.5550000e+00   1.7294360e-02   1.7300632e-02   1.7290161e-02
   3.5650000e+00   1.7147227e-02   1.7156487e-02   1.7140638e-02
   3.5750000e+00   1.7012413e-02   1.7024761e-02   1.7003339e-02
   3.5850000e+00   1.6881689e-02   1.6897874e-02   1.6869512e-02
   3.5950000e+00   1.6756382e-02   1.6777375e-02   1.6740292e-02
   3.6050000e+00   1.6638048e-02   1.6665046e-02   1.6617040e-02
   3.6150000e+00   1.6529122e-02   1.6563703e-02   1.6501864e-02
   3.6250000e+00   1.6432659e-02   1.6476078e-02   1.6398067e-02
   3.6350000e+00   1.6343843e-02   1.6390705e-02   1.6306377e-02
   3.6450000e+00   1.6256980e-02   1.6307585e-02   1.6216384e-02
   3.6550000e+00   1.6171821e-02   1.6226354e-02   1.6127925e-02
   3.6650000e+00   1.6088927e-02   1.6147741e-02   1.6041437e-02
   3.6750000e+00   1.6008254e-02   1.6071609e-02   1.5956936e-02
   3.6850000e+00   1.5930151e-02   1.5998422e-02   1.5874682e-02
   3.6950000e+00   1.5854552e-02   1.5928032e-02   1.5794674e-02
   3.7050000e+00   1.5782200e-02   1.5861324e-02   1.5717534e-02
   3.7150000e+00   1.5712904e-02   1.5798038e-02   1.5643124e-02
   3.7250000e+00   1.5647238e-02   1.5738868e-02   1.5571927e-02
   3.7350000e+00   1.5572253e-02   1.5667916e-02   1.5493488e-02
   3.7450000e+00   1.5469750e-02   1.5563197e-02   1.5392863e-02
   3.7550000e+00   1.5367486e-02   1.5458724e-02   1.5292470e-02
   3.7650000e+00   1.5265981e-02   1.5355082e-02   1.5192767e-02
   3.7750000e+00   1.5165033e-02   1.5252077e-02   1.5093556e-02
   3.7850000e+00   1.5056033e-02   1.5136949e-02   1.4989754e-02
   3.7950000e+00   1.4950576e-02   1.5025792e-02   1.4889114e-02
   3.8050000e+00   1.4848771e-02   1.4918840e-02   1.4791653e-02
   3.8150000e+00   1.4749632e-02   1.4814894e-02   1.4696561e-02
   3.8250000e+00   1.4653568e-02   1.4714490e-02   1.4604142e-02
   3.8350000e+00   1.4559582e-02   1.4616423e-02   1.4513572e-02
   3.8450000e+00   1.4467920e-02   1.4521052e-02   1.4425015e-02
   3.8550000e+00   1.4387032e-02   1.4435767e-02   1.4347798e-02
   3.8650000e+00   1.4311110e-02   1.4355607e-02   1.4275403e-02
   3.8750000e+00   1.4238057e-02   1.4278780e-02   1.4205486e-02
   3.8850000e+00   1.4167193e-02   1.4204476e-02   1.4137469e-02
   3.8950000e+00   1.4098531e-02   1.4132733e-02   1.4071351e-02
   3.9050000e+00   1.4031550e-02   1.4062932e-02   1.4006690e-02
   3.9150000e+00   1.3966229e-02   1.3995075e-02   1.3943453e-02
   3.9250000e+00   1.3902353e-02   1.3928904e-02   1.3881456e-02
   3.9350000e+00   1.3839639e-02   1.3864081e-02   1.3820463e-02
   3.9450000e+00   1.3778136e-02   1.3800684e-02   1.3760504e-02
   3.9550000e+00   1.3717561e-02   1.3738370e-02   1.3701342e-02
   3.9650000e+00   1.3657943e-02   1.3677180e-02   1.3642997e-02
   3.9750000e+00   1.3607213e-02   1.3624829e-02   1.3593577e-02
   3.9850000e+00   1.3562855e-02   1.3578905e-02   1.3550482e-02
   3.9950000e+00   1.3519367e-02   1.3534015e-02   1.3508124e-02
   4.0050000e+00   1.3476602e-02   1.3489976e-02   1.3466380e-02
   4.0150000e+00   1.3434510e-02   1.3446738e-02   1.3425205e-02
   4.0250000e+00   1.3393008e-02   1.3404201e-02   1.3384528e-02
   4.0350000e+00   1.3352025e-02   1.3362281e-02   1.3344290e-02
   4.0450000e+00   1.3311521e-02   1.3320931e-02   1.3304457e-02
   4.0550000e+00   1.3271420e-02   1.3280061e-02   1.3264965e-02
   4.0650000e+00   1.3231701e-02   1.3239645e-02   1.3225794e-02
   4.0750000e+00   1.3192328e-02   1.3199642e-02   1.3186916e-02
   4.0850000e+00   1.3153248e-02   1.3159986e-02   1.3148287e-02
   4.0950000e+00   1.3114448e-02   1.3120665e-02   1.3109895e-02
   4.1050000e+00   1.3081317e-02   1.3087047e-02   1.3077143e-02
   4.1150000e+00   1.3052024e-02   1.3057302e-02   1.3048201e-02
   4.1250000e+00   1.3022941e-02   1.3027809e-02   1.3019436e-02
   4.1350000e+00   1.2994044e-02   1.2998538e-02   1.2990829e-02
   4.1450000e+00   1.2965321e-02   1.2969475e-02   1.2962368e-02
   4.1550000e+00   1.2936759e-02   1.2940603e-02   1.2934044e-02
   4.1650000e+00   1.2908340e-02   1.2911900e-02   1.2905841e-02
   4.1750000e+00   1.2880053e-02   1.2883355e-02   1.2877752e-02
   4.1850000e+00   1.2851892e-02   1.2854958e-02   1.2849769e-02
   4.1950000e+00   1.2823844e-02   1.2826695e-02   1.2821884e-02
   4.2050000e+00   1.2795902e-02   1.2798557e-02   1.2794091e-02
   4.2150000e+00   1.2768059e-02   1.2770535e-02   1.2766382e-02
   4.2250000e+00   1.2740309e-02   1.2742621e-02   1.2738755e-02
   4.2350000e+00   1.2712647e-02   1.2714809e-02   1.2711203e-02
   4.2450000e+00   1.2690803e-02   1.2692740e-02   1.2689528e-02
   4.2550000e+00   1.2672964e-02   1.2674652e-02   1.2671878e-02
   4.2650000e+00   1.2655314e-02   1.2656786e-02   1.2654388e-02
   4.2750000e+00   1.2637830e-02   1.2639117e-02   1.2637042e-02
   4.2850000e+00   1.2620495e-02   1.2621623e-02   1.2619826e-02
   4.2950000e+00   1.2603296e-02   1.2604286e-02   1.2602728e-02
   4.3050000e+00   1.2586221e-02   1.2587092e-02   1.2585739e-02
   4.3150000e+00   1.2569260e-02   1.2570028e-02   1.2568852e-02
   4.3250000e+00   1.2552404e-02   1.2553085e-02   1.2552059e-02
   4.3350000e+00   1.2535646e-02   1.2536252e-02   1.2535354e-02
   4.3450000e+00   1.2518981e-02   1.2519522e-02   1.2518735e-02
   4.3550000e+00   1.2511320e-02   1.2511785e-02   1.2511128e-02
   4.3650000e+00   1.2507594e-02   1.2507986e-02   1.2507454e-02
   4.3750000e+00   1.2503979e-02   1.2504311e-02   1.2503884e-02
   4.3850000e+00   1.2500471e-02   1.2500750e-02   1.2500412e-02
   4.3950000e+00   1.2509560e-02   1.2509789e-02   1.2509538e-02
   4.4050000e+00   1.2521856e-02   1.2522039e-02   1.2521868e-02
   4.4150000e+00   1.2534229e-02   1.2534372e-02   1.2534272e-02
   4.4250000e+00   1.2546678e-02   1.2546785e-02   1.2546748e-02
   4.4350000e+00   1.2559200e-02   1.2559275e-02   1.2559294e-02
   4.4450000e+00   1.2573280e-02   1.2573326e-02   1.2573396e-02
   4.4550000e+00   1.2600782e-02   1.2600803e-02   1.2600920e-02
   4.4650000e+00   1.2628309e-02   1.2628305e-02   1.2628468e-02
   4.4750000e+00   1.2655861e-02   1.2655833e-02   1.2656041e-02
   4.4850000e+00   1.2683438e-02   1.2683386e-02   1.2683639e-02
   4.4950000e+00   1.2711040e-02   1.2710964e-02   1.2711261e-02
   4.5050000e+00   1.2738666e-02   1.2738568e-02   1.2738907e-02
   4.5150000e+00   1.2771548e-02   1.2771440e-02   1.2771800e-02
   4.5250000e+00   1.2804459e-02   1.2804343e-02   1.2804722e-02
   4.5350000e+00   1.2837401e-02   1.2837276e-02   1.2837673e-02
   4.5450000e+00   1.2870372e-02   1.2870240e-02   1.2870654e-02
   4.5550000e+00   1.2901613e-02   1.2901491e-02   1.2901892e-02
   4.5650000e+00   1.2926569e-02   1.2926470e-02   1.2926834e-02
   4.5750000e+00   1.2945677e-02   1.2945611e-02   1.2945920e-02
   4.5850000e+00   1.2949851e-02   1.2949838e-02   1.2950055e-02
   4.5950000e+00   1.2939099e-02   1.2939163e-02   1.2939245e-02
   4.6050000e+00   1.2928468e-02   1.2928620e-02   1.2928547e-02
   4.6150000e+00   1.2917966e-02   1.2918220e-02   1.2917967e-02
   4.6250000e+00   1.2907602e-02   1.2907975e-02   1.2907513e-02
   4.6350000e+00   1.2897391e-02   1.2897903e-02   1.2897195e-02
   4.6450000e+00   1.2887347e-02   1.2888024e-02   1.2887027e-02
   4.6550000e+00   1.2877492e-02   1.2878363e-02   1.2877024e-02
   4.6650000e+00   1.2867849e-02   1.2868951e-02   1.2867206e-02
   4.6750000e+00   1.2858452e-02   1.2859829e-02   1.2857599e-02
   4.6850000e+00   1.2849338e-02   1.2851044e-02   1.2848234e-02
   4.6950000e+00   1.2840560e-02   1.2842661e-02   1.2839152e-02
   4.7050000e+00   1.2832181e-02   1.2834759e-02   1.2830406e-02
   4.7150000e+00   1.2824283e-02   1.2827438e-02   1.2822063e-02
   4.7250000e+00   1.2806770e-02   1.2810414e-02   1.2804169e-02
   4.7350000e+00   1.2782728e-02   1.2786776e-02   1.2779810e-02
   4.7450000e+00   1.2758879e-02   1.2763372e-02   1.2755612e-02
   4.7550000e+00   1.2735247e-02   1.2740227e-02   1.2731596e-02
   4.7650000e+00   1.2711854e-02   1.2717371e-02   1.2707781e-02
   4.7750000e+00   1.2688728e-02   1.2694836e-02   1.2684188e-02
   4.7850000e+00   1.2665896e-02   1.2672654e-02   1.2660842e-02
   4.7950000e+00   1.2643395e-02   1.2650870e-02   1.2637773e-02
   4.8050000e+00   1.2621266e-02   1.2629534e-02   1.2615016e-02
   4.8150000e+00   1.2599551e-02   1.2608692e-02   1.2592605e-02
   4.8250000e+00   1.2578299e-02   1.2588404e-02   1.2570584e-02
   4.8350000e+00   1.2557572e-02   1.2568743e-02   1.2549003e-02
   4.8450000e+00   1.2537433e-02   1.2549786e-02   1.2527917e-02
   4.8550000e+00   1.2517964e-02   1.2531625e-02   1.2507396e-02
   4.8650000e+00   1.2499251e-02   1.2514363e-02   1.2487513e-02
   4.8750000e+00   1.2481395e-02   1.2498117e-02   1.2468355e-02
   4.8850000e+00   1.2464489e-02   1.2482995e-02   1.2450004e-02
   4.8950000e+00   1.2448695e-02   1.2469185e-02   1.2432596e-02
   4.9050000e+00   1.2433208e-02   1.2455770e-02   1.2415418e-02
   4.9150000e+00   1.2409834e-02   1.2433361e-02   1.2391254e-02
   4.9250000e+00   1.2386701e-02   1.2411229e-02   1.2367300e-02
   4.9350000e+00   1.2363815e-02   1.2389385e-02   1.2343558e-02
   4.9450000e+00   1.2341193e-02   1.2367850e-02   1.2320044e-02
   4.9550000e+00   1.2318849e-02   1.2346637e-02   1.2296768e-02
   4.9650000e+00   1.2296805e-02   1.2325770e-02   1.2273754e-02
   4.9750000e+00   1.2275053e-02   1.2305241e-02   1.2250994e-02
   4.9850000e+00   1.2253585e-02   1.2285039e-02   1.2228480e-02
   4.9950000e+00   1.2232482e-02   1.2265262e-02   1.2206281e-02
