   3.0500000e-01   8.9046686e-01   8.9383721e-01   8.8673413e-01
   3.1500000e-01   8.9014921e-01   8.9352232e-01   8.8641446e-01
   3.2500000e-01   8.8980736e-01   8.9319773e-01   8.8605373e-01
   3.3500000e-01   8.8956145e-01   8.9296243e-01   8.8579571e-01
   3.4500000e-01   8.8925363e-01   8.9266867e-01   8.8547290e-01
   3.5500000e-01   8.8897788e-01   8.9239840e-01   8.8519128e-01
   3.6500000e-01   8.8889620e-01   8.9232833e-01   8.8509663e-01
   3.7500000e-01   8.8873652e-01   8.9217166e-01   8.8493361e-01
   3.8500000e-01   8.8858737e-01   8.9202957e-01   8.8477667e-01
   3.9500000e-01   8.8844367e-01   8.9189481e-01   8.8462333e-01
   4.0500000e-01   8.8838716e-01   8.9184486e-01   8.8456011e-01
   4.1500000e-01   8.8827617e-01   8.9174195e-01   8.8444031e-01
   4.2500000e-01   8.8827635e-01   8.9174722e-01   8.8443470e-01
   4.3500000e-01   8.8827580e-01   8.9175286e-01   8.8442729e-01
   4.4500000e-01   8.8825229e-01   8.9173195e-01   8.8440097e-01
   4.5500000e-01   8.8818427e-01   8.9167029e-01   8.8432636e-01
   4.6500000e-01   8.8818985e-01   8.9167448e-01   8.8433318e-01
   4.7500000e-01   8.8819569e-01   8.9168972e-01   8.8432916e-01
   4.8500000e-01   8.8827204e-01   8.9176751e-01   8.8440323e-01
   4.9500000e-01   8.8817579e-01   8.9167794e-01   8.8429998e-01
   5.0500000e-01   8.8812611e-01   8.9162807e-01   8.8425058e-01
   5.1500000e-01   8.8815433e-01   8.9166188e-01   8.8427251e-01
   5.2500000e-01   8.8812698e-01   8.9163935e-01   8.8423973e-01
   5.3500000e-01   8.8802080e-01   8.9152512e-01   8.8414324e-01
   5.4500000e-01   8.8786197e-01   8.9138213e-01   8.8396742e-01
   5.5500000e-01   8.8773290e-01   8.9124989e-01   8.8384168e-01
   5.6500000e-01   8.8777292e-01   8.9129715e-01   8.8387379e-01
   5.7500000e-01   8.8764491e-01   8.9116469e-01   8.8375011e-01
   5.8500000e-01   8.8752155e-01   8.9105961e-01   8.8360706e-01
   5.9500000e-01   8.8748282e-01   8.9101720e-01   8.8357301e-01
   6.0500000e-01   8.8724103e-01   8.9077006e-01   8.8333516e-01
   6.1500000e-01   8.8684562e-01   8.9038403e-01   8.8293172e-01
   6.2500000e-01   8.8658409e-01   8.9012854e-01   8.8266183e-01
   6.3500000e-01   8.8632731e-01   8.8986682e-01   8.8241111e-01
   6.4500000e-01   8.8585618e-01   8.8939098e-01   8.8194624e-01
   6.5500000e-01   8.8546178e-01   8.8900057e-01   8.8154670e-01
   6.6500000e-01   8.8509019e-01   8.8864063e-01   8.8116184e-01
   6.7500000e-01   8.8466465e-01   8.8822277e-01   8.8072909e-01
   6.8500000e-01   8.8451674e-01   8.8807296e-01   8.8058044e-01
   6.9500000e-01   8.8344593e-01   8.8699420e-01   8.7952185e-01
   7.0500000e-01   8.8272815e-01   8.8628847e-01   8.7878921e-01
   7.1500000e-01   8.8160220e-01   8.8518001e-01   8.7764518e-01
   7.2500000e-01   8.8103951e-01   8.8461797e-01   8.7708045e-01
   7.3500000e-01   8.8030095e-01   8.8386504e-01   8.7635859e-01
   7.4500000e-01   8.7882351e-01   8.8239591e-01   8.7487118e-01
   7.5500000e-01   8.7713696e-01   8.8071727e-01   8.7317535e-01
   7.6500000e-01   8.7496880e-01   8.7855448e-01   8.7100286e-01
   7.7500000e-01   8.7239877e-01   8.7600713e-01   8.6840800e-01
   7.8500000e-01   8.6988164e-01   8.7349926e-01   8.6587904e-01
   7.9500000e-01   8.6732548e-01   8.7095175e-01   8.6331739e-01
   8.0500000e-01   8.6550353e-01   8.6912841e-01   8.6149491e-01
   8.1500000e-01   8.6563170e-01   8.6926653e-01   8.6161284e-01
   8.2500000e-01   8.6530478e-01   8.6894738e-01   8.6127538e-01
   8.3500000e-01   8.6462358e-01   8.6823376e-01   8.6062725e-01
   8.4500000e-01   8.6214487e-01   8.6573492e-01   8.5816797e-01
   8.5500000e-01   8.5810517e-01   8.6179736e-01   8.5402413e-01
   8.6500000e-01   8.5236922e-01   8.5610276e-01   8.4824451e-01
   8.7500000e-01   8.4471753e-01   8.4849650e-01   8.4054478e-01
   8.8500000e-01   8.3712615e-01   8.4095429e-01   8.3289693e-01
   8.9500000e-01   8.3206691e-01   8.3589475e-01   8.2783833e-01
   9.0500000e-01   8.2924772e-01   8.3307061e-01   8.2502898e-01
   9.1500000e-01   8.2716562e-01   8.3106797e-01   8.2285856e-01
   9.2500000e-01   8.2372918e-01   8.2764321e-01   8.1941229e-01
   9.3500000e-01   8.2005176e-01   8.2398226e-01   8.1571460e-01
   9.4500000e-01   8.1531962e-01   8.1927763e-01   8.1095593e-01
   9.5500000e-01   8.0595106e-01   8.1002841e-01   8.0145858e-01
   9.6500000e-01   7.9121396e-01   7.9541076e-01   7.8659835e-01
   9.7500000e-01   7.7600298e-01   7.8034637e-01   7.7123013e-01
   9.8500000e-01   7.6099753e-01   7.6549358e-01   7.5605636e-01
   9.9500000e-01   7.4336590e-01   7.4800650e-01   7.3827736e-01
   1.0050000e+00   7.2358618e-01   7.2853519e-01   7.1816279e-01
   1.0150000e+00   7.0598324e-01   7.1112318e-01   7.0036351e-01
   1.0250000e+00   6.9853043e-01   7.0374300e-01   6.9282773e-01
   1.0350000e+00   6.9783455e-01   7.0310453e-01   6.9207257e-01
   1.0450000e+00   7.0265770e-01   7.0781163e-01   6.9702211e-01
   1.0550000e+00   7.1397000e-01   7.1899329e-01   7.0846805e-01
   1.0650000e+00   7.2534955e-01   7.3027330e-01   7.1995154e-01
   1.0750000e+00   7.3223221e-01   7.3703819e-01   7.2696877e-01
   1.0850000e+00   7.3637109e-01   7.4119067e-01   7.3108808e-01
   1.0950000e+00   7.3823626e-01   7.4302899e-01   7.3298350e-01
   1.1050000e+00   7.3820639e-01   7.4301611e-01   7.3293512e-01
   1.1150000e+00   7.3532306e-01   7.4011907e-01   7.3007138e-01
   1.1250000e+00   7.2864004e-01   7.3352757e-01   7.2328387e-01
   1.1350000e+00   7.1759417e-01   7.2259734e-01   7.1211827e-01
   1.1450000e+00   7.1229085e-01   7.1736475e-01   7.0673523e-01
   1.1550000e+00   6.9383582e-01   6.9909286e-01   6.8809111e-01
   1.1650000e+00   6.6348509e-01   6.6915842e-01   6.5729596e-01
   1.1750000e+00   6.3331672e-01   6.3925206e-01   6.2684548e-01
   1.1850000e+00   6.0596547e-01   6.1220083e-01   5.9917637e-01
   1.1950000e+00   5.8133423e-01   5.8775547e-01   5.7435236e-01
   1.2050000e+00   5.5038728e-01   5.5712031e-01   5.4307619e-01
   1.2150000e+00   5.1785982e-01   5.2476190e-01   5.1037789e-01
   1.2250000e+00   4.9780217e-01   5.0486160e-01   4.9015887e-01
   1.2350000e+00   4.8436625e-01   4.9147361e-01   4.7667086e-01
   1.2450000e+00   4.7438704e-01   4.8154555e-01   4.6664232e-01
   1.2550000e+00   4.6924092e-01   4.7643612e-01   4.6145797e-01
   1.2650000e+00   4.6661749e-01   4.7381468e-01   4.5883366e-01
   1.2750000e+00   4.6700966e-01   4.7418854e-01   4.5924738e-01
   1.2850000e+00   4.7047078e-01   4.7765078e-01   4.6270250e-01
   1.2950000e+00   4.7223060e-01   4.7939541e-01   4.6448113e-01
   1.3050000e+00   4.7391412e-01   4.8106928e-01   4.6617475e-01
   1.3150000e+00   4.7516824e-01   4.8232671e-01   4.6742488e-01
   1.3250000e+00   4.7579356e-01   4.8294596e-01   4.6805565e-01
   1.3350000e+00   4.7563782e-01   4.8279136e-01   4.6789842e-01
   1.3450000e+00   4.7293980e-01   4.8011184e-01   4.6518224e-01
   1.3550000e+00   4.6899699e-01   4.7619042e-01   4.6121637e-01
   1.3650000e+00   4.6506904e-01   4.7227588e-01   4.5727359e-01
   1.3750000e+00   4.5667731e-01   4.6389209e-01   4.4887979e-01
   1.3850000e+00   4.4408264e-01   4.5136783e-01   4.3621179e-01
   1.3950000e+00   4.2555411e-01   4.3285690e-01   4.1767257e-01
   1.4050000e+00   3.6162049e-01   3.6890513e-01   3.5378748e-01
   1.4150000e+00   2.7027694e-01   2.7712006e-01   2.6296998e-01
   1.4250000e+00   1.8916442e-01   1.9505544e-01   1.8291966e-01
   1.4350000e+00   1.3344615e-01   1.3828815e-01   1.2835019e-01
   1.4450000e+00   9.8408027e-02   1.0236661e-01   9.4266616e-02
   1.4550000e+00   7.1110785e-02   7.4212758e-02   6.7885614e-02
   1.4650000e+00   5.2254375e-02   5.4655944e-02   4.9772034e-02
   1.4750000e+00   4.0378038e-02   4.2275342e-02   3.8426907e-02
   1.4850000e+00   3.4084494e-02   3.5684620e-02   3.2444834e-02
   1.4950000e+00   3.1856313e-02   3.3345626e-02   3.0332487e-02
   1.5050000e+00   3.3048684e-02   3.4597664e-02   3.1462410e-02
   1.5150000e+00   3.4751271e-02   3.6384774e-02   3.3076660e-02
   1.5250000e+00   3.6512894e-02   3.8231726e-02   3.4748944e-02
   1.5350000e+00   3.9029525e-02   4.0865668e-02   3.7142656e-02
   1.5450000e+00   4.2161832e-02   4.4141805e-02   4.0123937e-02
   1.5550000e+00   4.5751577e-02   4.7887905e-02   4.3549146e-02
   1.5650000e+00   4.9956277e-02   5.2267888e-02   4.7568947e-02
   1.5750000e+00   5.5140256e-02   5.7662134e-02   5.2530954e-02
   1.5850000e+00   6.1263972e-02   6.4020321e-02   5.8406302e-02
   1.5950000e+00   6.5937002e-02   6.8863296e-02   6.2898740e-02
   1.6050000e+00   7.0492868e-02   7.3580933e-02   6.7282886e-02
   1.6150000e+00   7.5044575e-02   7.8286722e-02   7.1670339e-02
   1.6250000e+00   7.7858176e-02   8.1194374e-02   7.4383732e-02
   1.6350000e+00   8.0764917e-02   8.4195344e-02   7.7190335e-02
   1.6450000e+00   8.3956077e-02   8.7490886e-02   8.0269637e-02
   1.6550000e+00   8.7682655e-02   9.1334816e-02   8.3870906e-02
   1.6650000e+00   9.2112796e-02   9.5891015e-02   8.8165046e-02
   1.6750000e+00   9.6995943e-02   1.0092151e-01   9.2891216e-02
   1.6850000e+00   1.0182000e-01   1.0588030e-01   9.7570024e-02
   1.6950000e+00   1.0646208e-01   1.1064463e-01   1.0207948e-01
   1.7050000e+00   1.1120268e-01   1.1551859e-01   1.0667835e-01
   1.7150000e+00   1.1600860e-01   1.2044535e-01   1.1135260e-01
   1.7250000e+00   1.2102373e-01   1.2558178e-01   1.1623711e-01
   1.7350000e+00   1.2541889e-01   1.3009043e-01   1.2050953e-01
   1.7450000e+00   1.2883794e-01   1.3357902e-01   1.2385231e-01
   1.7550000e+00   1.3250790e-01   1.3734741e-01   1.2741693e-01
   1.7650000e+00   1.3569526e-01   1.4060189e-01   1.3053076e-01
   1.7750000e+00   1.3834868e-01   1.4331263e-01   1.3312183e-01
   1.7850000e+00   1.4101636e-01   1.4602780e-01   1.3573688e-01
   1.7950000e+00   1.4394791e-01   1.4903928e-01   1.3858334e-01
   1.8050000e+00   1.4714966e-01   1.5229908e-01   1.4172139e-01
   1.8150000e+00   1.5091840e-01   1.5615413e-01   1.4539648e-01
   1.8250000e+00   1.5480748e-01   1.6011354e-01   1.4920844e-01
   1.8350000e+00   1.5670230e-01   1.6204313e-01   1.5106439e-01
   1.8450000e+00   1.5545924e-01   1.6077918e-01   1.4984474e-01
   1.8550000e+00   1.5124064e-01   1.5646895e-01   1.4572497e-01
   1.8650000e+00   1.3915753e-01   1.4415632e-01   1.3389533e-01
   1.8750000e+00   1.1787181e-01   1.2236398e-01   1.1315709e-01
   1.8850000e+00   9.6485290e-02   1.0039996e-01   9.2392241e-02
   1.8950000e+00   7.4132728e-02   7.7359384e-02   7.0776193e-02
   1.9050000e+00   5.5413809e-02   5.7957693e-02   5.2781275e-02
   1.9150000e+00   3.8504085e-02   4.0336266e-02   3.6621128e-02
   1.9250000e+00   2.8888412e-02   3.0253444e-02   2.7494116e-02
   1.9350000e+00   2.2243772e-02   2.3244281e-02   2.1228554e-02
   1.9450000e+00   1.8475376e-02   1.9246184e-02   1.7697786e-02
   1.9550000e+00   1.6290798e-02   1.6916570e-02   1.5662672e-02
   1.9650000e+00   1.5005861e-02   1.5540765e-02   1.4471027e-02
   1.9750000e+00   1.4354208e-02   1.4841524e-02   1.3868117e-02
   1.9850000e+00   1.4040770e-02   1.4505140e-02   1.3578141e-02
   1.9950000e+00   1.3994138e-02   1.4456042e-02   1.3534042e-02
   2.0050000e+00   1.4106784e-02   1.4578525e-02   1.3636612e-02
   2.0150000e+00   1.4395330e-02   1.4890368e-02   1.3901304e-02
   2.0250000e+00   1.4761755e-02   1.5285442e-02   1.4238388e-02
   2.0350000e+00   1.5221112e-02   1.5779339e-02   1.4662295e-02
   2.0450000e+00   1.5879396e-02   1.6486042e-02   1.5270873e-02
   2.0550000e+00   1.6892296e-02   1.7569680e-02   1.6210951e-02
   2.0650000e+00   1.8210200e-02   1.8975668e-02   1.7438024e-02
   2.0750000e+00   2.0142779e-02   2.1030677e-02   1.9244063e-02
   2.0850000e+00   2.2653264e-02   2.3691605e-02   2.1598706e-02
   2.0950000e+00   2.6059231e-02   2.7287533e-02   2.4807177e-02
   2.1050000e+00   3.0714933e-02   3.2186762e-02   2.9209099e-02
   2.1150000e+00   3.5606782e-02   3.7318206e-02   3.3850525e-02
   2.1250000e+00   4.2200974e-02   4.4212579e-02   4.0129722e-02
   2.1350000e+00   4.9598961e-02   5.1925931e-02   4.7196203e-02
   2.1450000e+00   5.7311431e-02   5.9941167e-02   5.4588400e-02
   2.1550000e+00   6.5415591e-02   6.8346121e-02   6.2373843e-02
   2.1650000e+00   7.3314590e-02   7.6519316e-02   6.9981233e-02
   2.1750000e+00   8.1340880e-02   8.4814854e-02   7.7721232e-02
   2.1850000e+00   8.8805389e-02   9.2502649e-02   8.4945918e-02
   2.1950000e+00   9.5862066e-02   9.9769935e-02   9.1777939e-02
   2.2050000e+00   1.0183017e-01   1.0591018e-01   9.7561553e-02
   2.2150000e+00   1.0862570e-01   1.1289117e-01   1.0415597e-01
   2.2250000e+00   1.1443695e-01   1.1885632e-01   1.0980226e-01
   2.2350000e+00   1.1932434e-01   1.2386039e-01   1.1456329e-01
   2.2450000e+00   1.2249296e-01   1.2711171e-01   1.1764343e-01
   2.2550000e+00   1.2102762e-01   1.2560661e-01   1.1622109e-01
   2.2650000e+00   1.1798962e-01   1.2250353e-01   1.1325278e-01
   2.2750000e+00   1.1165538e-01   1.1599713e-01   1.0710381e-01
   2.2850000e+00   1.0427188e-01   1.0842161e-01   9.9926645e-02
   2.2950000e+00   9.5630815e-02   9.9535743e-02   9.1548509e-02
   2.3050000e+00   8.6490444e-02   9.0122945e-02   8.2701303e-02
   2.3150000e+00   7.8162336e-02   8.1520952e-02   7.4663364e-02
   2.3250000e+00   7.0669780e-02   7.3798229e-02   6.7418652e-02
   2.3350000e+00   6.4231297e-02   6.7131380e-02   6.1222545e-02
   2.3450000e+00   5.8767743e-02   6.1466251e-02   5.5971863e-02
   2.3550000e+00   5.4364930e-02   5.6892459e-02   5.1750404e-02
   2.3650000e+00   5.1068286e-02   5.3475224e-02   4.8581424e-02
   2.3750000e+00   4.8405193e-02   5.0698708e-02   4.6037006e-02
   2.3850000e+00   4.6463974e-02   4.8678136e-02   4.4179340e-02
   2.3950000e+00   4.4793589e-02   4.6939585e-02   4.2580564e-02
   2.4050000e+00   4.3329304e-02   4.5417761e-02   4.1177236e-02
   2.4150000e+00   4.2042218e-02   4.4070258e-02   3.9952771e-02
   2.4250000e+00   4.0907691e-02   4.2889913e-02   3.8866809e-02
   2.4350000e+00   3.9683881e-02   4.1615255e-02   3.7696377e-02
   2.4450000e+00   3.8405116e-02   4.0278501e-02   3.6477891e-02
   2.4550000e+00   3.7223076e-02   3.9051801e-02   3.5343598e-02
   2.4650000e+00   3.6047425e-02   3.7819998e-02   3.4226421e-02
   2.4750000e+00   3.4993620e-02   3.6718574e-02   3.3222274e-02
   2.4850000e+00   3.3993095e-02   3.5672977e-02   3.2268751e-02
   2.4950000e+00   3.3008627e-02   3.4644854e-02   3.1329974e-02
   2.5050000e+00   3.2335254e-02   3.3940818e-02   3.0688350e-02
   2.5150000e+00   3.1893110e-02   3.3481845e-02   3.0264159e-02
   2.5250000e+00   3.1629470e-02   3.3207415e-02   3.0011614e-02
   2.5350000e+00   3.1594024e-02   3.3173889e-02   2.9974435e-02
   2.5450000e+00   3.1506750e-02   3.3080731e-02   2.9892628e-02
   2.5550000e+00   3.1689154e-02   3.3272365e-02   3.0064829e-02
   2.5650000e+00   3.2108197e-02   3.3714111e-02   3.0460265e-02
   2.5750000e+00   3.2136437e-02   3.3744979e-02   3.0486178e-02
   2.5850000e+00   3.2050094e-02   3.3661464e-02   3.0396890e-02
   2.5950000e+00   3.1443192e-02   3.3023802e-02   2.9821094e-02
   2.6050000e+00   3.0354859e-02   3.1887564e-02   2.8783025e-02
   2.6150000e+00   2.8964716e-02   3.0433734e-02   2.7459678e-02
   2.6250000e+00   2.6242592e-02   2.7581972e-02   2.4872250e-02
   2.6350000e+00   2.2767649e-02   2.3935663e-02   2.1575334e-02
   2.6450000e+00   2.0000513e-02   2.1027164e-02   1.8954823e-02
   2.6550000e+00   1.7745758e-02   1.8652939e-02   1.6823577e-02
   2.6650000e+00   1.5896480e-02   1.6704716e-02   1.5076521e-02
   2.6750000e+00   1.4338061e-02   1.5060577e-02   1.3606411e-02
   2.6850000e+00   1.0399612e-02   1.0883291e-02   9.9133578e-03
   2.6950000e+00   8.1955748e-03   8.5363384e-03   7.8554425e-03
   2.7050000e+00   6.8213454e-03   7.0698536e-03   6.5750086e-03
   2.7150000e+00   5.8916991e-03   6.0775623e-03   5.7086570e-03
   2.7250000e+00   5.2178701e-03   5.3598420e-03   5.0789157e-03
   2.7350000e+00   4.0849615e-03   4.1374012e-03   4.0348837e-03
   2.7450000e+00   3.5799408e-03   3.6035123e-03   3.5577683e-03
   2.7550000e+00   3.2269496e-03   3.2395758e-03   3.2151124e-03
   2.7650000e+00   2.9254556e-03   2.9334435e-03   2.9179092e-03
   2.7750000e+00   2.6483466e-03   2.6541957e-03   2.6427423e-03
   2.7850000e+00   2.3301511e-03   2.3342164e-03   2.3261365e-03
   2.7950000e+00   2.0217421e-03   2.0252374e-03   2.0182190e-03
   2.8050000e+00   1.7490599e-03   1.7524407e-03   1.7456319e-03
   2.8150000e+00   1.5164378e-03   1.5198631e-03   1.5129663e-03
   2.8250000e+00   1.3491258e-03   1.3525966e-03   1.3456033e-03
   2.8350000e+00   1.2959565e-03   1.2993757e-03   1.2924709e-03
   2.8450000e+00   1.4334241e-03   1.4367778e-03   1.4299893e-03
   2.8550000e+00   1.8456082e-03   1.8490336e-03   1.8420912e-03
   2.8650000e+00   2.5730387e-03   2.5766484e-03   2.5693307e-03
   2.8750000e+00   3.8852031e-03   3.8889825e-03   3.8813254e-03
   2.8850000e+00   5.6050676e-03   5.6088464e-03   5.6011992e-03
   2.8950000e+00   7.8272077e-03   7.8307051e-03   7.8236402e-03
   2.9050000e+00   1.0131138e-02   1.0134108e-02   1.0128126e-02
   2.9150000e+00   1.2516907e-02   1.2519168e-02   1.2514637e-02
   2.9250000e+00   1.4425795e-02   1.4427279e-02   1.4424333e-02
   2.9350000e+00   1.6297731e-02   1.6298414e-02   1.6297102e-02
   2.9450000e+00   1.7535022e-02   1.7535071e-02   1.7535053e-02
   2.9550000e+00   1.8882560e-02   1.8881946e-02   1.8883281e-02
   2.9650000e+00   2.0317184e-02   2.0315881e-02   2.0318622e-02
   2.9750000e+00   2.1973595e-02   2.1971504e-02   2.1975853e-02
   2.9850000e+00   2.3726200e-02   2.3723265e-02   2.3729335e-02
   2.9950000e+00   2.5891605e-02   2.5887585e-02   2.5895868e-02
   3.0050000e+00   2.8138577e-02   2.8133391e-02   2.8144053e-02
   3.0150000e+00   3.0515878e-02   3.0509361e-02   3.0522736e-02
   3.0250000e+00   3.2943371e-02   3.2935416e-02   3.2951724e-02
   3.0350000e+00   3.5434559e-02   3.5425024e-02   3.5444555e-02
   3.0450000e+00   3.7908864e-02   3.7897608e-02   3.7920648e-02
   3.0550000e+00   4.0465814e-02   4.0452658e-02   4.0479572e-02
   3.0650000e+00   4.1581801e-02   4.1567378e-02   4.1596879e-02
   3.0750000e+00   4.2413054e-02   4.2397519e-02   4.2429293e-02
   3.0850000e+00   4.2021712e-02   4.2005840e-02   4.2038304e-02
   3.0950000e+00   4.1681266e-02   4.1665110e-02   4.1698156e-02
   3.1050000e+00   4.0638013e-02   4.0622136e-02   4.0654616e-02
   3.1150000e+00   3.9799198e-02   3.9783538e-02   3.9815580e-02
   3.1250000e+00   3.9181706e-02   3.9166223e-02   3.9197905e-02
   3.1350000e+00   3.8741858e-02   3.8726471e-02   3.8757960e-02
   3.1450000e+00   3.8230186e-02   3.8214969e-02   3.8246113e-02
   3.1550000e+00   3.7884024e-02   3.7868899e-02   3.7899858e-02
   3.1650000e+00   3.7114983e-02   3.7100240e-02   3.7130420e-02
   3.1750000e+00   3.6520947e-02   3.6506499e-02   3.6536078e-02
   3.1850000e+00   3.5433211e-02   3.5419393e-02   3.5447688e-02
   3.1950000e+00   3.4498144e-02   3.4484874e-02   3.4512052e-02
   3.2050000e+00   3.3315625e-02   3.3303067e-02   3.3328792e-02
   3.2150000e+00   3.2227205e-02   3.2215304e-02   3.2239688e-02
   3.2250000e+00   3.1265788e-02   3.1254464e-02   3.1277670e-02
   3.2350000e+00   3.0346676e-02   3.0335904e-02   3.0357983e-02
   3.2450000e+00   2.9601434e-02   2.9591106e-02   2.9612278e-02
   3.2550000e+00   2.8898558e-02   2.8888649e-02   2.8908965e-02
   3.2650000e+00   2.8109469e-02   2.8100033e-02   2.8119385e-02
   3.2750000e+00   2.7320174e-02   2.7311211e-02   2.7329597e-02
   3.2850000e+00   2.6635558e-02   2.6626999e-02   2.6644559e-02
   3.2950000e+00   2.6013028e-02   2.6004834e-02   2.6021650e-02
   3.3050000e+00   2.5453098e-02   2.5445232e-02   2.5461379e-02
   3.3150000e+00   2.4956524e-02   2.4948949e-02   2.4964502e-02
   3.3250000e+00   2.4473052e-02   2.4465761e-02   2.4480735e-02
   3.3350000e+00   2.4006641e-02   2.3999623e-02   2.4014040e-02
   3.3450000e+00   2.3546758e-02   2.3540009e-02   2.3553877e-02
   3.3550000e+00   2.3104761e-02   2.3098269e-02   2.3111611e-02
   3.3650000e+00   2.2667884e-02   2.2661647e-02   2.2674468e-02
   3.3750000e+00   2.2259264e-02   2.2253265e-02   2.2265601e-02
   3.3850000e+00   2.1859648e-02   2.1853881e-02   2.1865744e-02
   3.3950000e+00   2.1487872e-02   2.1482321e-02   2.1493743e-02
   3.4050000e+00   2.1143064e-02   2.1137713e-02   2.1148727e-02
   3.4150000e+00   2.0807908e-02   2.0802754e-02   2.0813367e-02
   3.4250000e+00   2.0505120e-02   2.0500147e-02   2.0510391e-02
   3.4350000e+00   2.0203865e-02   2.0199080e-02   2.0208944e-02
   3.4450000e+00   1.9926975e-02   1.9922374e-02   1.9931868e-02
   3.4550000e+00   1.9653859e-02   1.9649465e-02   1.9658550e-02
   3.4650000e+00   1.9395226e-02   1.9391066e-02   1.9399693e-02
   3.4750000e+00   1.9150905e-02   1.9147026e-02   1.9155110e-02
   3.4850000e+00   1.8909777e-02   1.8906287e-02   1.8913627e-02
   3.4950000e+00   1.8687188e-02   1.8684163e-02   1.8690620e-02
   3.5050000e+00   1.8466087e-02   1.8463743e-02   1.8468914e-02
   3.5150000e+00   1.8261167e-02   1.8259718e-02   1.8263200e-02
   3.5250000e+00   1.8067832e-02   1.8067572e-02   1.8068805e-02
   3.5350000e+00   1.7879156e-02   1.7880607e-02   1.7878602e-02
   3.5450000e+00   1.7708052e-02   1.7711425e-02   1.7705770e-02
   3.5550000e+00   1.7541024e-02   1.7547044e-02   1.7536349e-02
   3.5650000e+00   1.7392525e-02   1.7401339e-02   1.7385306e-02
   3.5750000e+00   1.7256531e-02   1.7268230e-02   1.7246670e-02
   3.5850000e+00   1.7124839e-02   1.7140118e-02   1.7111681e-02
   3.5950000e+00   1.6998838e-02   1.7018600e-02   1.6981530e-02
   3.6050000e+00   1.6880155e-02   1.6905511e-02   1.6857638e-02
   3.6150000e+00   1.6771339e-02   1.6803751e-02   1.6742210e-02
   3.6250000e+00   1.6675420e-02   1.6716046e-02   1.6638546e-02
   3.6350000e+00   1.6586125e-02   1.6629947e-02   1.6546218e-02
   3.6450000e+00   1.6498871e-02   1.6546168e-02   1.6455664e-02
   3.6550000e+00   1.6413384e-02   1.6464325e-02   1.6366701e-02
   3.6650000e+00   1.6330266e-02   1.6385179e-02   1.6279797e-02
   3.6750000e+00   1.6249456e-02   1.6308578e-02   1.6194957e-02
   3.6850000e+00   1.6171329e-02   1.6235008e-02   1.6112462e-02
   3.6950000e+00   1.6095803e-02   1.6164307e-02   1.6032299e-02
   3.7050000e+00   1.6023661e-02   1.6097392e-02   1.5955124e-02
   3.7150000e+00   1.5954694e-02   1.6033988e-02   1.5880785e-02
   3.7250000e+00   1.5889509e-02   1.5974816e-02   1.5809790e-02
   3.7350000e+00   1.5814359e-02   1.5903395e-02   1.5731017e-02
   3.7450000e+00   1.5709994e-02   1.5796978e-02   1.5628625e-02
   3.7550000e+00   1.5605871e-02   1.5690809e-02   1.5526469e-02
   3.7650000e+00   1.5502533e-02   1.5585491e-02   1.5425028e-02
   3.7750000e+00   1.5399775e-02   1.5480826e-02   1.5324097e-02
   3.7850000e+00   1.5287993e-02   1.5363372e-02   1.5217778e-02
   3.7950000e+00   1.5179895e-02   1.5249991e-02   1.5114747e-02
   3.8050000e+00   1.5075614e-02   1.5140941e-02   1.5015038e-02
   3.8150000e+00   1.4974108e-02   1.5034977e-02   1.4917792e-02
   3.8250000e+00   1.4875817e-02   1.4932661e-02   1.4823342e-02
   3.8350000e+00   1.4779687e-02   1.4832744e-02   1.4730814e-02
   3.8450000e+00   1.4685991e-02   1.4735605e-02   1.4640391e-02
   3.8550000e+00   1.4603072e-02   1.4648604e-02   1.4561344e-02
   3.8650000e+00   1.4525222e-02   1.4566816e-02   1.4487217e-02
   3.8750000e+00   1.4450378e-02   1.4488464e-02   1.4415684e-02
   3.8850000e+00   1.4377822e-02   1.4412710e-02   1.4346138e-02
   3.8950000e+00   1.4307574e-02   1.4339596e-02   1.4278580e-02
   3.9050000e+00   1.4239085e-02   1.4268482e-02   1.4212547e-02
   3.9150000e+00   1.4172339e-02   1.4199374e-02   1.4148007e-02
   3.9250000e+00   1.4107107e-02   1.4132005e-02   1.4084765e-02
   3.9350000e+00   1.4043093e-02   1.4066026e-02   1.4022577e-02
   3.9450000e+00   1.3980351e-02   1.4001517e-02   1.3961471e-02
   3.9550000e+00   1.3918582e-02   1.3938126e-02   1.3901202e-02
   3.9650000e+00   1.3857818e-02   1.3875895e-02   1.3841790e-02
   3.9750000e+00   1.3806054e-02   1.3822618e-02   1.3791418e-02
   3.9850000e+00   1.3760761e-02   1.3775863e-02   1.3747468e-02
   3.9950000e+00   1.3716385e-02   1.3730176e-02   1.3704293e-02
   4.0050000e+00   1.3672767e-02   1.3685368e-02   1.3661762e-02
   4.0150000e+00   1.3629859e-02   1.3641388e-02   1.3619831e-02
   4.0250000e+00   1.3587572e-02   1.3598133e-02   1.3578423e-02
   4.0350000e+00   1.3545831e-02   1.3555515e-02   1.3537477e-02
   4.0450000e+00   1.3504595e-02   1.3513487e-02   1.3496957e-02
   4.0550000e+00   1.3463784e-02   1.3471954e-02   1.3456795e-02
   4.0650000e+00   1.3423374e-02   1.3430891e-02   1.3416972e-02
   4.0750000e+00   1.3383328e-02   1.3390255e-02   1.3377456e-02
   4.0850000e+00   1.3343591e-02   1.3349977e-02   1.3338201e-02
   4.0950000e+00   1.3304149e-02   1.3310045e-02   1.3299196e-02
   4.1050000e+00   1.3270461e-02   1.3275900e-02   1.3265914e-02
   4.1150000e+00   1.3240671e-02   1.3245686e-02   1.3236500e-02
   4.1250000e+00   1.3211104e-02   1.3215733e-02   1.3207274e-02
   4.1350000e+00   1.3181731e-02   1.3186008e-02   1.3178212e-02
   4.1450000e+00   1.3152543e-02   1.3156499e-02   1.3149305e-02
   4.1550000e+00   1.3123523e-02   1.3127188e-02   1.3120541e-02
   4.1650000e+00   1.3094653e-02   1.3098052e-02   1.3091905e-02
   4.1750000e+00   1.3065923e-02   1.3069078e-02   1.3063387e-02
   4.1850000e+00   1.3037325e-02   1.3040258e-02   1.3034981e-02
   4.1950000e+00   1.3008846e-02   1.3011575e-02   1.3006678e-02
   4.2050000e+00   1.2980478e-02   1.2983023e-02   1.2978470e-02
   4.2150000e+00   1.2952214e-02   1.2954589e-02   1.2950351e-02
   4.2250000e+00   1.2924047e-02   1.2926267e-02   1.2922317e-02
   4.2350000e+00   1.2895972e-02   1.2898051e-02   1.2894362e-02
   4.2450000e+00   1.2873781e-02   1.2875646e-02   1.2872353e-02
   4.2550000e+00   1.2855645e-02   1.2857275e-02   1.2854421e-02
   4.2650000e+00   1.2837707e-02   1.2839133e-02   1.2836657e-02
   4.2750000e+00   1.2819944e-02   1.2821195e-02   1.2819043e-02
   4.2850000e+00   1.2802337e-02   1.2803437e-02   1.2801565e-02
   4.2950000e+00   1.2784873e-02   1.2785842e-02   1.2784210e-02
   4.3050000e+00   1.2767538e-02   1.2768394e-02   1.2766969e-02
   4.3150000e+00   1.2750321e-02   1.2751081e-02   1.2749832e-02
   4.3250000e+00   1.2733214e-02   1.2733890e-02   1.2732794e-02
   4.3350000e+00   1.2716210e-02   1.2716814e-02   1.2715849e-02
   4.3450000e+00   1.2699301e-02   1.2699844e-02   1.2698990e-02
   4.3550000e+00   1.2691519e-02   1.2691989e-02   1.2691267e-02
   4.3650000e+00   1.2687727e-02   1.2688128e-02   1.2687532e-02
   4.3750000e+00   1.2684050e-02   1.2684393e-02   1.2683903e-02
   4.3850000e+00   1.2680483e-02   1.2680777e-02   1.2680376e-02
   4.3950000e+00   1.2689688e-02   1.2689935e-02   1.2689622e-02
   4.4050000e+00   1.2702145e-02   1.2702348e-02   1.2702116e-02
   4.4150000e+00   1.2714682e-02   1.2714847e-02   1.2714685e-02
   4.4250000e+00   1.2727296e-02   1.2727427e-02   1.2727329e-02
   4.4350000e+00   1.2739986e-02   1.2740086e-02   1.2740044e-02
   4.4450000e+00   1.2754255e-02   1.2754328e-02   1.2754337e-02
   4.4550000e+00   1.2782132e-02   1.2782182e-02   1.2782237e-02
   4.4650000e+00   1.2810036e-02   1.2810062e-02   1.2810163e-02
   4.4750000e+00   1.2837964e-02   1.2837969e-02   1.2838113e-02
   4.4850000e+00   1.2865918e-02   1.2865900e-02   1.2866089e-02
   4.4950000e+00   1.2893897e-02   1.2893858e-02   1.2894089e-02
   4.5050000e+00   1.2921901e-02   1.2921840e-02   1.2922114e-02
   4.5150000e+00   1.2955236e-02   1.2955167e-02   1.2955459e-02
   4.5250000e+00   1.2988601e-02   1.2988524e-02   1.2988834e-02
   4.5350000e+00   1.3021996e-02   1.3021913e-02   1.3022240e-02
   4.5450000e+00   1.3055421e-02   1.3055331e-02   1.3055674e-02
   4.5550000e+00   1.3087096e-02   1.3087016e-02   1.3087344e-02
   4.5650000e+00   1.3112401e-02   1.3112344e-02   1.3112634e-02
   4.5750000e+00   1.3131780e-02   1.3131754e-02   1.3131988e-02
   4.5850000e+00   1.3136022e-02   1.3136047e-02   1.3136188e-02
   4.5950000e+00   1.3125137e-02   1.3125234e-02   1.3125240e-02
   4.6050000e+00   1.3114377e-02   1.3114557e-02   1.3114408e-02
   4.6150000e+00   1.3103750e-02   1.3104027e-02   1.3103697e-02
   4.6250000e+00   1.3093267e-02   1.3093657e-02   1.3093117e-02
   4.6350000e+00   1.3082943e-02   1.3083464e-02   1.3082679e-02
   4.6450000e+00   1.3072794e-02   1.3073470e-02   1.3072396e-02
   4.6550000e+00   1.3062841e-02   1.3063700e-02   1.3062284e-02
   4.6650000e+00   1.3053112e-02   1.3054189e-02   1.3052366e-02
   4.6750000e+00   1.3043640e-02   1.3044976e-02   1.3042668e-02
   4.6850000e+00   1.3034467e-02   1.3036113e-02   1.3033225e-02
   4.6950000e+00   1.3025647e-02   1.3027666e-02   1.3024079e-02
   4.7050000e+00   1.3017249e-02   1.3019717e-02   1.3015287e-02
   4.7150000e+00   1.3009360e-02   1.3012370e-02   1.3006919e-02
   4.7250000e+00   1.2991704e-02   1.2995174e-02   1.2988856e-02
   4.7350000e+00   1.2967412e-02   1.2971261e-02   1.2964224e-02
   4.7450000e+00   1.2943324e-02   1.2947590e-02   1.2939764e-02
   4.7550000e+00   1.2919464e-02   1.2924188e-02   1.2915494e-02
   4.7650000e+00   1.2895858e-02   1.2901085e-02   1.2891436e-02
   4.7750000e+00   1.2872533e-02   1.2878314e-02   1.2867613e-02
   4.7850000e+00   1.2849518e-02   1.2855909e-02   1.2844049e-02
   4.7950000e+00   1.2826853e-02   1.2833915e-02   1.2820777e-02
   4.8050000e+00   1.2804581e-02   1.2812384e-02   1.2797834e-02
   4.8150000e+00   1.2782744e-02   1.2791366e-02   1.2775257e-02
   4.8250000e+00   1.2761397e-02   1.2770920e-02   1.2753089e-02
   4.8350000e+00   1.2740602e-02   1.2751123e-02   1.2731386e-02
   4.8450000e+00   1.2720428e-02   1.2732053e-02   1.2710204e-02
   4.8550000e+00   1.2700960e-02   1.2713808e-02   1.2689616e-02
   4.8650000e+00   1.2682287e-02   1.2696491e-02   1.2669699e-02
   4.8750000e+00   1.2664517e-02   1.2680224e-02   1.2650546e-02
   4.8850000e+00   1.2647747e-02   1.2665118e-02   1.2632241e-02
   4.8950000e+00   1.2632146e-02   1.2651368e-02   1.2614927e-02
   4.9050000e+00   1.2616874e-02   1.2638029e-02   1.2597863e-02
   4.9150000e+00   1.2593377e-02   1.2615431e-02   1.2573528e-02
   4.9250000e+00   1.2570132e-02   1.2593119e-02   1.2549414e-02
   4.9350000e+00   1.2547146e-02   1.2571103e-02   1.2525521e-02
   4.9450000e+00   1.2524437e-02   1.2549405e-02   1.2501867e-02
   4.9550000e+00   1.2502018e-02   1.2528040e-02   1.2478463e-02
   4.9650000e+00   1.2479914e-02   1.2507032e-02   1.2455332e-02
   4.9750000e+00   1.2458116e-02   1.2486371e-02   1.2432467e-02
   4.9850000e+00   1.2436614e-02   1.2466048e-02   1.2409860e-02
   4.9950000e+00   1.2415495e-02   1.2446162e-02   1.2387582e-02
