   3.0500000e-01   8.1877540e-01   8.4604193e-01   7.8925300e-01
   3.1500000e-01   8.1852641e-01   8.4590286e-01   7.8892484e-01
   3.2500000e-01   8.1826478e-01   8.4566093e-01   7.8866246e-01
   3.3500000e-01   8.1806092e-01   8.4551819e-01   7.8842192e-01
   3.4500000e-01   8.1789397e-01   8.4537515e-01   7.8823925e-01
   3.5500000e-01   8.1780457e-01   8.4532218e-01   7.8812516e-01
   3.6500000e-01   8.1782288e-01   8.4536950e-01   7.8813307e-01
   3.7500000e-01   8.1788093e-01   8.4544461e-01   7.8819854e-01
   3.8500000e-01   8.1794541e-01   8.4552567e-01   7.8823807e-01
   3.9500000e-01   8.1798594e-01   8.4557971e-01   7.8829659e-01
   4.0500000e-01   8.1816325e-01   8.4577338e-01   7.8845206e-01
   4.1500000e-01   8.1826507e-01   8.4587368e-01   7.8857702e-01
   4.2500000e-01   8.1845549e-01   8.4608266e-01   7.8876103e-01
   4.3500000e-01   8.1867967e-01   8.4630575e-01   7.8898920e-01
   4.4500000e-01   8.1887798e-01   8.4652104e-01   7.8918708e-01
   4.5500000e-01   8.1909044e-01   8.4671200e-01   7.8942582e-01
   4.6500000e-01   8.1931037e-01   8.4696487e-01   7.8962758e-01
   4.7500000e-01   8.1953882e-01   8.4718493e-01   7.8986672e-01
   4.8500000e-01   8.1977682e-01   8.4744636e-01   7.9009876e-01
   4.9500000e-01   8.1994065e-01   8.4759713e-01   7.9028635e-01
   5.0500000e-01   8.2019598e-01   8.4783909e-01   7.9054019e-01
   5.1500000e-01   8.2038096e-01   8.4804761e-01   7.9072124e-01
   5.2500000e-01   8.2056249e-01   8.4823248e-01   7.9090694e-01
   5.3500000e-01   8.2078087e-01   8.4847790e-01   7.9108965e-01
   5.4500000e-01   8.2089230e-01   8.4852470e-01   7.9126138e-01
   5.5500000e-01   8.2101373e-01   8.4866098e-01   7.9138013e-01
   5.6500000e-01   8.2117308e-01   8.4884328e-01   7.9152938e-01
   5.7500000e-01   8.2130206e-01   8.4898077e-01   7.9165304e-01
   5.8500000e-01   8.2131033e-01   8.4897722e-01   7.9169120e-01
   5.9500000e-01   8.2153608e-01   8.4921814e-01   7.9187252e-01
   6.0500000e-01   8.2151787e-01   8.4919529e-01   7.9187810e-01
   6.1500000e-01   8.2142123e-01   8.4910625e-01   7.9178547e-01
   6.2500000e-01   8.2132941e-01   8.4899787e-01   7.9169494e-01
   6.3500000e-01   8.2123467e-01   8.4898831e-01   7.9154706e-01
   6.4500000e-01   8.2118322e-01   8.4893415e-01   7.9144098e-01
   6.5500000e-01   8.2105288e-01   8.4878361e-01   7.9134103e-01
   6.6500000e-01   8.2075713e-01   8.4850529e-01   7.9104353e-01
   6.7500000e-01   8.2057300e-01   8.4831966e-01   7.9086759e-01
   6.8500000e-01   8.2038239e-01   8.4822065e-01   7.9061318e-01
   6.9500000e-01   8.1994734e-01   8.4777384e-01   7.9013083e-01
   7.0500000e-01   8.1924776e-01   8.4714793e-01   7.8940055e-01
   7.1500000e-01   8.1842987e-01   8.4632344e-01   7.8857162e-01
   7.2500000e-01   8.1803882e-01   8.4595972e-01   7.8813677e-01
   7.3500000e-01   8.1749413e-01   8.4554387e-01   7.8751334e-01
   7.4500000e-01   8.1641460e-01   8.4443310e-01   7.8645057e-01
   7.5500000e-01   8.1498821e-01   8.4312022e-01   7.8488838e-01
   7.6500000e-01   8.1322119e-01   8.4147781e-01   7.8295094e-01
   7.7500000e-01   8.1095914e-01   8.3930513e-01   7.8062476e-01
   7.8500000e-01   8.0873755e-01   8.3720872e-01   7.7828850e-01
   7.9500000e-01   8.0671623e-01   8.3531439e-01   7.7608258e-01
   8.0500000e-01   8.0539720e-01   8.3395388e-01   7.7477231e-01
   8.1500000e-01   8.0531507e-01   8.3398142e-01   7.7464725e-01
   8.2500000e-01   8.0516781e-01   8.3376563e-01   7.7454786e-01
   8.3500000e-01   8.0485768e-01   8.3349206e-01   7.7419153e-01
   8.4500000e-01   8.0289078e-01   8.3167336e-01   7.7202060e-01
   8.5500000e-01   7.9886926e-01   8.2781108e-01   7.6784643e-01
   8.6500000e-01   7.9372891e-01   8.2290256e-01   7.6239759e-01
   8.7500000e-01   7.8659537e-01   8.1620151e-01   7.5481268e-01
   8.8500000e-01   7.7928510e-01   8.0935921e-01   7.4705277e-01
   8.9500000e-01   7.7497221e-01   8.0524352e-01   7.4244194e-01
   9.0500000e-01   7.7268684e-01   8.0311150e-01   7.3999661e-01
   9.1500000e-01   7.7005597e-01   8.0066143e-01   7.3718844e-01
   9.2500000e-01   7.6708088e-01   7.9784306e-01   7.3400800e-01
   9.3500000e-01   7.6343873e-01   7.9447055e-01   7.3018277e-01
   9.4500000e-01   7.5925534e-01   7.9046800e-01   7.2573482e-01
   9.5500000e-01   7.4987214e-01   7.8165264e-01   7.1569840e-01
   9.6500000e-01   7.3529601e-01   7.6805893e-01   7.0017142e-01
   9.7500000e-01   7.2004294e-01   7.5376428e-01   6.8388737e-01
   9.8500000e-01   7.0450382e-01   7.3923245e-01   6.6736846e-01
   9.9500000e-01   6.8676291e-01   7.2271360e-01   6.4837491e-01
   1.0050000e+00   6.6504558e-01   7.0246841e-01   6.2519410e-01
   1.0150000e+00   6.4682452e-01   6.8536200e-01   6.0583089e-01
   1.0250000e+00   6.3866660e-01   6.7786915e-01   5.9702957e-01
   1.0350000e+00   6.3764066e-01   6.7684757e-01   5.9604646e-01
   1.0450000e+00   6.4332113e-01   6.8219939e-01   6.0204372e-01
   1.0550000e+00   6.5500396e-01   6.9318888e-01   6.1446729e-01
   1.0650000e+00   6.6705361e-01   7.0431830e-01   6.2739911e-01
   1.0750000e+00   6.7495552e-01   7.1175172e-01   6.3573554e-01
   1.0850000e+00   6.7854665e-01   7.1511747e-01   6.3957980e-01
   1.0950000e+00   6.8073378e-01   7.1715316e-01   6.4190610e-01
   1.1050000e+00   6.8098180e-01   7.1724265e-01   6.4220945e-01
   1.1150000e+00   6.7819922e-01   7.1478742e-01   6.3914865e-01
   1.1250000e+00   6.7065759e-01   7.0782819e-01   6.3105639e-01
   1.1350000e+00   6.5951075e-01   6.9725847e-01   6.1923556e-01
   1.1450000e+00   6.5343726e-01   6.9167544e-01   6.1279274e-01
   1.1550000e+00   6.3433502e-01   6.7377964e-01   5.9245959e-01
   1.1650000e+00   6.0055168e-01   6.4233054e-01   5.5651994e-01
   1.1750000e+00   5.6839298e-01   6.1208945e-01   5.2268866e-01
   1.1850000e+00   5.3858134e-01   5.8397452e-01   4.9139264e-01
   1.1950000e+00   5.1254260e-01   5.5922867e-01   4.6425567e-01
   1.2050000e+00   4.7908478e-01   5.2713260e-01   4.2978773e-01
   1.2150000e+00   4.4535286e-01   4.9454194e-01   3.9538069e-01
   1.2250000e+00   4.2398627e-01   4.7375305e-01   3.7374316e-01
   1.2350000e+00   4.0991193e-01   4.5996337e-01   3.5964660e-01
   1.2450000e+00   3.9967204e-01   4.4987755e-01   3.4941352e-01
   1.2550000e+00   3.9400086e-01   4.4431254e-01   3.4383279e-01
   1.2650000e+00   3.9150510e-01   4.4183890e-01   3.4128545e-01
   1.2750000e+00   3.9229258e-01   4.4258486e-01   3.4200914e-01
   1.2850000e+00   3.9528218e-01   4.4562133e-01   3.4506386e-01
   1.2950000e+00   3.9739123e-01   4.4767814e-01   3.4712664e-01
   1.3050000e+00   3.9945295e-01   4.4961240e-01   3.4917077e-01
   1.3150000e+00   4.0040465e-01   4.5066491e-01   3.5014338e-01
   1.3250000e+00   4.0122740e-01   4.5140521e-01   3.5092464e-01
   1.3350000e+00   4.0100298e-01   4.5119274e-01   3.5075381e-01
   1.3450000e+00   3.9785580e-01   4.4826022e-01   3.4748693e-01
   1.3550000e+00   3.9386273e-01   4.4422891e-01   3.4357920e-01
   1.3650000e+00   3.8968245e-01   4.4010417e-01   3.3943223e-01
   1.3750000e+00   3.8138247e-01   4.3188605e-01   3.3120517e-01
   1.3850000e+00   3.6817679e-01   4.1872191e-01   3.1820236e-01
   1.3950000e+00   3.4937348e-01   4.0001684e-01   2.9971379e-01
   1.4050000e+00   2.8573447e-01   3.3526172e-01   2.3858519e-01
   1.4150000e+00   1.9898222e-01   2.4342891e-01   1.5895247e-01
   1.4250000e+00   1.2764542e-01   1.6339024e-01   9.7629126e-02
   1.4350000e+00   8.3638415e-02   1.1065316e-01   6.2399937e-02
   1.4450000e+00   5.8908878e-02   7.9194986e-02   4.3822575e-02
   1.4550000e+00   4.1809436e-02   5.6215683e-02   3.1735340e-02
   1.4650000e+00   3.1458489e-02   4.1453557e-02   2.4913890e-02
   1.4750000e+00   2.5767187e-02   3.2841198e-02   2.1432401e-02
   1.4850000e+00   2.3121502e-02   2.8617342e-02   1.9917325e-02
   1.4950000e+00   2.2247994e-02   2.7183118e-02   1.9433126e-02
   1.5050000e+00   2.2694877e-02   2.7935442e-02   1.9669096e-02
   1.5150000e+00   2.3356959e-02   2.9029417e-02   2.0028874e-02
   1.5250000e+00   2.4068934e-02   3.0187379e-02   2.0423012e-02
   1.5350000e+00   2.5137101e-02   3.1893837e-02   2.1027914e-02
   1.5450000e+00   2.6502971e-02   3.4038460e-02   2.1824291e-02
   1.5550000e+00   2.8163658e-02   3.6592098e-02   2.2816482e-02
   1.5650000e+00   3.0212369e-02   3.9673634e-02   2.4074935e-02
   1.5750000e+00   3.2830097e-02   4.3541963e-02   2.5724202e-02
   1.5850000e+00   3.6108138e-02   4.8265824e-02   2.7854404e-02
   1.5950000e+00   3.8709405e-02   5.1957870e-02   2.9575918e-02
   1.6050000e+00   4.1326609e-02   5.5619000e-02   3.1335979e-02
   1.6150000e+00   4.4011039e-02   5.9330344e-02   3.3172100e-02
   1.6250000e+00   4.5694377e-02   6.1645011e-02   3.4327156e-02
   1.6350000e+00   4.7486931e-02   6.4080968e-02   3.5573142e-02
   1.6450000e+00   4.9415215e-02   6.6702315e-02   3.6921138e-02
   1.6550000e+00   5.1771736e-02   6.9848608e-02   3.8599255e-02
   1.6650000e+00   5.4649706e-02   7.3682264e-02   4.0647577e-02
   1.6750000e+00   5.7836142e-02   7.7888674e-02   4.2943922e-02
   1.6850000e+00   6.1038994e-02   8.2081364e-02   4.5276972e-02
   1.6950000e+00   6.4198300e-02   8.6176070e-02   4.7604077e-02
   1.7050000e+00   6.7482127e-02   9.0390423e-02   5.0037282e-02
   1.7150000e+00   7.0816401e-02   9.4657414e-02   5.2532599e-02
   1.7250000e+00   7.4439596e-02   9.9243720e-02   5.5259859e-02
   1.7350000e+00   7.7576172e-02   1.0317268e-01   5.7654260e-02
   1.7450000e+00   8.0104103e-02   1.0635753e-01   5.9572515e-02
   1.7550000e+00   8.2741710e-02   1.0963567e-01   6.1601723e-02
   1.7650000e+00   8.5123833e-02   1.1259210e-01   6.3438748e-02
   1.7750000e+00   8.7101415e-02   1.1504381e-01   6.4969149e-02
   1.7850000e+00   8.9181259e-02   1.1759712e-01   6.6592047e-02
   1.7950000e+00   9.1319621e-02   1.2021577e-01   6.8260306e-02
   1.8050000e+00   9.3839543e-02   1.2328536e-01   7.0239631e-02
   1.8150000e+00   9.6693968e-02   1.2674374e-01   7.2494157e-02
   1.8250000e+00   9.9739430e-02   1.3044584e-01   7.4898187e-02
   1.8350000e+00   1.0120085e-01   1.3221521e-01   7.6061991e-02
   1.8450000e+00   1.0024506e-01   1.3104934e-01   7.5300388e-02
   1.8550000e+00   9.6951693e-02   1.2709347e-01   7.2677200e-02
   1.8650000e+00   8.7630139e-02   1.1570546e-01   6.5355698e-02
   1.8750000e+00   7.2060112e-02   9.6283765e-02   5.3401314e-02
   1.8850000e+00   5.7338202e-02   7.7349214e-02   4.2462477e-02
   1.8950000e+00   4.3155234e-02   5.8366550e-02   3.2378077e-02
   1.9050000e+00   3.2552712e-02   4.3472850e-02   2.5250623e-02
   1.9150000e+00   2.4263882e-02   3.1069015e-02   2.0094488e-02
   1.9250000e+00   2.0340469e-02   2.4726492e-02   1.7878081e-02
   1.9350000e+00   1.8110890e-02   2.0819479e-02   1.6735723e-02
   1.9450000e+00   1.7072887e-02   1.8851151e-02   1.6248158e-02
   1.9550000e+00   1.6567756e-02   1.7828331e-02   1.6025116e-02
   1.9650000e+00   1.6303336e-02   1.7273317e-02   1.5908469e-02
   1.9750000e+00   1.6170862e-02   1.6999950e-02   1.5844343e-02
   1.9850000e+00   1.6099067e-02   1.6863576e-02   1.5803124e-02
   1.9950000e+00   1.6070498e-02   1.6828222e-02   1.5777678e-02
   2.0050000e+00   1.6063708e-02   1.6849664e-02   1.5757464e-02
   2.0150000e+00   1.6082379e-02   1.6935702e-02   1.5743925e-02
   2.0250000e+00   1.6118120e-02   1.7057257e-02   1.5737603e-02
   2.0350000e+00   1.6174683e-02   1.7222565e-02   1.5739917e-02
   2.0450000e+00   1.6271529e-02   1.7475066e-02   1.5757053e-02
   2.0550000e+00   1.6450974e-02   1.7899171e-02   1.5806538e-02
   2.0650000e+00   1.6722424e-02   1.8494394e-02   1.5898292e-02
   2.0750000e+00   1.7184074e-02   1.9439134e-02   1.6079458e-02
   2.0850000e+00   1.7875461e-02   2.0765901e-02   1.6382156e-02
   2.0950000e+00   1.8953675e-02   2.2717318e-02   1.6897350e-02
   2.1050000e+00   2.0633865e-02   2.5586405e-02   1.7770668e-02
   2.1150000e+00   2.2600415e-02   2.8794207e-02   1.8857204e-02
   2.1250000e+00   2.5542232e-02   3.3382164e-02   2.0583168e-02
   2.1350000e+00   2.9146805e-02   3.8793344e-02   2.2809217e-02
   2.1450000e+00   3.3201904e-02   4.4689709e-02   2.5417034e-02
   2.1550000e+00   3.7720564e-02   5.1088455e-02   2.8421421e-02
   2.1650000e+00   4.2365951e-02   5.7517054e-02   3.1597608e-02
   2.1750000e+00   4.7249817e-02   6.4165867e-02   3.5004258e-02
   2.1850000e+00   5.2053848e-02   7.0572110e-02   3.8429807e-02
   2.1950000e+00   5.6676181e-02   7.6672061e-02   4.1769853e-02
   2.2050000e+00   6.0694864e-02   8.1891796e-02   4.4720790e-02
   2.2150000e+00   6.5271530e-02   8.7821468e-02   4.8104219e-02
   2.2250000e+00   6.9420078e-02   9.3074677e-02   5.1230129e-02
   2.2350000e+00   7.2874813e-02   9.7484187e-02   5.3823139e-02
   2.2450000e+00   7.5196905e-02   1.0037988e-01   5.5599856e-02
   2.2550000e+00   7.4159206e-02   9.9081693e-02   5.4804506e-02
   2.2650000e+00   7.1842366e-02   9.6186049e-02   5.3028939e-02
   2.2750000e+00   6.7411332e-02   9.0574942e-02   4.9667465e-02
   2.2850000e+00   6.2213286e-02   8.3932030e-02   4.5768849e-02
   2.2950000e+00   5.6377668e-02   7.6365064e-02   4.1455142e-02
   2.3050000e+00   5.0408471e-02   6.8517212e-02   3.7106652e-02
   2.3150000e+00   4.5114199e-02   6.1460541e-02   3.3311359e-02
   2.3250000e+00   4.0457042e-02   5.5140590e-02   3.0032442e-02
   2.3350000e+00   3.6643012e-02   4.9893167e-02   2.7391075e-02
   2.3450000e+00   3.3479405e-02   4.5487871e-02   2.5233585e-02
   2.3550000e+00   3.1082966e-02   4.2089369e-02   2.3620340e-02
   2.3650000e+00   2.9233855e-02   3.9456901e-02   2.2386422e-02
   2.3750000e+00   2.7830896e-02   3.7445191e-02   2.1452595e-02
   2.3850000e+00   2.6795174e-02   3.5959113e-02   2.0761624e-02
   2.3950000e+00   2.5891438e-02   3.4666122e-02   2.0156906e-02
   2.4050000e+00   2.5116418e-02   3.3546441e-02   1.9639579e-02
   2.4150000e+00   2.4448377e-02   3.2592867e-02   1.9185938e-02
   2.4250000e+00   2.3847063e-02   3.1729970e-02   1.8778760e-02
   2.4350000e+00   2.3200451e-02   3.0799336e-02   1.8342000e-02
   2.4450000e+00   2.2541607e-02   2.9846052e-02   1.7899604e-02
   2.4550000e+00   2.1912964e-02   2.8937019e-02   1.7476119e-02
   2.4650000e+00   2.1331859e-02   2.8092667e-02   1.7083665e-02
   2.4750000e+00   2.0783408e-02   2.7307020e-02   1.6707390e-02
   2.4850000e+00   2.0259938e-02   2.6556526e-02   1.6348847e-02
   2.4950000e+00   1.9763648e-02   2.5834789e-02   1.6009823e-02
   2.5050000e+00   1.9386015e-02   2.5312948e-02   1.5735539e-02
   2.5150000e+00   1.9113125e-02   2.4951064e-02   1.5522617e-02
   2.5250000e+00   1.8920905e-02   2.4717429e-02   1.5354546e-02
   2.5350000e+00   1.8820935e-02   2.4632405e-02   1.5238917e-02
   2.5450000e+00   1.8714913e-02   2.4535933e-02   1.5118973e-02
   2.5550000e+00   1.8714766e-02   2.4608152e-02   1.5060695e-02
   2.5650000e+00   1.8817659e-02   2.4840257e-02   1.5063375e-02
   2.5750000e+00   1.8758798e-02   2.4824058e-02   1.4963785e-02
   2.5850000e+00   1.8596736e-02   2.4660131e-02   1.4799893e-02
   2.5950000e+00   1.8234740e-02   2.4184186e-02   1.4514013e-02
   2.6050000e+00   1.7640210e-02   2.3355514e-02   1.4082457e-02
   2.6150000e+00   1.6921021e-02   2.2331492e-02   1.3576276e-02
   2.6250000e+00   1.5607290e-02   2.0379695e-02   1.2713571e-02
   2.6350000e+00   1.4019770e-02   1.7966514e-02   1.1701194e-02
   2.6450000e+00   1.2790061e-02   1.6087499e-02   1.0910682e-02
   2.6550000e+00   1.1808478e-02   1.4584759e-02   1.0270984e-02
   2.6650000e+00   1.1000998e-02   1.3356254e-02   9.7329699e-03
   2.6750000e+00   1.0321469e-02   1.2330632e-02   9.2683105e-03
   2.6850000e+00   8.9539249e-03   1.0052697e-02   8.4400959e-03
   2.6950000e+00   8.1830242e-03   8.8217528e-03   7.9126747e-03
   2.7050000e+00   7.6406122e-03   8.0303783e-03   7.4888695e-03
   2.7150000e+00   7.1980159e-03   7.4466923e-03   7.1073101e-03
   2.7250000e+00   6.8035665e-03   6.9685716e-03   6.7460305e-03
   2.7350000e+00   6.2413199e-03   6.2812679e-03   6.2267593e-03
   2.7450000e+00   5.7438758e-03   5.7627583e-03   5.7345318e-03
   2.7550000e+00   5.2659344e-03   5.2803209e-03   5.2572544e-03
   2.7650000e+00   4.8036197e-03   4.8170332e-03   4.7948355e-03
   2.7750000e+00   4.3572304e-03   4.3705689e-03   4.3481986e-03
   2.7850000e+00   3.8374975e-03   3.8509380e-03   3.8281956e-03
   2.7950000e+00   3.3241475e-03   3.3378317e-03   3.3146097e-03
   2.8050000e+00   2.8674335e-03   2.8813051e-03   2.8577366e-03
   2.8150000e+00   2.4767420e-03   2.4907252e-03   2.4669561e-03
   2.8250000e+00   2.1952606e-03   2.2093126e-03   2.1854332e-03
   2.8350000e+00   2.1057989e-03   2.1199761e-03   2.0958768e-03
   2.8450000e+00   2.3358731e-03   2.3503870e-03   2.3256725e-03
   2.8550000e+00   3.0241121e-03   3.0393133e-03   3.0134007e-03
   2.8650000e+00   4.2374475e-03   4.2534357e-03   4.2262114e-03
   2.8750000e+00   6.4245565e-03   6.4408108e-03   6.4132427e-03
   2.8850000e+00   9.2841332e-03   9.2996316e-03   9.2735005e-03
   2.8950000e+00   1.2964456e-02   1.2977752e-02   1.2955552e-02
   2.9050000e+00   1.6761123e-02   1.6771153e-02   1.6754695e-02
   2.9150000e+00   2.0670466e-02   2.0676467e-02   2.0667051e-02
   2.9250000e+00   2.3784390e-02   2.3786230e-02   2.3784072e-02
   2.9350000e+00   2.6823022e-02   2.6820646e-02   2.6825838e-02
   2.9450000e+00   2.8825226e-02   2.8819565e-02   2.8830490e-02
   2.9550000e+00   3.0997579e-02   3.0988503e-02   3.1005387e-02
   2.9650000e+00   3.3301290e-02   3.3288692e-02   3.3311720e-02
   2.9750000e+00   3.5949945e-02   3.5933368e-02   3.5963332e-02
   2.9850000e+00   3.8739953e-02   3.8719162e-02   3.8756469e-02
   2.9950000e+00   4.2170171e-02   4.2144041e-02   4.2190649e-02
   3.0050000e+00   4.5709966e-02   4.5678166e-02   4.5734653e-02
   3.0150000e+00   4.9434680e-02   4.9396471e-02   4.9464133e-02
   3.0250000e+00   5.3216285e-02   5.3171206e-02   5.3250857e-02
   3.0350000e+00   5.7075031e-02   5.7022450e-02   5.7115206e-02
   3.0450000e+00   6.0886763e-02   6.0826021e-02   6.0933059e-02
   3.0550000e+00   6.4803617e-02   6.4733874e-02   6.4856690e-02
   3.0650000e+00   6.6513991e-02   6.6437949e-02   6.6571897e-02
   3.0750000e+00   6.7788276e-02   6.7706565e-02   6.7850568e-02
   3.0850000e+00   6.7205719e-02   6.7121822e-02   6.7269812e-02
   3.0950000e+00   6.6698406e-02   6.6612589e-02   6.6764095e-02
   3.1050000e+00   6.5118319e-02   6.5033275e-02   6.5183560e-02
   3.1150000e+00   6.3845189e-02   6.3760689e-02   6.3910140e-02
   3.1250000e+00   6.2906026e-02   6.2822012e-02   6.2970700e-02
   3.1350000e+00   6.2236846e-02   6.2152962e-02   6.2301507e-02
   3.1450000e+00   6.1456264e-02   6.1372890e-02   6.1520617e-02
   3.1550000e+00   6.0928135e-02   6.0844921e-02   6.0992440e-02
   3.1650000e+00   5.9749387e-02   5.9667755e-02   5.9812562e-02
   3.1750000e+00   5.8837365e-02   5.8756924e-02   5.8899700e-02
   3.1850000e+00   5.7161957e-02   5.7084384e-02   5.7222166e-02
   3.1950000e+00   5.5717912e-02   5.5642845e-02   5.5776265e-02
   3.2050000e+00   5.3886447e-02   5.3814760e-02   5.3942265e-02
   3.2150000e+00   5.2195794e-02   5.2127253e-02   5.2249250e-02
   3.2250000e+00   5.0698630e-02   5.0632884e-02   5.0749984e-02
   3.2350000e+00   4.9263867e-02   4.9200811e-02   4.9313195e-02
   3.2450000e+00   4.8098118e-02   4.8037232e-02   4.8145812e-02
   3.2550000e+00   4.6996567e-02   4.6937740e-02   4.7042712e-02
   3.2650000e+00   4.5757462e-02   4.5700974e-02   4.5801842e-02
   3.2750000e+00   4.4515454e-02   4.4461324e-02   4.4558053e-02
   3.2850000e+00   4.3436224e-02   4.3384120e-02   4.3477293e-02
   3.2950000e+00   4.2453285e-02   4.2403007e-02   4.2492974e-02
   3.3050000e+00   4.1567806e-02   4.1519175e-02   4.1606252e-02
   3.3150000e+00   4.0781412e-02   4.0734245e-02   4.0818753e-02
   3.3250000e+00   4.0014771e-02   3.9969035e-02   4.0051033e-02
   3.3350000e+00   3.9274275e-02   3.9229917e-02   3.9309496e-02
   3.3450000e+00   3.8543225e-02   3.8500233e-02   3.8577414e-02
   3.3550000e+00   3.7839788e-02   3.7798107e-02   3.7872987e-02
   3.3650000e+00   3.7143667e-02   3.7103289e-02   3.7175881e-02
   3.3750000e+00   3.6491878e-02   3.6452711e-02   3.6523177e-02
   3.3850000e+00   3.5853758e-02   3.5815779e-02   3.5884160e-02
   3.3950000e+00   3.5259492e-02   3.5222616e-02   3.5289061e-02
   3.4050000e+00   3.4707815e-02   3.4671959e-02   3.4736613e-02
   3.4150000e+00   3.4171074e-02   3.4136213e-02   3.4199121e-02
   3.4250000e+00   3.3685751e-02   3.3651785e-02   3.3713122e-02
   3.4350000e+00   3.3202444e-02   3.3169375e-02   3.3229140e-02
   3.4450000e+00   3.2757840e-02   3.2725592e-02   3.2783916e-02
   3.4550000e+00   3.2318846e-02   3.2287411e-02   3.2344308e-02
   3.4650000e+00   3.1902633e-02   3.1871970e-02   3.1927515e-02
   3.4750000e+00   3.1508865e-02   3.1478934e-02   3.1533198e-02
   3.4850000e+00   3.1119347e-02   3.1090147e-02   3.1143134e-02
   3.4950000e+00   3.0758910e-02   3.0730390e-02   3.0782195e-02
   3.5050000e+00   3.0399283e-02   3.0371459e-02   3.0422062e-02
   3.5150000e+00   3.0064013e-02   3.0036860e-02   3.0086319e-02
   3.5250000e+00   2.9745078e-02   2.9718604e-02   2.9766931e-02
   3.5350000e+00   2.9429612e-02   2.9403884e-02   2.9451006e-02
   3.5450000e+00   2.9140320e-02   2.9115345e-02   2.9161285e-02
   3.5550000e+00   2.8851517e-02   2.8827442e-02   2.8872030e-02
   3.5650000e+00   2.8590560e-02   2.8567420e-02   2.8610648e-02
   3.5750000e+00   2.8348192e-02   2.8326035e-02   2.8367866e-02
   3.5850000e+00   2.8106172e-02   2.8085223e-02   2.8125393e-02
   3.5950000e+00   2.7864529e-02   2.7845113e-02   2.7883237e-02
   3.6050000e+00   2.7623307e-02   2.7605896e-02   2.7641410e-02
   3.6150000e+00   2.7382571e-02   2.7367863e-02   2.7399927e-02
   3.6250000e+00   2.7148802e-02   2.7137550e-02   2.7165252e-02
   3.6350000e+00   2.6972871e-02   2.6963234e-02   2.6988824e-02
   3.6450000e+00   2.6797141e-02   2.6789282e-02   2.6812559e-02
   3.6550000e+00   2.6621626e-02   2.6615732e-02   2.6636463e-02
   3.6650000e+00   2.6446334e-02   2.6442612e-02   2.6460538e-02
   3.6750000e+00   2.6271276e-02   2.6269967e-02   2.6284789e-02
   3.6850000e+00   2.6096462e-02   2.6097815e-02   2.6109219e-02
   3.6950000e+00   2.5921915e-02   2.5926239e-02   2.5933834e-02
   3.7050000e+00   2.5747647e-02   2.5755287e-02   2.5758639e-02
   3.7150000e+00   2.5573680e-02   2.5585014e-02   2.5583641e-02
   3.7250000e+00   2.5400036e-02   2.5415498e-02   2.5408846e-02
   3.7350000e+00   2.5234838e-02   2.5253146e-02   2.5242795e-02
   3.7450000e+00   2.5088751e-02   2.5106025e-02   2.5096814e-02
   3.7550000e+00   2.4942805e-02   2.4959088e-02   2.4950962e-02
   3.7650000e+00   2.4797015e-02   2.4812382e-02   2.4805242e-02
   3.7750000e+00   2.4651365e-02   2.4665857e-02   2.4659654e-02
   3.7850000e+00   2.4533413e-02   2.4544666e-02   2.4542345e-02
   3.7950000e+00   2.4415699e-02   2.4424149e-02   2.4425159e-02
   3.8050000e+00   2.4298196e-02   2.4304206e-02   2.4308090e-02
   3.8150000e+00   2.4180891e-02   2.4184773e-02   2.4191138e-02
   3.8250000e+00   2.4063771e-02   2.4065819e-02   2.4074299e-02
   3.8350000e+00   2.3946823e-02   2.3947270e-02   2.3957572e-02
   3.8450000e+00   2.3830035e-02   2.3829089e-02   2.3840955e-02
   3.8550000e+00   2.3736763e-02   2.3734160e-02   2.3747931e-02
   3.8650000e+00   2.3649482e-02   2.3645380e-02   2.3660863e-02
   3.8750000e+00   2.3562337e-02   2.3556984e-02   2.3573876e-02
   3.8850000e+00   2.3475315e-02   2.3468907e-02   2.3486967e-02
   3.8950000e+00   2.3388409e-02   2.3381124e-02   2.3400136e-02
   3.9050000e+00   2.3301611e-02   2.3293590e-02   2.3313382e-02
   3.9150000e+00   2.3214915e-02   2.3206283e-02   2.3226703e-02
   3.9250000e+00   2.3128316e-02   2.3119178e-02   2.3140100e-02
   3.9350000e+00   2.3041811e-02   2.3032255e-02   2.3053572e-02
   3.9450000e+00   2.2955397e-02   2.2945502e-02   2.2967120e-02
   3.9550000e+00   2.2869070e-02   2.2858901e-02   2.2880742e-02
   3.9650000e+00   2.2782831e-02   2.2772446e-02   2.2794440e-02
   3.9750000e+00   2.2711483e-02   2.2700859e-02   2.2723051e-02
   3.9850000e+00   2.2650077e-02   2.2639223e-02   2.2661614e-02
   3.9950000e+00   2.2588736e-02   2.2577702e-02   2.2600233e-02
   4.0050000e+00   2.2527458e-02   2.2516287e-02   2.2538907e-02
   4.0150000e+00   2.2466241e-02   2.2454969e-02   2.2477636e-02
   4.0250000e+00   2.2405086e-02   2.2393743e-02   2.2416421e-02
   4.0350000e+00   2.2343991e-02   2.2332604e-02   2.2355261e-02
   4.0450000e+00   2.2282955e-02   2.2271547e-02   2.2294157e-02
   4.0550000e+00   2.2221979e-02   2.2210568e-02   2.2233108e-02
   4.0650000e+00   2.2161061e-02   2.2149665e-02   2.2172116e-02
   4.0750000e+00   2.2100202e-02   2.2088835e-02   2.2111179e-02
   4.0850000e+00   2.2039402e-02   2.2028076e-02   2.2050299e-02
   4.0950000e+00   2.1978660e-02   2.1967386e-02   2.1989475e-02
   4.1050000e+00   2.1927026e-02   2.1915793e-02   2.1937774e-02
   4.1150000e+00   2.1881474e-02   2.1870276e-02   2.1892164e-02
   4.1250000e+00   2.1835969e-02   2.1824813e-02   2.1846598e-02
   4.1350000e+00   2.1790509e-02   2.1779402e-02   2.1801077e-02
   4.1450000e+00   2.1745095e-02   2.1734044e-02   2.1755601e-02
   4.1550000e+00   2.1699728e-02   2.1688736e-02   2.1710170e-02
   4.1650000e+00   2.1654406e-02   2.1643479e-02   2.1664784e-02
   4.1750000e+00   2.1609131e-02   2.1598272e-02   2.1619444e-02
   4.1850000e+00   2.1563901e-02   2.1553114e-02   2.1574149e-02
   4.1950000e+00   2.1518718e-02   2.1508006e-02   2.1528900e-02
   4.2050000e+00   2.1473582e-02   2.1462947e-02   2.1483696e-02
   4.2150000e+00   2.1428491e-02   2.1417937e-02   2.1438539e-02
   4.2250000e+00   2.1383448e-02   2.1372976e-02   2.1393427e-02
   4.2350000e+00   2.1338451e-02   2.1328063e-02   2.1348362e-02
   4.2450000e+00   2.1303531e-02   2.1293200e-02   2.1313392e-02
   4.2550000e+00   2.1275379e-02   2.1265088e-02   2.1285202e-02
   4.2650000e+00   2.1247316e-02   2.1237068e-02   2.1257101e-02
   4.2750000e+00   2.1219342e-02   2.1209141e-02   2.1229089e-02
   4.2850000e+00   2.1191458e-02   2.1181306e-02   2.1201166e-02
   4.2950000e+00   2.1163663e-02   2.1153563e-02   2.1173332e-02
   4.3050000e+00   2.1135958e-02   2.1125911e-02   2.1145587e-02
   4.3150000e+00   2.1108344e-02   2.1098350e-02   2.1117932e-02
   4.3250000e+00   2.1080819e-02   2.1070881e-02   2.1090367e-02
   4.3350000e+00   2.1053384e-02   2.1043502e-02   2.1062892e-02
   4.3450000e+00   2.1026040e-02   2.1016215e-02   2.1035508e-02
   4.3550000e+00   2.1013691e-02   2.1003890e-02   2.1023146e-02
   4.3650000e+00   2.1007851e-02   2.0998057e-02   2.1017304e-02
   4.3750000e+00   2.1002134e-02   2.0992349e-02   2.1011586e-02
   4.3850000e+00   2.0996542e-02   2.0986765e-02   2.1005993e-02
   4.3950000e+00   2.1011849e-02   2.1002034e-02   2.1021336e-02
   4.4050000e+00   2.1032455e-02   2.1022588e-02   2.1041986e-02
   4.4150000e+00   2.1053162e-02   2.1043245e-02   2.1062740e-02
   4.4250000e+00   2.1073972e-02   2.1064003e-02   2.1083596e-02
   4.4350000e+00   2.1094883e-02   2.1084864e-02   2.1104554e-02
   4.4450000e+00   2.1118363e-02   2.1108286e-02   2.1128084e-02
   4.4550000e+00   2.1164100e-02   2.1153916e-02   2.1173912e-02
   4.4650000e+00   2.1209874e-02   2.1199582e-02   2.1219777e-02
   4.4750000e+00   2.1255685e-02   2.1245284e-02   2.1265679e-02
   4.4850000e+00   2.1301532e-02   2.1291023e-02   2.1311618e-02
   4.4950000e+00   2.1347415e-02   2.1336797e-02   2.1357594e-02
   4.5050000e+00   2.1393335e-02   2.1382607e-02   2.1403607e-02
   4.5150000e+00   2.1447901e-02   2.1437046e-02   2.1458279e-02
   4.5250000e+00   2.1502510e-02   2.1491527e-02   2.1512994e-02
   4.5350000e+00   2.1557162e-02   2.1546051e-02   2.1567754e-02
   4.5450000e+00   2.1611857e-02   2.1600617e-02   2.1622557e-02
   4.5550000e+00   2.1663589e-02   2.1652230e-02   2.1674390e-02
   4.5650000e+00   2.1704830e-02   2.1693377e-02   2.1715712e-02
   4.5750000e+00   2.1736322e-02   2.1724799e-02   2.1747267e-02
   4.5850000e+00   2.1742945e-02   2.1731412e-02   2.1753906e-02
   4.5950000e+00   2.1724698e-02   2.1713216e-02   2.1735628e-02
   4.6050000e+00   2.1706588e-02   2.1695158e-02   2.1717486e-02
   4.6150000e+00   2.1688615e-02   2.1677237e-02   2.1699482e-02
   4.6250000e+00   2.1670778e-02   2.1659453e-02   2.1681614e-02
   4.6350000e+00   2.1653079e-02   2.1641808e-02   2.1663883e-02
   4.6450000e+00   2.1635517e-02   2.1624302e-02   2.1646289e-02
   4.6550000e+00   2.1618092e-02   2.1606935e-02   2.1628832e-02
   4.6650000e+00   2.1600805e-02   2.1589709e-02   2.1611513e-02
   4.6750000e+00   2.1583656e-02   2.1572625e-02   2.1594331e-02
   4.6850000e+00   2.1566645e-02   2.1555683e-02   2.1577287e-02
   4.6950000e+00   2.1549772e-02   2.1538887e-02   2.1560381e-02
   4.7050000e+00   2.1533039e-02   2.1522239e-02   2.1543613e-02
   4.7150000e+00   2.1516445e-02   2.1505742e-02   2.1526983e-02
   4.7250000e+00   2.1484377e-02   2.1473803e-02   2.1494850e-02
   4.7350000e+00   2.1441960e-02   2.1431534e-02   2.1452350e-02
   4.7450000e+00   2.1399586e-02   2.1389314e-02   2.1409891e-02
   4.7550000e+00   2.1357255e-02   2.1347144e-02   2.1367474e-02
   4.7650000e+00   2.1314967e-02   2.1305026e-02   2.1325099e-02
   4.7750000e+00   2.1272723e-02   2.1262962e-02   2.1282766e-02
   4.7850000e+00   2.1230523e-02   2.1220954e-02   2.1240475e-02
   4.7950000e+00   2.1188367e-02   2.1179003e-02   2.1198227e-02
   4.8050000e+00   2.1146257e-02   2.1137114e-02   2.1156021e-02
   4.8150000e+00   2.1104192e-02   2.1095289e-02   2.1113857e-02
   4.8250000e+00   2.1062174e-02   2.1053533e-02   2.1071737e-02
   4.8350000e+00   2.1020203e-02   2.1011850e-02   2.1029659e-02
   4.8450000e+00   2.0978281e-02   2.0970246e-02   2.0987625e-02
   4.8550000e+00   2.0936409e-02   2.0928728e-02   2.0945635e-02
   4.8650000e+00   2.0894588e-02   2.0887304e-02   2.0903688e-02
   4.8750000e+00   2.0852821e-02   2.0845984e-02   2.0861786e-02
   4.8850000e+00   2.0811110e-02   2.0804780e-02   2.0819929e-02
   4.8950000e+00   2.0769458e-02   2.0763707e-02   2.0778117e-02
   4.9050000e+00   2.0727368e-02   2.0722247e-02   2.0735857e-02
   4.9150000e+00   2.0680826e-02   2.0676077e-02   2.0689180e-02
   4.9250000e+00   2.0634309e-02   2.0629952e-02   2.0642525e-02
   4.9350000e+00   2.0587819e-02   2.0583869e-02   2.0595893e-02
   4.9450000e+00   2.0541355e-02   2.0537834e-02   2.0549283e-02
   4.9550000e+00   2.0494919e-02   2.0491846e-02   2.0502696e-02
   4.9650000e+00   2.0448510e-02   2.0445909e-02   2.0456132e-02
   4.9750000e+00   2.0402129e-02   2.0400024e-02   2.0409590e-02
   4.9850000e+00   2.0355777e-02   2.0354191e-02   2.0363072e-02
   4.9950000e+00   2.0309454e-02   2.0308416e-02   2.0316576e-02
