   3.0500000e-01   8.7451111e-01   8.8739079e-01   8.6058015e-01
   3.1500000e-01   8.7425507e-01   8.8718571e-01   8.6029461e-01
   3.2500000e-01   8.7405953e-01   8.8705436e-01   8.6002952e-01
   3.3500000e-01   8.7393659e-01   8.8695742e-01   8.5987189e-01
   3.4500000e-01   8.7378147e-01   8.8686140e-01   8.5965577e-01
   3.5500000e-01   8.7361020e-01   8.8672033e-01   8.5945982e-01
   3.6500000e-01   8.7372219e-01   8.8686486e-01   8.5952994e-01
   3.7500000e-01   8.7368707e-01   8.8685062e-01   8.5948117e-01
   3.8500000e-01   8.7369215e-01   8.8687806e-01   8.5946078e-01
   3.9500000e-01   8.7372602e-01   8.8694922e-01   8.5945634e-01
   4.0500000e-01   8.7385475e-01   8.8710130e-01   8.5955644e-01
   4.1500000e-01   8.7392738e-01   8.8721210e-01   8.5959388e-01
   4.2500000e-01   8.7411178e-01   8.8741106e-01   8.5976140e-01
   4.3500000e-01   8.7430457e-01   8.8762022e-01   8.5993238e-01
   4.4500000e-01   8.7444829e-01   8.8777680e-01   8.6006483e-01
   4.5500000e-01   8.7456769e-01   8.8793041e-01   8.6015322e-01
   4.6500000e-01   8.7471443e-01   8.8806822e-01   8.6030934e-01
   4.7500000e-01   8.7494520e-01   8.8833255e-01   8.6049960e-01
   4.8500000e-01   8.7519762e-01   8.8858463e-01   8.6075300e-01
   4.9500000e-01   8.7528221e-01   8.8869760e-01   8.6080792e-01
   5.0500000e-01   8.7537536e-01   8.8879683e-01   8.6090079e-01
   5.1500000e-01   8.7559996e-01   8.8902633e-01   8.6110827e-01
   5.2500000e-01   8.7574955e-01   8.8917707e-01   8.6124469e-01
   5.3500000e-01   8.7573949e-01   8.8918771e-01   8.6124746e-01
   5.4500000e-01   8.7580969e-01   8.8930738e-01   8.6125443e-01
   5.5500000e-01   8.7578454e-01   8.8928084e-01   8.6124105e-01
   5.6500000e-01   8.7604822e-01   8.8956711e-01   8.6147524e-01
   5.7500000e-01   8.7600417e-01   8.8949943e-01   8.6145696e-01
   5.8500000e-01   8.7613808e-01   8.8968236e-01   8.6151866e-01
   5.9500000e-01   8.7623221e-01   8.8978090e-01   8.6161834e-01
   6.0500000e-01   8.7602839e-01   8.8953887e-01   8.6145810e-01
   6.1500000e-01   8.7585402e-01   8.8941838e-01   8.6122746e-01
   6.2500000e-01   8.7569411e-01   8.8924991e-01   8.6106441e-01
   6.3500000e-01   8.7554400e-01   8.8911219e-01   8.6091890e-01
   6.4500000e-01   8.7513982e-01   8.8872132e-01   8.6051943e-01
   6.5500000e-01   8.7488315e-01   8.8842662e-01   8.6027307e-01
   6.6500000e-01   8.7466566e-01   8.8825464e-01   8.6001400e-01
   6.7500000e-01   8.7439777e-01   8.8803379e-01   8.5970120e-01
   6.8500000e-01   8.7433734e-01   8.8788959e-01   8.5968279e-01
   6.9500000e-01   8.7329376e-01   8.8691648e-01   8.5861698e-01
   7.0500000e-01   8.7271495e-01   8.8634527e-01   8.5802072e-01
   7.1500000e-01   8.7175599e-01   8.8544694e-01   8.5699380e-01
   7.2500000e-01   8.7126349e-01   8.8493263e-01   8.5651377e-01
   7.3500000e-01   8.7050515e-01   8.8419158e-01   8.5578673e-01
   7.4500000e-01   8.6911982e-01   8.8282283e-01   8.5438402e-01
   7.5500000e-01   8.6747844e-01   8.8115374e-01   8.5273657e-01
   7.6500000e-01   8.6534846e-01   8.7908882e-01   8.5057282e-01
   7.7500000e-01   8.6289406e-01   8.7670433e-01   8.4803804e-01
   7.8500000e-01   8.6037377e-01   8.7416121e-01   8.4551656e-01
   7.9500000e-01   8.5789246e-01   8.7180210e-01   8.4295913e-01
   8.0500000e-01   8.5599403e-01   8.6987549e-01   8.4109478e-01
   8.1500000e-01   8.5627341e-01   8.7018165e-01   8.4134025e-01
   8.2500000e-01   8.5603742e-01   8.6988625e-01   8.4110995e-01
   8.3500000e-01   8.5513457e-01   8.6891253e-01   8.4033025e-01
   8.4500000e-01   8.5241782e-01   8.6601654e-01   8.3774761e-01
   8.5500000e-01   8.4893867e-01   8.6300092e-01   8.3382666e-01
   8.6500000e-01   8.4321579e-01   8.5741230e-01   8.2796011e-01
   8.7500000e-01   8.3541348e-01   8.4979605e-01   8.2001235e-01
   8.8500000e-01   8.2766881e-01   8.4208432e-01   8.1217557e-01
   8.9500000e-01   8.2231649e-01   8.3682730e-01   8.0681774e-01
   9.0500000e-01   8.1940294e-01   8.3404543e-01   8.0387566e-01
   9.1500000e-01   8.1765443e-01   8.3239995e-01   8.0189790e-01
   9.2500000e-01   8.1412060e-01   8.2901898e-01   7.9828741e-01
   9.3500000e-01   8.1029293e-01   8.2519875e-01   7.9444887e-01
   9.4500000e-01   8.0543768e-01   8.2052917e-01   7.8946666e-01
   9.5500000e-01   7.9606879e-01   8.1142748e-01   7.7974339e-01
   9.6500000e-01   7.8099896e-01   7.9702894e-01   7.6419318e-01
   9.7500000e-01   7.6541484e-01   7.8191922e-01   7.4813932e-01
   9.8500000e-01   7.4994317e-01   7.6679999e-01   7.3223664e-01
   9.9500000e-01   7.3177224e-01   7.4952277e-01   7.1345195e-01
   1.0050000e+00   7.1195134e-01   7.3046785e-01   6.9266767e-01
   1.0150000e+00   6.9406814e-01   7.1370713e-01   6.7396168e-01
   1.0250000e+00   6.8628544e-01   7.0591939e-01   6.6604891e-01
   1.0350000e+00   6.8594359e-01   7.0584943e-01   6.6544968e-01
   1.0450000e+00   6.9056209e-01   7.1024745e-01   6.7042830e-01
   1.0550000e+00   7.0205487e-01   7.2111694e-01   6.8245177e-01
   1.0650000e+00   7.1381935e-01   7.3231492e-01   6.9461910e-01
   1.0750000e+00   7.2081829e-01   7.3921603e-01   7.0188886e-01
   1.0850000e+00   7.2537247e-01   7.4365713e-01   7.0645070e-01
   1.0950000e+00   7.2725062e-01   7.4543510e-01   7.0841476e-01
   1.1050000e+00   7.2731546e-01   7.4548093e-01   7.0844332e-01
   1.1150000e+00   7.2419550e-01   7.4251916e-01   7.0529180e-01
   1.1250000e+00   7.1734273e-01   7.3578868e-01   6.9822848e-01
   1.1350000e+00   7.0606322e-01   7.2511514e-01   6.8647756e-01
   1.1450000e+00   7.0061557e-01   7.1975992e-01   6.8085379e-01
   1.1550000e+00   6.8166215e-01   7.0160132e-01   6.6119531e-01
   1.1650000e+00   6.5116231e-01   6.7273034e-01   6.2919566e-01
   1.1750000e+00   6.1989703e-01   6.4236591e-01   5.9709790e-01
   1.1850000e+00   5.9217457e-01   6.1574738e-01   5.6833939e-01
   1.1950000e+00   5.6689531e-01   5.9132892e-01   5.4238833e-01
   1.2050000e+00   5.3573131e-01   5.6123421e-01   5.1021416e-01
   1.2150000e+00   5.0235945e-01   5.2854726e-01   4.7632848e-01
   1.2250000e+00   4.8229611e-01   5.0909477e-01   4.5576322e-01
   1.2350000e+00   4.6849401e-01   4.9538664e-01   4.4191110e-01
   1.2450000e+00   4.5844728e-01   4.8552260e-01   4.3171597e-01
   1.2550000e+00   4.5334477e-01   4.8055336e-01   4.2650616e-01
   1.2650000e+00   4.5062751e-01   4.7783555e-01   4.2380135e-01
   1.2750000e+00   4.5095814e-01   4.7815343e-01   4.2416991e-01
   1.2850000e+00   4.5451204e-01   4.8164647e-01   4.2773688e-01
   1.2950000e+00   4.5628654e-01   4.8342494e-01   4.2952124e-01
   1.3050000e+00   4.5797452e-01   4.8507596e-01   4.3123659e-01
   1.3150000e+00   4.5929882e-01   4.8641946e-01   4.3253777e-01
   1.3250000e+00   4.5991010e-01   4.8701916e-01   4.3317401e-01
   1.3350000e+00   4.5974314e-01   4.8681917e-01   4.3301324e-01
   1.3450000e+00   4.5708423e-01   4.8427790e-01   4.3028199e-01
   1.3550000e+00   4.5309128e-01   4.8028658e-01   4.2626398e-01
   1.3650000e+00   4.4909555e-01   4.7633683e-01   4.2225435e-01
   1.3750000e+00   4.4052561e-01   4.6790773e-01   4.1364962e-01
   1.3850000e+00   4.2794593e-01   4.5544349e-01   4.0094383e-01
   1.3950000e+00   4.0912389e-01   4.3671453e-01   3.8216011e-01
   1.4050000e+00   3.4482349e-01   3.7227980e-01   3.1840313e-01
   1.4150000e+00   2.5431180e-01   2.7993015e-01   2.3028399e-01
   1.4250000e+00   1.7543441e-01   1.9714004e-01   1.5561959e-01
   1.4350000e+00   1.2251133e-01   1.4017192e-01   1.0679314e-01
   1.4450000e+00   8.9800245e-02   1.0414749e-01   7.7272970e-02
   1.4550000e+00   6.4556263e-02   7.5795794e-02   5.4932832e-02
   1.4650000e+00   4.7212775e-02   5.5959632e-02   3.9852296e-02
   1.4750000e+00   3.6279025e-02   4.3256649e-02   3.0492249e-02
   1.4850000e+00   3.0439732e-02   3.6382509e-02   2.5561778e-02
   1.4950000e+00   2.8361982e-02   3.3917006e-02   2.3820483e-02
   1.5050000e+00   2.9473273e-02   3.5234265e-02   2.4751896e-02
   1.5150000e+00   3.1063604e-02   3.7122747e-02   2.6084303e-02
   1.5250000e+00   3.2701848e-02   3.9055393e-02   2.7463408e-02
   1.5350000e+00   3.5033579e-02   4.1800189e-02   2.9434280e-02
   1.5450000e+00   3.7939373e-02   4.5208600e-02   3.1896800e-02
   1.5550000e+00   4.1248408e-02   4.9065565e-02   3.4720618e-02
   1.5650000e+00   4.5113185e-02   5.3543502e-02   3.8037407e-02
   1.5750000e+00   4.9895333e-02   5.9069080e-02   4.2152276e-02
   1.5850000e+00   5.5527034e-02   6.5530852e-02   4.7033145e-02
   1.5950000e+00   5.9816012e-02   7.0415777e-02   5.0773851e-02
   1.6050000e+00   6.4020469e-02   7.5207966e-02   5.4444234e-02
   1.6150000e+00   6.8208068e-02   7.9952028e-02   5.8121369e-02
   1.6250000e+00   7.0804719e-02   8.2887184e-02   6.0404502e-02
   1.6350000e+00   7.3495824e-02   8.5942036e-02   6.2770571e-02
   1.6450000e+00   7.6451785e-02   8.9257459e-02   6.5380630e-02
   1.6550000e+00   7.9908260e-02   9.3153710e-02   6.8434758e-02
   1.6650000e+00   8.3960531e-02   9.7649833e-02   7.2060609e-02
   1.6750000e+00   8.8528017e-02   1.0278038e-01   7.6106358e-02
   1.6850000e+00   9.2995739e-02   1.0774852e-01   8.0104365e-02
   1.6950000e+00   9.7273954e-02   1.1245621e-01   8.3960510e-02
   1.7050000e+00   1.0175949e-01   1.1748833e-01   8.7949395e-02
   1.7150000e+00   1.0621464e-01   1.2236257e-01   9.1983024e-02
   1.7250000e+00   1.1089438e-01   1.2752704e-01   9.6210583e-02
   1.7350000e+00   1.1504672e-01   1.3208500e-01   9.9955724e-02
   1.7450000e+00   1.1819689e-01   1.3551153e-01   1.0284382e-01
   1.7550000e+00   1.2172233e-01   1.3940217e-01   1.0600612e-01
   1.7650000e+00   1.2469018e-01   1.4262070e-01   1.0872441e-01
   1.7750000e+00   1.2718836e-01   1.4534658e-01   1.1100353e-01
   1.7850000e+00   1.2964077e-01   1.4798748e-01   1.1327445e-01
   1.7950000e+00   1.3250742e-01   1.5115813e-01   1.1583869e-01
   1.8050000e+00   1.3549112e-01   1.5438562e-01   1.1859158e-01
   1.8150000e+00   1.3910565e-01   1.5832016e-01   1.2188124e-01
   1.8250000e+00   1.4275265e-01   1.6226259e-01   1.2524736e-01
   1.8350000e+00   1.4452389e-01   1.6414374e-01   1.2689282e-01
   1.8450000e+00   1.4337219e-01   1.6292799e-01   1.2581771e-01
   1.8550000e+00   1.3931505e-01   1.5849827e-01   1.2212189e-01
   1.8650000e+00   1.2804526e-01   1.4636395e-01   1.1171934e-01
   1.8750000e+00   1.0798869e-01   1.2434751e-01   9.3554680e-02
   1.8850000e+00   8.8051162e-02   1.0227342e-01   7.5669857e-02
   1.8950000e+00   6.7432455e-02   7.9144075e-02   5.7392905e-02
   1.9050000e+00   5.0185405e-02   5.9445027e-02   4.2375235e-02
   1.9150000e+00   3.4628952e-02   4.1376040e-02   2.9048978e-02
   1.9250000e+00   2.5708355e-02   3.0826430e-02   2.1547629e-02
   1.9350000e+00   1.9449182e-02   2.3296179e-02   1.6377645e-02
   1.9450000e+00   1.5829858e-02   1.8870494e-02   1.3439434e-02
   1.9550000e+00   1.3689265e-02   1.6218196e-02   1.1727316e-02
   1.9650000e+00   1.2407569e-02   1.4611826e-02   1.0714799e-02
   1.9750000e+00   1.1751508e-02   1.3784475e-02   1.0199977e-02
   1.9850000e+00   1.1435844e-02   1.3385880e-02   9.9525465e-03
   1.9950000e+00   1.1393255e-02   1.3334201e-02   9.9172925e-03
   2.0050000e+00   1.1513739e-02   1.3489887e-02   1.0008771e-02
   2.0150000e+00   1.1814177e-02   1.3874182e-02   1.0240236e-02
   2.0250000e+00   1.2191727e-02   1.4354643e-02   1.0532836e-02
   2.0350000e+00   1.2658470e-02   1.4944979e-02   1.0897523e-02
   2.0450000e+00   1.3323419e-02   1.5782939e-02   1.1419122e-02
   2.0550000e+00   1.4329829e-02   1.7039153e-02   1.2216950e-02
   2.0650000e+00   1.5623956e-02   1.8643794e-02   1.3251019e-02
   2.0750000e+00   1.7496315e-02   2.0946175e-02   1.4761379e-02
   2.0850000e+00   1.9899899e-02   2.3875062e-02   1.6718702e-02
   2.0950000e+00   2.3113616e-02   2.7750389e-02   1.9366871e-02
   2.1050000e+00   2.7468610e-02   3.2957353e-02   2.2989009e-02
   2.1150000e+00   3.2010942e-02   3.8337088e-02   2.6802961e-02
   2.1250000e+00   3.8092592e-02   4.5469493e-02   3.1961848e-02
   2.1350000e+00   4.4908907e-02   5.3409455e-02   3.7786327e-02
   2.1450000e+00   5.1972265e-02   6.1538780e-02   4.3890592e-02
   2.1550000e+00   5.9419741e-02   7.0065821e-02   5.0362760e-02
   2.1650000e+00   6.6678242e-02   7.8315125e-02   5.6717125e-02
   2.1750000e+00   7.4104240e-02   8.6721157e-02   6.3236659e-02
   2.1850000e+00   8.0944023e-02   9.4370870e-02   6.9320571e-02
   2.1950000e+00   8.7501050e-02   1.0173607e-01   7.5134522e-02
   2.2050000e+00   9.3053286e-02   1.0793324e-01   8.0081133e-02
   2.2150000e+00   9.9353838e-02   1.1487060e-01   8.5746652e-02
   2.2250000e+00   1.0479078e-01   1.2088945e-01   9.0624524e-02
   2.2350000e+00   1.0932973e-01   1.2591301e-01   9.4726136e-02
   2.2450000e+00   1.1232454e-01   1.2923103e-01   9.7414959e-02
   2.2550000e+00   1.1093328e-01   1.2769968e-01   9.6163997e-02
   2.2650000e+00   1.0812247e-01   1.2459615e-01   9.3612377e-02
   2.2750000e+00   1.0215184e-01   1.1800267e-01   8.8258231e-02
   2.2850000e+00   9.5283594e-02   1.1035466e-01   8.2095315e-02
   2.2950000e+00   8.7247955e-02   1.0140706e-01   7.4920756e-02
   2.3050000e+00   7.8812306e-02   9.2014124e-02   6.7407200e-02
   2.3150000e+00   7.1056917e-02   8.3230186e-02   6.0597470e-02
   2.3250000e+00   6.4285593e-02   7.5647823e-02   5.4579991e-02
   2.3350000e+00   5.8367572e-02   6.8926009e-02   4.9409026e-02
   2.3450000e+00   5.3342932e-02   6.3156934e-02   4.5047297e-02
   2.3550000e+00   4.9301861e-02   5.8529070e-02   4.1546149e-02
   2.3650000e+00   4.6323955e-02   5.5099998e-02   3.8957532e-02
   2.3750000e+00   4.3844652e-02   5.2204302e-02   3.6844575e-02
   2.3850000e+00   4.2070008e-02   5.0155548e-02   3.5318612e-02
   2.3950000e+00   4.0546261e-02   4.8388619e-02   3.4009816e-02
   2.4050000e+00   3.9226578e-02   4.6863727e-02   3.2868985e-02
   2.4150000e+00   3.8015851e-02   4.5437832e-02   3.1851095e-02
   2.4250000e+00   3.6994204e-02   4.4255639e-02   3.0969238e-02
   2.4350000e+00   3.5882791e-02   4.2957306e-02   3.0017781e-02
   2.4450000e+00   3.4699187e-02   4.1567325e-02   2.9017001e-02
   2.4550000e+00   3.3659711e-02   4.0371679e-02   2.8110936e-02
   2.4650000e+00   3.2566008e-02   3.9086027e-02   2.7190059e-02
   2.4750000e+00   3.1599723e-02   3.7953514e-02   2.6371005e-02
   2.4850000e+00   3.0685142e-02   3.6877754e-02   2.5595815e-02
   2.4950000e+00   2.9789058e-02   3.5821356e-02   2.4835004e-02
   2.5050000e+00   2.9172596e-02   3.5097885e-02   2.4314089e-02
   2.5150000e+00   2.8788417e-02   3.4661488e-02   2.3977955e-02
   2.5250000e+00   2.8549500e-02   3.4374113e-02   2.3775505e-02
   2.5350000e+00   2.8536373e-02   3.4379257e-02   2.3753191e-02
   2.5450000e+00   2.8438472e-02   3.4247013e-02   2.3680295e-02
   2.5550000e+00   2.8596801e-02   3.4411606e-02   2.3820077e-02
   2.5650000e+00   2.8994200e-02   3.4892617e-02   2.4147495e-02
   2.5750000e+00   2.9032692e-02   3.4966757e-02   2.4170254e-02
   2.5850000e+00   2.8979614e-02   3.4903978e-02   2.4114007e-02
   2.5950000e+00   2.8398578e-02   3.4191570e-02   2.3637794e-02
   2.6050000e+00   2.7421002e-02   3.3055515e-02   2.2802759e-02
   2.6150000e+00   2.6166227e-02   3.1595988e-02   2.1735158e-02
   2.6250000e+00   2.3679746e-02   2.8639803e-02   1.9645543e-02
   2.6350000e+00   2.0503785e-02   2.4855757e-02   1.6986017e-02
   2.6450000e+00   1.7970020e-02   2.1824047e-02   1.4873966e-02
   2.6550000e+00   1.5895072e-02   1.9327625e-02   1.3154922e-02
   2.6650000e+00   1.4196706e-02   1.7277858e-02   1.1750006e-02
   2.6750000e+00   1.2758957e-02   1.5534420e-02   1.0566590e-02
   2.6850000e+00   9.0469138e-03   1.0966292e-02   7.5592145e-03
   2.6950000e+00   6.9399663e-03   8.3428151e-03   5.8732592e-03
   2.7050000e+00   5.6141421e-03   6.6761734e-03   4.8213863e-03
   2.7150000e+00   4.7155751e-03   5.5395623e-03   4.1113308e-03
   2.7250000e+00   4.0704218e-03   4.7228406e-03   3.6001231e-03
   2.7350000e+00   2.9043271e-03   3.1856549e-03   2.7157586e-03
   2.7450000e+00   2.4298896e-03   2.5715000e-03   2.3401195e-03
   2.7550000e+00   2.1425339e-03   2.2227688e-03   2.0933160e-03
   2.7650000e+00   1.9215320e-03   1.9721021e-03   1.8907607e-03
   2.7750000e+00   1.7301384e-03   1.7653481e-03   1.7084323e-03
   2.7850000e+00   1.5140648e-03   1.5348525e-03   1.5004174e-03
   2.7950000e+00   1.3118591e-03   1.3271538e-03   1.3010606e-03
   2.8050000e+00   1.1358301e-03   1.1497705e-03   1.1256702e-03
   2.8150000e+00   9.8668046e-04   1.0005493e-03   9.7642287e-04
   2.8250000e+00   8.7938755e-04   8.9277641e-04   8.6915661e-04
   2.8350000e+00   8.4479594e-04   8.5725192e-04   8.3495319e-04
   2.8450000e+00   9.3244885e-04   9.4412710e-04   9.2298753e-04
   2.8550000e+00   1.1972425e-03   1.2089112e-03   1.1876679e-03
   2.8650000e+00   1.6658134e-03   1.6780690e-03   1.6557203e-03
   2.8750000e+00   2.5130639e-03   2.5260430e-03   2.5024033e-03
   2.8850000e+00   3.6276991e-03   3.6409428e-03   3.6168903e-03
   2.8950000e+00   5.0750687e-03   5.0877191e-03   5.0648542e-03
   2.9050000e+00   6.5846066e-03   6.5958217e-03   6.5756909e-03
   2.9150000e+00   8.1575907e-03   8.1667349e-03   8.1505054e-03
   2.9250000e+00   9.4230019e-03   9.4297612e-03   9.4179922e-03
   2.9350000e+00   1.0670310e-02   1.0674569e-02   1.0667471e-02
   2.9450000e+00   1.1497928e-02   1.1500173e-02   1.1496831e-02
   2.9550000e+00   1.2402561e-02   1.2402687e-02   1.2403297e-02
   2.9650000e+00   1.3369322e-02   1.3367229e-02   1.3371980e-02
   2.9750000e+00   1.4490165e-02   1.4485514e-02   1.4495037e-02
   2.9850000e+00   1.5681393e-02   1.5673972e-02   1.5688661e-02
   2.9950000e+00   1.7160584e-02   1.7149563e-02   1.7170961e-02
   3.0050000e+00   1.8704076e-02   1.8689137e-02   1.8717836e-02
   3.0150000e+00   2.0346416e-02   2.0326959e-02   2.0364075e-02
   3.0250000e+00   2.2033304e-02   2.2008910e-02   2.2055219e-02
   3.0350000e+00   2.3774706e-02   2.3744842e-02   2.3801339e-02
   3.0450000e+00   2.5514435e-02   2.5478577e-02   2.5546241e-02
   3.0550000e+00   2.7322886e-02   2.7280372e-02   2.7360444e-02
   3.0650000e+00   2.8115008e-02   2.8068127e-02   2.8156354e-02
   3.0750000e+00   2.8706238e-02   2.8655558e-02   2.8750895e-02
   3.0850000e+00   2.8426722e-02   2.8375047e-02   2.8472273e-02
   3.0950000e+00   2.8183832e-02   2.8131339e-02   2.8230127e-02
   3.1050000e+00   2.7441831e-02   2.7390498e-02   2.7487155e-02
   3.1150000e+00   2.6846544e-02   2.6796123e-02   2.6891107e-02
   3.1250000e+00   2.6409074e-02   2.6359385e-02   2.6453027e-02
   3.1350000e+00   2.6097855e-02   2.6048600e-02   2.6141454e-02
   3.1450000e+00   2.5736275e-02   2.5687706e-02   2.5779300e-02
   3.1550000e+00   2.5491943e-02   2.5443774e-02   2.5534641e-02
   3.1650000e+00   2.4949828e-02   2.4903071e-02   2.4991319e-02
   3.1750000e+00   2.4531808e-02   2.4486143e-02   2.4572369e-02
   3.1850000e+00   2.3767771e-02   2.3724339e-02   2.3806402e-02
   3.1950000e+00   2.3112595e-02   2.3071096e-02   2.3149557e-02
   3.2050000e+00   2.2286029e-02   2.2247004e-02   2.2320845e-02
   3.2150000e+00   2.1527354e-02   2.1490602e-02   2.1560198e-02
   3.2250000e+00   2.0858822e-02   2.0824050e-02   2.0889946e-02
   3.2350000e+00   2.0221202e-02   2.0188317e-02   2.0250687e-02
   3.2450000e+00   1.9705260e-02   1.9673889e-02   1.9733430e-02
   3.2550000e+00   1.9219535e-02   1.9189589e-02   1.9246468e-02
   3.2650000e+00   1.8675255e-02   1.8646903e-02   1.8700802e-02
   3.2750000e+00   1.8131925e-02   1.8105163e-02   1.8156090e-02
   3.2850000e+00   1.7661512e-02   1.7636107e-02   1.7684497e-02
   3.2950000e+00   1.7234457e-02   1.7210269e-02   1.7256384e-02
   3.3050000e+00   1.6850939e-02   1.6827845e-02   1.6871916e-02
   3.3150000e+00   1.6511289e-02   1.6489165e-02   1.6531423e-02
   3.3250000e+00   1.6181022e-02   1.6159841e-02   1.6200338e-02
   3.3350000e+00   1.5862801e-02   1.5842523e-02   1.5881333e-02
   3.3450000e+00   1.5549419e-02   1.5530032e-02   1.5567176e-02
   3.3550000e+00   1.5248577e-02   1.5230041e-02   1.5265596e-02
   3.3650000e+00   1.4951569e-02   1.4933877e-02   1.4967857e-02
   3.3750000e+00   1.4674077e-02   1.4657170e-02   1.4689687e-02
   3.3850000e+00   1.4402993e-02   1.4386860e-02   1.4417940e-02
   3.3950000e+00   1.4151059e-02   1.4135657e-02   1.4165386e-02
   3.4050000e+00   1.3917631e-02   1.3902929e-02   1.3931379e-02
   3.4150000e+00   1.3690967e-02   1.3676993e-02   1.3704135e-02
   3.4250000e+00   1.3486403e-02   1.3473161e-02   1.3499021e-02
   3.4350000e+00   1.3283115e-02   1.3270755e-02   1.3295129e-02
   3.4450000e+00   1.3096519e-02   1.3085169e-02   1.3107898e-02
   3.4550000e+00   1.2912811e-02   1.2902840e-02   1.2923406e-02
   3.4650000e+00   1.2739292e-02   1.2731181e-02   1.2748902e-02
   3.4750000e+00   1.2575961e-02   1.2570375e-02   1.2584286e-02
   3.4850000e+00   1.2415717e-02   1.2413936e-02   1.2422147e-02
   3.4950000e+00   1.2268638e-02   1.2271417e-02   1.2272771e-02
   3.5050000e+00   1.2124173e-02   1.2133635e-02   1.2124904e-02
   3.5150000e+00   1.1992139e-02   1.2010132e-02   1.1988436e-02
   3.5250000e+00   1.1869890e-02   1.1898740e-02   1.1860401e-02
   3.5350000e+00   1.1754153e-02   1.1797860e-02   1.1736538e-02
   3.5450000e+00   1.1651427e-02   1.1710893e-02   1.1624941e-02
   3.5550000e+00   1.1555850e-02   1.1635941e-02   1.1517463e-02
   3.5650000e+00   1.1473364e-02   1.1574163e-02   1.1422739e-02
   3.5750000e+00   1.1399553e-02   1.1520755e-02   1.1336599e-02
   3.5850000e+00   1.1332601e-02   1.1478252e-02   1.1254629e-02
   3.5950000e+00   1.1274490e-02   1.1449470e-02   1.1178123e-02
   3.6050000e+00   1.1227345e-02   1.1437468e-02   1.1108526e-02
   3.6150000e+00   1.1194699e-02   1.1447394e-02   1.1048159e-02
   3.6250000e+00   1.1176515e-02   1.1476552e-02   1.0998476e-02
   3.6350000e+00   1.1134262e-02   1.1452052e-02   1.0944238e-02
   3.6450000e+00   1.1094863e-02   1.1431690e-02   1.0891876e-02
   3.6550000e+00   1.1057364e-02   1.1413610e-02   1.0840992e-02
   3.6650000e+00   1.1023299e-02   1.1400921e-02   1.0792288e-02
   3.6750000e+00   1.0991789e-02   1.1391242e-02   1.0745539e-02
   3.6850000e+00   1.0963922e-02   1.1386930e-02   1.0701211e-02
   3.6950000e+00   1.0939104e-02   1.1386799e-02   1.0659088e-02
   3.7050000e+00   1.0918474e-02   1.1392214e-02   1.0619930e-02
   3.7150000e+00   1.0901618e-02   1.1402821e-02   1.0583485e-02
   3.7250000e+00   1.0889615e-02   1.1420442e-02   1.0550354e-02
   3.7350000e+00   1.0858569e-02   1.1406879e-02   1.0506524e-02
   3.7450000e+00   1.0777614e-02   1.1315339e-02   1.0433020e-02
   3.7550000e+00   1.0696918e-02   1.1224203e-02   1.0359710e-02
   3.7650000e+00   1.0616949e-02   1.1133609e-02   1.0287048e-02
   3.7750000e+00   1.0537855e-02   1.1044521e-02   1.0214935e-02
   3.7850000e+00   1.0432883e-02   1.0910997e-02   1.0130204e-02
   3.7950000e+00   1.0332149e-02   1.0782801e-02   1.0048618e-02
   3.8050000e+00   1.0236715e-02   1.0662497e-02   9.9705090e-03
   3.8150000e+00   1.0144721e-02   1.0547027e-02   9.8948155e-03
   3.8250000e+00   1.0057095e-02   1.0437731e-02   9.8220412e-03
   3.8350000e+00   9.9720754e-03   1.0331999e-02   9.7511348e-03
   3.8450000e+00   9.8906002e-03   1.0231741e-02   9.6824840e-03
   3.8550000e+00   9.8127008e-03   1.0131194e-02   9.6199007e-03
   3.8650000e+00   9.7388404e-03   1.0035088e-02   9.5609561e-03
   3.8750000e+00   9.6692798e-03   9.9454550e-03   9.5047812e-03
   3.8850000e+00   9.6028787e-03   9.8604563e-03   9.4506879e-03
   3.8950000e+00   9.5397606e-03   9.7802850e-03   9.3987244e-03
   3.9050000e+00   9.4790904e-03   9.7037551e-03   9.3483649e-03
   3.9150000e+00   9.4210416e-03   9.6312950e-03   9.2996434e-03
   3.9250000e+00   9.3652050e-03   9.5621539e-03   9.2523340e-03
   3.9350000e+00   9.3110963e-03   9.4955858e-03   9.2061465e-03
   3.9450000e+00   9.2589459e-03   9.4320833e-03   9.1611675e-03
   3.9550000e+00   9.2082387e-03   9.3707916e-03   9.1170995e-03
   3.9650000e+00   9.1590569e-03   9.3118327e-03   9.0739841e-03
   3.9750000e+00   9.1155677e-03   9.2581855e-03   9.0367806e-03
   3.9850000e+00   9.0766532e-03   9.2093310e-03   9.0039796e-03
   3.9950000e+00   9.0392034e-03   9.1628045e-03   8.9720626e-03
   4.0050000e+00   9.0029322e-03   9.1181332e-03   8.9408685e-03
   4.0150000e+00   8.9678090e-03   9.0753155e-03   8.9103613e-03
   4.0250000e+00   8.9337027e-03   9.0341467e-03   8.8804582e-03
   4.0350000e+00   8.9004783e-03   8.9943884e-03   8.8510843e-03
   4.0450000e+00   8.8680814e-03   8.9559773e-03   8.8222017e-03
   4.0550000e+00   8.8363884e-03   8.9187370e-03   8.7937329e-03
   4.0650000e+00   8.8053687e-03   8.8826110e-03   8.7656581e-03
   4.0750000e+00   8.7749575e-03   8.8474863e-03   8.7379405e-03
   4.0850000e+00   8.7450557e-03   8.8132087e-03   8.7105228e-03
   4.0950000e+00   8.7156544e-03   8.7797723e-03   8.6833958e-03
   4.1050000e+00   8.6902805e-03   8.7505862e-03   8.6601561e-03
   4.1150000e+00   8.6676987e-03   8.7244129e-03   8.6395697e-03
   4.1250000e+00   8.6454997e-03   8.6988913e-03   8.6192027e-03
   4.1350000e+00   8.6236405e-03   8.6739593e-03   8.5990286e-03
   4.1450000e+00   8.6020988e-03   8.6495714e-03   8.5790361e-03
   4.1550000e+00   8.5808470e-03   8.6256771e-03   8.5592099e-03
   4.1650000e+00   8.5598510e-03   8.6022234e-03   8.5395305e-03
   4.1750000e+00   8.5390951e-03   8.5791871e-03   8.5199881e-03
   4.1850000e+00   8.5185628e-03   8.5565350e-03   8.5005742e-03
   4.1950000e+00   8.4982286e-03   8.5342195e-03   8.4812755e-03
   4.2050000e+00   8.4780812e-03   8.5122255e-03   8.4620852e-03
   4.2150000e+00   8.4581069e-03   8.4905360e-03   8.4429944e-03
   4.2250000e+00   8.4382942e-03   8.4691292e-03   8.4239971e-03
   4.2350000e+00   8.4186304e-03   8.4479782e-03   8.4050872e-03
   4.2450000e+00   8.4023856e-03   8.4295612e-03   8.3899512e-03
   4.2550000e+00   8.3886658e-03   8.4134142e-03   8.3774644e-03
   4.2650000e+00   8.3752927e-03   8.3978903e-03   8.3651703e-03
   4.2750000e+00   8.3622207e-03   8.3829064e-03   8.3530450e-03
   4.2850000e+00   8.3494128e-03   8.3683959e-03   8.3410692e-03
   4.2950000e+00   8.3368392e-03   8.3543073e-03   8.3292268e-03
   4.3050000e+00   8.3244742e-03   8.3405943e-03   8.3175044e-03
   4.3150000e+00   8.3122954e-03   8.3272143e-03   8.3058907e-03
   4.3250000e+00   8.3002827e-03   8.3141288e-03   8.2943757e-03
   4.3350000e+00   8.2884193e-03   8.3013062e-03   8.2829512e-03
   4.3450000e+00   8.2766914e-03   8.2887204e-03   8.2716100e-03
   4.3550000e+00   8.2709556e-03   8.2820365e-03   8.2663066e-03
   4.3650000e+00   8.2678964e-03   8.2780729e-03   8.2636579e-03
   4.3750000e+00   8.2649901e-03   8.2743740e-03   8.2611062e-03
   4.3850000e+00   8.2622215e-03   8.2709105e-03   8.2586442e-03
   4.3950000e+00   8.2679692e-03   8.2760577e-03   8.2646636e-03
   4.4050000e+00   8.2759137e-03   8.2834696e-03   8.2728500e-03
   4.4150000e+00   8.2839480e-03   8.2910278e-03   8.2810990e-03
   4.4250000e+00   8.2920655e-03   8.2987190e-03   8.2894077e-03
   4.4350000e+00   8.3002607e-03   8.3065316e-03   8.2977736e-03
   4.4450000e+00   8.3095345e-03   8.3154758e-03   8.3071953e-03
   4.4550000e+00   8.3279032e-03   8.3336634e-03   8.3256596e-03
   4.4650000e+00   8.3462948e-03   8.3518810e-03   8.3441434e-03
   4.4750000e+00   8.3647087e-03   8.3701278e-03   8.3626467e-03
   4.4850000e+00   8.3831446e-03   8.3884029e-03   8.3811690e-03
   4.4950000e+00   8.4016021e-03   8.4067057e-03   8.3997104e-03
   4.5050000e+00   8.4200809e-03   8.4250356e-03   8.4182705e-03
   4.5150000e+00   8.4422257e-03   8.4472727e-03   8.4403999e-03
   4.5250000e+00   8.4643965e-03   8.4695425e-03   8.4625524e-03
   4.5350000e+00   8.4865935e-03   8.4918456e-03   8.4847280e-03
   4.5450000e+00   8.5088169e-03   8.5141826e-03   8.5069268e-03
   4.5550000e+00   8.5300117e-03   8.5357180e-03   8.5279975e-03
   4.5650000e+00   8.5470570e-03   8.5532209e-03   8.5448605e-03
   4.5750000e+00   8.5602218e-03   8.5669168e-03   8.5578034e-03
   4.5850000e+00   8.5634415e-03   8.5708061e-03   8.5607235e-03
   4.5950000e+00   8.5567395e-03   8.5649372e-03   8.5536316e-03
   4.6050000e+00   8.5502013e-03   8.5593545e-03   8.5466437e-03
   4.6150000e+00   8.5438479e-03   8.5540992e-03   8.5397698e-03
   4.6250000e+00   8.5377050e-03   8.5492215e-03   8.5330224e-03
   4.6350000e+00   8.5318038e-03   8.5447820e-03   8.5264167e-03
   4.6450000e+00   8.5261826e-03   8.5408537e-03   8.5199718e-03
   4.6550000e+00   8.5208875e-03   8.5375231e-03   8.5137110e-03
   4.6650000e+00   8.5159749e-03   8.5348937e-03   8.5076631e-03
   4.6750000e+00   8.5115138e-03   8.5330913e-03   8.5018642e-03
   4.6850000e+00   8.5075898e-03   8.5322700e-03   8.4963591e-03
   4.6950000e+00   8.5043086e-03   8.5326173e-03   8.4912043e-03
   4.7050000e+00   8.5018010e-03   8.5343607e-03   8.4864710e-03
   4.7150000e+00   8.5002279e-03   8.5377743e-03   8.4822483e-03
   4.7250000e+00   8.4915493e-03   8.5331444e-03   8.4713791e-03
   4.7350000e+00   8.4778940e-03   8.5227182e-03   8.4559506e-03
   4.7450000e+00   8.4646052e-03   8.5129313e-03   8.4407269e-03
   4.7550000e+00   8.4517215e-03   8.5038460e-03   8.4257309e-03
   4.7650000e+00   8.4392821e-03   8.4955198e-03   8.4109866e-03
   4.7750000e+00   8.4273323e-03   8.4880239e-03   8.3965216e-03
   4.7850000e+00   8.4159210e-03   8.4814413e-03   8.3823637e-03
   4.7950000e+00   8.4051144e-03   8.4758793e-03   8.3685519e-03
   4.8050000e+00   8.3949789e-03   8.4714354e-03   8.3551276e-03
   4.8150000e+00   8.3855729e-03   8.4681897e-03   8.3421298e-03
   4.8250000e+00   8.3769767e-03   8.4662660e-03   8.3296084e-03
   4.8350000e+00   8.3692974e-03   8.4658444e-03   8.3176259e-03
   4.8450000e+00   8.3626442e-03   8.4671046e-03   8.3062470e-03
   4.8550000e+00   8.3571333e-03   8.4702084e-03   8.2955489e-03
   4.8650000e+00   8.3528893e-03   8.4753267e-03   8.2856148e-03
   4.8750000e+00   8.3500575e-03   8.4826718e-03   8.2765405e-03
   4.8850000e+00   8.3487874e-03   8.4924872e-03   8.2684172e-03
   4.8950000e+00   8.3493195e-03   8.5051299e-03   8.2613996e-03
   4.9050000e+00   8.3504594e-03   8.5186624e-03   8.2547399e-03
   4.9150000e+00   8.3400444e-03   8.5138372e-03   8.2407595e-03
   4.9250000e+00   8.3299652e-03   8.5094843e-03   8.2270059e-03
   4.9350000e+00   8.3202710e-03   8.5057372e-03   8.2134921e-03
   4.9450000e+00   8.3109927e-03   8.5026529e-03   8.2002359e-03
   4.9550000e+00   8.3021265e-03   8.5001832e-03   8.1872458e-03
   4.9650000e+00   8.2936838e-03   8.4983107e-03   8.1745395e-03
   4.9750000e+00   8.2856526e-03   8.4970331e-03   8.1621076e-03
   4.9850000e+00   8.2780432e-03   8.4964126e-03   8.1499449e-03
   4.9950000e+00   8.2709871e-03   8.4966356e-03   8.1381342e-03
