   3.0500000e-01   8.0308179e-01   8.0846878e-01   7.9738303e-01
   3.1500000e-01   8.0353514e-01   8.0890666e-01   7.9785622e-01
   3.2500000e-01   8.0410203e-01   8.0946989e-01   7.9842664e-01
   3.3500000e-01   8.0481948e-01   8.1016899e-01   7.9916179e-01
   3.4500000e-01   8.0555407e-01   8.1089349e-01   7.9990735e-01
   3.5500000e-01   8.0634493e-01   8.1165890e-01   8.0072550e-01
   3.6500000e-01   8.0743744e-01   8.1273428e-01   8.0183494e-01
   3.7500000e-01   8.0844968e-01   8.1371628e-01   8.0287954e-01
   3.8500000e-01   8.0953256e-01   8.1477208e-01   8.0399021e-01
   3.9500000e-01   8.1066862e-01   8.1588552e-01   8.0515027e-01
   4.0500000e-01   8.1192232e-01   8.1711343e-01   8.0643091e-01
   4.1500000e-01   8.1314762e-01   8.1831399e-01   8.0768273e-01
   4.2500000e-01   8.1449941e-01   8.1963501e-01   8.0906631e-01
   4.3500000e-01   8.1587308e-01   8.2097927e-01   8.1047021e-01
   4.4500000e-01   8.1722038e-01   8.2229295e-01   8.1185303e-01
   4.5500000e-01   8.1854824e-01   8.2359372e-01   8.1321014e-01
   4.6500000e-01   8.1992439e-01   8.2492870e-01   8.1462911e-01
   4.7500000e-01   8.2135507e-01   8.2633663e-01   8.1608360e-01
   4.8500000e-01   8.2282201e-01   8.2776702e-01   8.1758842e-01
   4.9500000e-01   8.2413404e-01   8.2905128e-01   8.1892978e-01
   5.0500000e-01   8.2546287e-01   8.3034324e-01   8.2029768e-01
   5.1500000e-01   8.2688870e-01   8.3173937e-01   8.2175356e-01
   5.2500000e-01   8.2824658e-01   8.3306582e-01   8.2314310e-01
   5.3500000e-01   8.2947189e-01   8.3425250e-01   8.2441298e-01
   5.4500000e-01   8.3072570e-01   8.3549187e-01   8.2568108e-01
   5.5500000e-01   8.3191873e-01   8.3664657e-01   8.2691508e-01
   5.6500000e-01   8.3331034e-01   8.3801751e-01   8.2832829e-01
   5.7500000e-01   8.3446498e-01   8.3913022e-01   8.2952626e-01
   5.8500000e-01   8.3570388e-01   8.4036129e-01   8.3077212e-01
   5.9500000e-01   8.3692110e-01   8.4154771e-01   8.3202325e-01
   6.0500000e-01   8.3790422e-01   8.4248475e-01   8.3305286e-01
   6.1500000e-01   8.3882338e-01   8.4340214e-01   8.3397537e-01
   6.2500000e-01   8.3978511e-01   8.4433251e-01   8.3496762e-01
   6.3500000e-01   8.4071345e-01   8.4523653e-01   8.3592418e-01
   6.4500000e-01   8.4141878e-01   8.4591773e-01   8.3665712e-01
   6.5500000e-01   8.4219434e-01   8.4667267e-01   8.3745007e-01
   6.6500000e-01   8.4299302e-01   8.4746141e-01   8.3825916e-01
   6.7500000e-01   8.4371021e-01   8.4817345e-01   8.3898339e-01
   6.8500000e-01   8.4459760e-01   8.4902423e-01   8.3990437e-01
   6.9500000e-01   8.4461520e-01   8.4904038e-01   8.3993159e-01
   7.0500000e-01   8.4497242e-01   8.4939386e-01   8.4028917e-01
   7.1500000e-01   8.4494970e-01   8.4939092e-01   8.4024477e-01
   7.2500000e-01   8.4535236e-01   8.4977646e-01   8.4066415e-01
   7.3500000e-01   8.4552485e-01   8.4993152e-01   8.4086040e-01
   7.4500000e-01   8.4501670e-01   8.4943976e-01   8.4033426e-01
   7.5500000e-01   8.4427037e-01   8.4870433e-01   8.3957223e-01
   7.6500000e-01   8.4303267e-01   8.4750327e-01   8.3829923e-01
   7.7500000e-01   8.4141844e-01   8.4594465e-01   8.3662572e-01
   7.8500000e-01   8.3975695e-01   8.4431277e-01   8.3492955e-01
   7.9500000e-01   8.3805686e-01   8.4267593e-01   8.3317044e-01
   8.0500000e-01   8.3697206e-01   8.4159190e-01   8.3208319e-01
   8.1500000e-01   8.3782765e-01   8.4244415e-01   8.3294043e-01
   8.2500000e-01   8.3818318e-01   8.4278606e-01   8.3330435e-01
   8.3500000e-01   8.3803477e-01   8.4258264e-01   8.3321863e-01
   8.4500000e-01   8.3609850e-01   8.4062689e-01   8.3129473e-01
   8.5500000e-01   8.3316059e-01   8.3790876e-01   8.2813059e-01
   8.6500000e-01   8.2823937e-01   8.3312594e-01   8.2306354e-01
   8.7500000e-01   8.2146255e-01   8.2651393e-01   8.1611414e-01
   8.8500000e-01   8.1474373e-01   8.1993478e-01   8.0923788e-01
   8.9500000e-01   8.1030238e-01   8.1555779e-01   8.0473791e-01
   9.0500000e-01   8.0802657e-01   8.1333325e-01   8.0242038e-01
   9.1500000e-01   8.0672831e-01   8.1212558e-01   8.0101043e-01
   9.2500000e-01   8.0386502e-01   8.0932774e-01   7.9808773e-01
   9.3500000e-01   8.0074931e-01   8.0625528e-01   7.9492257e-01
   9.4500000e-01   7.9666117e-01   8.0226170e-01   7.9074267e-01
   9.5500000e-01   7.8844276e-01   7.9426099e-01   7.8228050e-01
   9.6500000e-01   7.7514127e-01   7.8127728e-01   7.6866493e-01
   9.7500000e-01   7.6149555e-01   7.6791929e-01   7.5471283e-01
   9.8500000e-01   7.4800764e-01   7.5467738e-01   7.4095274e-01
   9.9500000e-01   7.3206828e-01   7.3906444e-01   7.2470087e-01
   1.0050000e+00   7.1452392e-01   7.2193416e-01   7.0669496e-01
   1.0150000e+00   6.9860800e-01   7.0638411e-01   6.9043143e-01
   1.0250000e+00   6.9192712e-01   6.9976522e-01   6.8366555e-01
   1.0350000e+00   6.9163012e-01   6.9956492e-01   6.8327120e-01
   1.0450000e+00   6.9595724e-01   7.0374568e-01   6.8776840e-01
   1.0550000e+00   7.0645115e-01   7.1400583e-01   6.9849311e-01
   1.0650000e+00   7.1709721e-01   7.2445029e-01   7.0933225e-01
   1.0750000e+00   7.2352247e-01   7.3076224e-01   7.1590350e-01
   1.0850000e+00   7.2768112e-01   7.3488556e-01   7.2008367e-01
   1.0950000e+00   7.2949999e-01   7.3665883e-01   7.2195068e-01
   1.1050000e+00   7.2969342e-01   7.3686023e-01   7.2212855e-01
   1.1150000e+00   7.2706078e-01   7.3426149e-01   7.1947944e-01
   1.1250000e+00   7.2105877e-01   7.2835217e-01   7.1336251e-01
   1.1350000e+00   7.1099829e-01   7.1851227e-01   7.0308694e-01
   1.1450000e+00   7.0620658e-01   7.1379335e-01   6.9820640e-01
   1.1550000e+00   6.8920701e-01   6.9711682e-01   6.8088377e-01
   1.1650000e+00   6.6145802e-01   6.6999429e-01   6.5249190e-01
   1.1750000e+00   6.3304823e-01   6.4195151e-01   6.2370313e-01
   1.1850000e+00   6.0749126e-01   6.1683033e-01   5.9770127e-01
   1.1950000e+00   5.8408388e-01   5.9372636e-01   5.7400414e-01
   1.2050000e+00   5.5484384e-01   5.6492816e-01   5.4431180e-01
   1.2150000e+00   5.2341520e-01   5.3377270e-01   5.1262593e-01
   1.2250000e+00   5.0427869e-01   5.1488088e-01   4.9325083e-01
   1.2350000e+00   4.9118338e-01   5.0183760e-01   4.8010437e-01
   1.2450000e+00   4.8155322e-01   4.9229341e-01   4.7039252e-01
   1.2550000e+00   4.7665417e-01   4.8745182e-01   4.6543819e-01
   1.2650000e+00   4.7407467e-01   4.8487410e-01   4.6285829e-01
   1.2750000e+00   4.7443740e-01   4.8522347e-01   4.6323915e-01
   1.2850000e+00   4.7787799e-01   4.8864596e-01   4.6669010e-01
   1.2950000e+00   4.7959818e-01   4.9035935e-01   4.6842145e-01
   1.3050000e+00   4.8125285e-01   4.9199846e-01   4.7009019e-01
   1.3150000e+00   4.8253020e-01   4.9328163e-01   4.7136120e-01
   1.3250000e+00   4.8314832e-01   4.9388754e-01   4.7199174e-01
   1.3350000e+00   4.8301630e-01   4.9375243e-01   4.7186030e-01
   1.3450000e+00   4.8046672e-01   4.9124115e-01   4.6927726e-01
   1.3550000e+00   4.7664780e-01   4.8743990e-01   4.6543634e-01
   1.3650000e+00   4.7283411e-01   4.8364272e-01   4.6160829e-01
   1.3750000e+00   4.6458598e-01   4.7543925e-01   4.5333161e-01
   1.3850000e+00   4.5241285e-01   4.6335011e-01   4.4106888e-01
   1.3950000e+00   4.3417656e-01   4.4516267e-01   4.2280302e-01
   1.4050000e+00   3.7107127e-01   3.8208383e-01   3.5973446e-01
   1.4150000e+00   2.8007059e-01   2.9052601e-01   2.6941268e-01
   1.4250000e+00   1.9818909e-01   2.0727574e-01   1.8902153e-01
   1.4350000e+00   1.4130047e-01   1.4886371e-01   1.3374789e-01
   1.4450000e+00   1.0511570e-01   1.1137157e-01   9.8919877e-02
   1.4550000e+00   7.6554321e-02   8.1528549e-02   7.1670549e-02
   1.4650000e+00   5.6560017e-02   6.0471087e-02   5.2750558e-02
   1.4750000e+00   4.3790543e-02   4.6926928e-02   4.0756441e-02
   1.4850000e+00   3.6927060e-02   3.9602212e-02   3.4351523e-02
   1.4950000e+00   3.4478131e-02   3.6979918e-02   3.2074141e-02
   1.5050000e+00   3.5788904e-02   3.8383445e-02   3.3292920e-02
   1.5150000e+00   3.7660350e-02   4.0387604e-02   3.5033182e-02
   1.5250000e+00   3.9588412e-02   4.2448011e-02   3.6829634e-02
   1.5350000e+00   4.2327992e-02   4.5370573e-02   3.9387618e-02
   1.5450000e+00   4.5732067e-02   4.8997039e-02   4.2570028e-02
   1.5550000e+00   4.9603941e-02   5.3109711e-02   4.6201316e-02
   1.5650000e+00   5.4113940e-02   5.7887859e-02   5.0442339e-02
   1.5750000e+00   5.9663808e-02   6.3759873e-02   5.5668623e-02
   1.5850000e+00   6.6176407e-02   7.0628709e-02   6.1821734e-02
   1.5950000e+00   7.1119024e-02   7.5826782e-02   6.6504912e-02
   1.6050000e+00   7.5935177e-02   8.0889636e-02   7.1071598e-02
   1.6150000e+00   8.0722156e-02   8.5908946e-02   7.5622445e-02
   1.6250000e+00   8.3680959e-02   8.9009382e-02   7.8436893e-02
   1.6350000e+00   8.6733610e-02   9.2208742e-02   8.1342012e-02
   1.6450000e+00   9.0084838e-02   9.5712539e-02   8.4535498e-02
   1.6550000e+00   9.3990181e-02   9.9796163e-02   8.8259515e-02
   1.6650000e+00   9.8577715e-02   1.0456677e-01   9.2657104e-02
   1.6750000e+00   1.0369118e-01   1.0990709e-01   9.7539783e-02
   1.6850000e+00   1.0869786e-01   1.1511338e-01   1.0234077e-01
   1.6950000e+00   1.1348875e-01   1.2007930e-01   1.0694828e-01
   1.7050000e+00   1.1844542e-01   1.2524772e-01   1.1169124e-01
   1.7150000e+00   1.2339781e-01   1.3037054e-01   1.1646339e-01
   1.7250000e+00   1.2856804e-01   1.3572632e-01   1.2144341e-01
   1.7350000e+00   1.3313029e-01   1.4045263e-01   1.2583301e-01
   1.7450000e+00   1.3660711e-01   1.4403191e-01   1.2920329e-01
   1.7550000e+00   1.4044659e-01   1.4801893e-01   1.3288906e-01
   1.7650000e+00   1.4370324e-01   1.5137207e-01   1.3604385e-01
   1.7750000e+00   1.4642723e-01   1.5418179e-01   1.3867875e-01
   1.7850000e+00   1.4912110e-01   1.5694372e-01   1.4130089e-01
   1.7950000e+00   1.5220813e-01   1.6015292e-01   1.4426107e-01
   1.8050000e+00   1.5545743e-01   1.6348965e-01   1.4741966e-01
   1.8150000e+00   1.5935864e-01   1.6751624e-01   1.5118825e-01
   1.8250000e+00   1.6331265e-01   1.7157630e-01   1.5503212e-01
   1.8350000e+00   1.6523679e-01   1.7354508e-01   1.5690643e-01
   1.8450000e+00   1.6398345e-01   1.7226475e-01   1.5568320e-01
   1.8550000e+00   1.5962568e-01   1.6776721e-01   1.5147060e-01
   1.8650000e+00   1.4734301e-01   1.5516081e-01   1.3953284e-01
   1.8750000e+00   1.2536696e-01   1.3242628e-01   1.1834387e-01
   1.8850000e+00   1.0317721e-01   1.0937905e-01   9.7041637e-02
   1.8950000e+00   7.9830914e-02   8.5002489e-02   7.4749948e-02
   1.9050000e+00   5.9998878e-02   6.4130974e-02   5.5968791e-02
   1.9150000e+00   4.1832392e-02   4.4868216e-02   3.8898798e-02
   1.9250000e+00   3.1306835e-02   3.3613532e-02   2.9095768e-02
   1.9350000e+00   2.3887433e-02   2.5616673e-02   2.2243901e-02
   1.9450000e+00   1.9593226e-02   2.0953071e-02   1.8310147e-02
   1.9550000e+00   1.7057205e-02   1.8181389e-02   1.6003052e-02
   1.9650000e+00   1.5542534e-02   1.6517229e-02   1.4632903e-02
   1.9750000e+00   1.4768038e-02   1.5663854e-02   1.3934452e-02
   1.9850000e+00   1.4395168e-02   1.5252773e-02   1.3598364e-02
   1.9950000e+00   1.4343565e-02   1.5197088e-02   1.3550687e-02
   2.0050000e+00   1.4483886e-02   1.5353691e-02   1.3675309e-02
   2.0150000e+00   1.4835799e-02   1.5744249e-02   1.3989989e-02
   2.0250000e+00   1.5278956e-02   1.6234909e-02   1.4387352e-02
   2.0350000e+00   1.5828576e-02   1.6841438e-02   1.4882016e-02
   2.0450000e+00   1.6612065e-02   1.7704621e-02   1.5588476e-02
   2.0550000e+00   1.7801741e-02   1.9009595e-02   1.6666315e-02
   2.0650000e+00   1.9333849e-02   2.0684615e-02   1.8059536e-02
   2.0750000e+00   2.1553805e-02   2.3101929e-02   2.0087171e-02
   2.0850000e+00   2.4404646e-02   2.6193541e-02   2.2702527e-02
   2.0950000e+00   2.8217981e-02   3.0307977e-02   2.6220172e-02
   2.1050000e+00   3.3374201e-02   3.5848453e-02   3.0997857e-02
   2.1150000e+00   3.8736291e-02   4.1585619e-02   3.5988666e-02
   2.1250000e+00   4.5887980e-02   4.9202594e-02   4.2677271e-02
   2.1350000e+00   5.3852001e-02   5.7656331e-02   5.0152940e-02
   2.1450000e+00   6.2068297e-02   6.6333464e-02   5.7905216e-02
   2.1550000e+00   7.0663645e-02   7.5387601e-02   6.6037675e-02
   2.1650000e+00   7.8990053e-02   8.4129549e-02   7.3942791e-02
   2.1750000e+00   8.7442526e-02   9.2991121e-02   8.1979234e-02
   2.1850000e+00   9.5208174e-02   1.0108752e-01   8.9405168e-02
   2.1950000e+00   1.0258090e-01   1.0878476e-01   9.6448446e-02
   2.2050000e+00   1.0880083e-01   1.1526382e-01   1.0240240e-01
   2.2150000e+00   1.1584372e-01   1.2256928e-01   1.0916855e-01
   2.2250000e+00   1.2187518e-01   1.2883331e-01   1.1496009e-01
   2.2350000e+00   1.2690392e-01   1.3404211e-01   1.1980594e-01
   2.2450000e+00   1.3019921e-01   1.3746331e-01   1.2297141e-01
   2.2550000e+00   1.2867137e-01   1.3587894e-01   1.2150343e-01
   2.2650000e+00   1.2556595e-01   1.3266703e-01   1.1850448e-01
   2.2750000e+00   1.1896965e-01   1.2581733e-01   1.1217260e-01
   2.2850000e+00   1.1132833e-01   1.1787946e-01   1.0483255e-01
   2.2950000e+00   1.0233678e-01   1.0852177e-01   9.6217809e-02
   2.3050000e+00   9.2813500e-02   9.8601723e-02   8.7106159e-02
   2.3150000e+00   8.4039068e-02   8.9403541e-02   7.8760932e-02
   2.3250000e+00   7.6259391e-02   8.1287405e-02   7.1326802e-02
   2.3350000e+00   6.9458721e-02   7.4142670e-02   6.4876410e-02
   2.3450000e+00   6.3663856e-02   6.8035230e-02   5.9395104e-02
   2.3550000e+00   5.8977110e-02   6.3092540e-02   5.4968227e-02
   2.3650000e+00   5.5500031e-02   5.9427868e-02   5.1677829e-02
   2.3750000e+00   5.2624169e-02   5.6372416e-02   4.8980340e-02
   2.3850000e+00   5.0547981e-02   5.4174825e-02   4.7026212e-02
   2.3950000e+00   4.8762273e-02   5.2283366e-02   4.5346108e-02
   2.4050000e+00   4.7208734e-02   5.0641809e-02   4.3880439e-02
   2.4150000e+00   4.5798941e-02   4.9135464e-02   4.2566472e-02
   2.4250000e+00   4.4592586e-02   4.7859962e-02   4.1429416e-02
   2.4350000e+00   4.3283121e-02   4.6470323e-02   4.0199158e-02
   2.4450000e+00   4.1893928e-02   4.4988786e-02   3.8901422e-02
   2.4550000e+00   4.0653503e-02   4.3682031e-02   3.7727426e-02
   2.4650000e+00   3.9367670e-02   4.2308689e-02   3.6528942e-02
   2.4750000e+00   3.8226516e-02   4.1092659e-02   3.5462091e-02
   2.4850000e+00   3.7144300e-02   3.9939286e-02   3.4450234e-02
   2.4950000e+00   3.6082646e-02   3.8808173e-02   3.3456754e-02
   2.5050000e+00   3.5352531e-02   3.8029081e-02   3.2775106e-02
   2.5150000e+00   3.4889747e-02   3.7542397e-02   3.2336816e-02
   2.5250000e+00   3.4607594e-02   3.7241290e-02   3.2072578e-02
   2.5350000e+00   3.4585398e-02   3.7224882e-02   3.2045841e-02
   2.5450000e+00   3.4478418e-02   3.7104275e-02   3.1950954e-02
   2.5550000e+00   3.4673996e-02   3.7308376e-02   3.2135706e-02
   2.5650000e+00   3.5142178e-02   3.7813369e-02   3.2568023e-02
   2.5750000e+00   3.5181922e-02   3.7863046e-02   3.2600537e-02
   2.5850000e+00   3.5113783e-02   3.7796271e-02   3.2529467e-02
   2.5950000e+00   3.4437377e-02   3.7064525e-02   3.1905452e-02
   2.6050000e+00   3.3269320e-02   3.5823712e-02   3.0810347e-02
   2.6150000e+00   3.1768948e-02   3.4227439e-02   2.9406513e-02
   2.6250000e+00   2.8804405e-02   3.1054487e-02   2.6645891e-02
   2.6350000e+00   2.5003724e-02   2.6979990e-02   2.3113478e-02
   2.6450000e+00   2.1962012e-02   2.3712199e-02   2.0292979e-02
   2.6550000e+00   1.9467623e-02   2.1024968e-02   1.7986620e-02
   2.6650000e+00   1.7419928e-02   1.8816936e-02   1.6094787e-02
   2.6750000e+00   1.5685234e-02   1.6942191e-02   1.4495830e-02
   2.6850000e+00   1.1215060e-02   1.2078339e-02   1.0405433e-02
   2.6950000e+00   8.6769598e-03   9.3014809e-03   8.0964396e-03
   2.7050000e+00   7.0804101e-03   7.5478478e-03   6.6496080e-03
   2.7150000e+00   5.9979107e-03   6.3563161e-03   5.6702710e-03
   2.7250000e+00   5.2184912e-03   5.4988960e-03   4.9641532e-03
   2.7350000e+00   3.8361203e-03   3.9504967e-03   3.7356955e-03
   2.7450000e+00   3.2622615e-03   3.3173091e-03   3.2150614e-03
   2.7550000e+00   2.9005543e-03   2.9308838e-03   2.8748660e-03
   2.7650000e+00   2.6127715e-03   2.6317168e-03   2.5967287e-03
   2.7750000e+00   2.3581847e-03   2.3714763e-03   2.3468215e-03
   2.7850000e+00   2.0689612e-03   2.0771716e-03   2.0617048e-03
   2.7950000e+00   1.7944630e-03   1.8008510e-03   1.7886317e-03
   2.8050000e+00   1.5538735e-03   1.5598477e-03   1.5483563e-03
   2.8150000e+00   1.3493984e-03   1.3554241e-03   1.3438185e-03
   2.8250000e+00   1.2023324e-03   1.2083187e-03   1.1967376e-03
   2.8350000e+00   1.1552040e-03   1.1609311e-03   1.1497894e-03
   2.8450000e+00   1.2757009e-03   1.2811811e-03   1.2704704e-03
   2.8550000e+00   1.6385061e-03   1.6440440e-03   1.6331932e-03
   2.8650000e+00   2.2794107e-03   2.2852540e-03   2.2737945e-03
   2.8750000e+00   3.4357829e-03   3.4419698e-03   3.4298397e-03
   2.8850000e+00   4.9522669e-03   4.9585596e-03   4.9462333e-03
   2.8950000e+00   6.9133290e-03   6.9193063e-03   6.9076168e-03
   2.9050000e+00   8.9489465e-03   8.9542094e-03   8.9439412e-03
   2.9150000e+00   1.1059749e-02   1.1064003e-02   1.1055735e-02
   2.9250000e+00   1.2750386e-02   1.2753492e-02   1.2747495e-02
   2.9350000e+00   1.4410335e-02   1.4412249e-02   1.4408610e-02
   2.9450000e+00   1.5508305e-02   1.5509262e-02   1.5507516e-02
   2.9550000e+00   1.6705274e-02   1.6705230e-02   1.6705464e-02
   2.9650000e+00   1.7980867e-02   1.7979780e-02   1.7982074e-02
   2.9750000e+00   1.9455227e-02   1.9452948e-02   1.9457601e-02
   2.9850000e+00   2.1016948e-02   2.1013385e-02   2.1020575e-02
   2.9950000e+00   2.2948863e-02   2.2943643e-02   2.2954108e-02
   3.0050000e+00   2.4956300e-02   2.4949290e-02   2.4963294e-02
   3.0150000e+00   2.7083017e-02   2.7073953e-02   2.7092018e-02
   3.0250000e+00   2.9257704e-02   2.9246409e-02   2.9268885e-02
   3.0350000e+00   3.1492578e-02   3.1478821e-02   3.1506163e-02
   3.0450000e+00   3.3715257e-02   3.3698812e-02   3.3731471e-02
   3.0550000e+00   3.6015361e-02   3.5995940e-02   3.6034485e-02
   3.0650000e+00   3.7019023e-02   3.6997616e-02   3.7040095e-02
   3.0750000e+00   3.7766562e-02   3.7743416e-02   3.7789344e-02
   3.0850000e+00   3.7411986e-02   3.7388325e-02   3.7435282e-02
   3.0950000e+00   3.7103640e-02   3.7079550e-02   3.7127366e-02
   3.1050000e+00   3.6162533e-02   3.6138895e-02   3.6185827e-02
   3.1150000e+00   3.5406262e-02   3.5382977e-02   3.5429219e-02
   3.1250000e+00   3.4849837e-02   3.4826840e-02   3.4872519e-02
   3.1350000e+00   3.4453543e-02   3.4430707e-02   3.4476074e-02
   3.1450000e+00   3.3992841e-02   3.3970282e-02   3.4015107e-02
   3.1550000e+00   3.3681200e-02   3.3658793e-02   3.3703320e-02
   3.1650000e+00   3.2989534e-02   3.2967733e-02   3.3011066e-02
   3.1750000e+00   3.2455507e-02   3.2434175e-02   3.2476586e-02
   3.1850000e+00   3.1478340e-02   3.1457991e-02   3.1498457e-02
   3.1950000e+00   3.0638877e-02   3.0619382e-02   3.0658159e-02
   3.2050000e+00   2.9577969e-02   2.9559578e-02   2.9596171e-02
   3.2150000e+00   2.8602189e-02   2.8584817e-02   2.8619394e-02
   3.2250000e+00   2.7740796e-02   2.7724315e-02   2.7757128e-02
   3.2350000e+00   2.6917802e-02   2.6902173e-02   2.6933299e-02
   3.2450000e+00   2.6250839e-02   2.6235895e-02   2.6265665e-02
   3.2550000e+00   2.5622086e-02   2.5607788e-02   2.5636279e-02
   3.2650000e+00   2.4916551e-02   2.4902979e-02   2.4930033e-02
   3.2750000e+00   2.4211193e-02   2.4198348e-02   2.4223963e-02
   3.2850000e+00   2.3599654e-02   2.3587430e-02   2.3611815e-02
   3.2950000e+00   2.3043796e-02   2.3032129e-02   2.3055410e-02
   3.3050000e+00   2.2544031e-02   2.2532866e-02   2.2555153e-02
   3.3150000e+00   2.2100973e-02   2.2090254e-02   2.2111657e-02
   3.3250000e+00   2.1669744e-02   2.1659459e-02   2.1680003e-02
   3.3350000e+00   2.1253859e-02   2.1243992e-02   2.1263710e-02
   3.3450000e+00   2.0843924e-02   2.0834468e-02   2.0853371e-02
   3.3550000e+00   2.0450045e-02   2.0440984e-02   2.0459106e-02
   3.3650000e+00   2.0060846e-02   2.0052175e-02   2.0069525e-02
   3.3750000e+00   1.9696918e-02   1.9688610e-02   1.9705242e-02
   3.3850000e+00   1.9341106e-02   1.9333154e-02   1.9349082e-02
   3.3950000e+00   1.9010171e-02   1.9002552e-02   1.9017822e-02
   3.4050000e+00   1.8703320e-02   1.8696014e-02   1.8710668e-02
   3.4150000e+00   1.8405141e-02   1.8398151e-02   1.8412187e-02
   3.4250000e+00   1.8135839e-02   1.8129152e-02   1.8142601e-02
   3.4350000e+00   1.7868008e-02   1.7861659e-02   1.7874461e-02
   3.4450000e+00   1.7621958e-02   1.7615971e-02   1.7628092e-02
   3.4550000e+00   1.7379455e-02   1.7373927e-02   1.7385201e-02
   3.4650000e+00   1.7150083e-02   1.7145145e-02   1.7155351e-02
   3.4750000e+00   1.6933788e-02   1.6929629e-02   1.6938438e-02
   3.4850000e+00   1.6720984e-02   1.6717987e-02   1.6724725e-02
   3.4950000e+00   1.6525144e-02   1.6523559e-02   1.6527783e-02
   3.5050000e+00   1.6331821e-02   1.6332334e-02   1.6332823e-02
   3.5150000e+00   1.6154057e-02   1.6157299e-02   1.6152912e-02
   3.5250000e+00   1.5988138e-02   1.5994934e-02   1.5984173e-02
   3.5350000e+00   1.5829021e-02   1.5840793e-02   1.5821065e-02
   3.5450000e+00   1.5686529e-02   1.5703711e-02   1.5674183e-02
   3.5550000e+00   1.5551218e-02   1.5575632e-02   1.5532944e-02
   3.5650000e+00   1.5432986e-02   1.5464810e-02   1.5408575e-02
   3.5750000e+00   1.5326180e-02   1.5365444e-02   1.5295551e-02
   3.5850000e+00   1.5226482e-02   1.5274785e-02   1.5188245e-02
   3.5950000e+00   1.5136040e-02   1.5195376e-02   1.5088434e-02
   3.6050000e+00   1.5057202e-02   1.5129959e-02   1.4998103e-02
   3.6150000e+00   1.4993799e-02   1.5083069e-02   1.4920442e-02
   3.6250000e+00   1.4946912e-02   1.5054874e-02   1.4857268e-02
   3.6350000e+00   1.4882294e-02   1.4997358e-02   1.4786417e-02
   3.6450000e+00   1.4820754e-02   1.4943490e-02   1.4718126e-02
   3.6550000e+00   1.4761448e-02   1.4892090e-02   1.4651825e-02
   3.6650000e+00   1.4705779e-02   1.4845072e-02   1.4588514e-02
   3.6750000e+00   1.4653102e-02   1.4801374e-02   1.4527848e-02
   3.6850000e+00   1.4604377e-02   1.4762346e-02   1.4470489e-02
   3.6950000e+00   1.4559106e-02   1.4727257e-02   1.4416131e-02
   3.7050000e+00   1.4518548e-02   1.4697578e-02   1.4365814e-02
   3.7150000e+00   1.4482250e-02   1.4672768e-02   1.4319186e-02
   3.7250000e+00   1.4451301e-02   1.4654209e-02   1.4277096e-02
   3.7350000e+00   1.4401071e-02   1.4611459e-02   1.4220076e-02
   3.7450000e+00   1.4298983e-02   1.4505038e-02   1.4121860e-02
   3.7550000e+00   1.4197164e-02   1.4398926e-02   1.4023889e-02
   3.7650000e+00   1.4096262e-02   1.4293757e-02   1.3926771e-02
   3.7750000e+00   1.3996246e-02   1.4189672e-02   1.3830379e-02
   3.7850000e+00   1.3871288e-02   1.4052876e-02   1.3716037e-02
   3.7950000e+00   1.3751199e-02   1.3921550e-02   1.3605956e-02
   3.8050000e+00   1.3636818e-02   1.3796997e-02   1.3500629e-02
   3.8150000e+00   1.3526257e-02   1.3676851e-02   1.3398580e-02
   3.8250000e+00   1.3420463e-02   1.3562306e-02   1.3300525e-02
   3.8350000e+00   1.3317601e-02   1.3451112e-02   1.3205004e-02
   3.8450000e+00   1.3218492e-02   1.3344431e-02   1.3112570e-02
   3.8550000e+00   1.3125944e-02   1.3242816e-02   1.3027986e-02
   3.8650000e+00   1.3038486e-02   1.3146509e-02   1.2948270e-02
   3.8750000e+00   1.2955639e-02   1.3055708e-02   1.2872362e-02
   3.8850000e+00   1.2876213e-02   1.2968958e-02   1.2799307e-02
   3.8950000e+00   1.2800326e-02   1.2886417e-02   1.2729178e-02
   3.9050000e+00   1.2727083e-02   1.2807015e-02   1.2661250e-02
   3.9150000e+00   1.2656606e-02   1.2730959e-02   1.2595577e-02
   3.9250000e+00   1.2588492e-02   1.2657736e-02   1.2531845e-02
   3.9350000e+00   1.2522237e-02   1.2586725e-02   1.2469652e-02
   3.9450000e+00   1.2458036e-02   1.2518214e-02   1.2409124e-02
   3.9550000e+00   1.2395365e-02   1.2451546e-02   1.2349848e-02
   3.9650000e+00   1.2334305e-02   1.2386827e-02   1.2291883e-02
   3.9750000e+00   1.2280993e-02   1.2329719e-02   1.2241776e-02
   3.9850000e+00   1.2233653e-02   1.2278681e-02   1.2197549e-02
   3.9950000e+00   1.2187838e-02   1.2229514e-02   1.2154546e-02
   4.0050000e+00   1.2143258e-02   1.2181853e-02   1.2112540e-02
   4.0150000e+00   1.2099866e-02   1.2135655e-02   1.2071486e-02
   4.0250000e+00   1.2057524e-02   1.2090754e-02   1.2031267e-02
   4.0350000e+00   1.2016095e-02   1.2046977e-02   1.1991780e-02
   4.0450000e+00   1.1975520e-02   1.2004255e-02   1.1952972e-02
   4.0550000e+00   1.1935664e-02   1.1962428e-02   1.1914737e-02
   4.0650000e+00   1.1896497e-02   1.1921457e-02   1.1877046e-02
   4.0750000e+00   1.1857953e-02   1.1881260e-02   1.1839850e-02
   4.0850000e+00   1.1819930e-02   1.1841710e-02   1.1803067e-02
   4.0950000e+00   1.1782415e-02   1.1802795e-02   1.1766686e-02
   4.1050000e+00   1.1750168e-02   1.1769234e-02   1.1735502e-02
   4.1150000e+00   1.1721544e-02   1.1739378e-02   1.1707870e-02
   4.1250000e+00   1.1693307e-02   1.1710009e-02   1.1680541e-02
   4.1350000e+00   1.1665411e-02   1.1681071e-02   1.1653480e-02
   4.1450000e+00   1.1637835e-02   1.1652535e-02   1.1626671e-02
   4.1550000e+00   1.1610553e-02   1.1624368e-02   1.1600091e-02
   4.1650000e+00   1.1583528e-02   1.1596524e-02   1.1573714e-02
   4.1750000e+00   1.1556744e-02   1.1568985e-02   1.1547527e-02
   4.1850000e+00   1.1530186e-02   1.1541730e-02   1.1521517e-02
   4.1950000e+00   1.1503828e-02   1.1514725e-02   1.1495666e-02
   4.2050000e+00   1.1477659e-02   1.1487957e-02   1.1469964e-02
   4.2150000e+00   1.1451663e-02   1.1461408e-02   1.1444399e-02
   4.2250000e+00   1.1425830e-02   1.1435064e-02   1.1418963e-02
   4.2350000e+00   1.1400147e-02   1.1408907e-02   1.1393646e-02
   4.2450000e+00   1.1379306e-02   1.1387371e-02   1.1373345e-02
   4.2550000e+00   1.1361935e-02   1.1369226e-02   1.1356573e-02
   4.2650000e+00   1.1344910e-02   1.1351522e-02   1.1340070e-02
   4.2750000e+00   1.1328184e-02   1.1334199e-02   1.1323802e-02
   4.2850000e+00   1.1311724e-02   1.1317213e-02   1.1307742e-02
   4.2950000e+00   1.1295498e-02   1.1300523e-02   1.1291867e-02
   4.3050000e+00   1.1279482e-02   1.1284099e-02   1.1276158e-02
   4.3150000e+00   1.1263654e-02   1.1267912e-02   1.1260599e-02
   4.3250000e+00   1.1247996e-02   1.1251935e-02   1.1245177e-02
   4.3350000e+00   1.1232491e-02   1.1236149e-02   1.1229880e-02
   4.3450000e+00   1.1217126e-02   1.1220536e-02   1.1214697e-02
   4.3550000e+00   1.1209805e-02   1.1212938e-02   1.1207580e-02
   4.3650000e+00   1.1206045e-02   1.1208915e-02   1.1204014e-02
   4.3750000e+00   1.1202445e-02   1.1205088e-02   1.1200581e-02
   4.3850000e+00   1.1198992e-02   1.1201437e-02   1.1197272e-02
   4.3950000e+00   1.1206893e-02   1.1209164e-02   1.1205301e-02
   4.4050000e+00   1.1217706e-02   1.1219823e-02   1.1216229e-02
   4.4150000e+00   1.1228617e-02   1.1230597e-02   1.1227242e-02
   4.4250000e+00   1.1239621e-02   1.1241478e-02   1.1238337e-02
   4.4350000e+00   1.1250712e-02   1.1252460e-02   1.1249509e-02
   4.4450000e+00   1.1263225e-02   1.1264879e-02   1.1262093e-02
   4.4550000e+00   1.1287849e-02   1.1289443e-02   1.1286764e-02
   4.4650000e+00   1.1312499e-02   1.1314036e-02   1.1311461e-02
   4.4750000e+00   1.1337175e-02   1.1338657e-02   1.1336182e-02
   4.4850000e+00   1.1361876e-02   1.1363305e-02   1.1360927e-02
   4.4950000e+00   1.1386603e-02   1.1387981e-02   1.1385696e-02
   4.5050000e+00   1.1411355e-02   1.1412683e-02   1.1410490e-02
   4.5150000e+00   1.1440923e-02   1.1442265e-02   1.1440056e-02
   4.5250000e+00   1.1470522e-02   1.1471879e-02   1.1469650e-02
   4.5350000e+00   1.1500151e-02   1.1501525e-02   1.1499274e-02
   4.5450000e+00   1.1529811e-02   1.1531204e-02   1.1528927e-02
   4.5550000e+00   1.1558015e-02   1.1559491e-02   1.1557078e-02
   4.5650000e+00   1.1580630e-02   1.1582226e-02   1.1579612e-02
   4.5750000e+00   1.1598032e-02   1.1599771e-02   1.1596912e-02
   4.5850000e+00   1.1602094e-02   1.1604024e-02   1.1600834e-02
   4.5950000e+00   1.1592838e-02   1.1595014e-02   1.1591392e-02
   4.6050000e+00   1.1583754e-02   1.1586214e-02   1.1582093e-02
   4.6150000e+00   1.1574861e-02   1.1577649e-02   1.1572952e-02
   4.6250000e+00   1.1566183e-02   1.1569352e-02   1.1563984e-02
   4.6350000e+00   1.1557750e-02   1.1561363e-02   1.1555214e-02
   4.6450000e+00   1.1549599e-02   1.1553730e-02   1.1546666e-02
   4.6550000e+00   1.1541773e-02   1.1546511e-02   1.1538374e-02
   4.6650000e+00   1.1534327e-02   1.1539778e-02   1.1530380e-02
   4.6750000e+00   1.1527328e-02   1.1533618e-02   1.1522732e-02
   4.6850000e+00   1.1520861e-02   1.1528140e-02   1.1515495e-02
   4.6950000e+00   1.1515029e-02   1.1523477e-02   1.1508748e-02
   4.7050000e+00   1.1509962e-02   1.1519798e-02   1.1502591e-02
   4.7150000e+00   1.1505823e-02   1.1517305e-02   1.1497149e-02
   4.7250000e+00   1.1492553e-02   1.1505393e-02   1.1482795e-02
   4.7350000e+00   1.1472959e-02   1.1486895e-02   1.1462321e-02
   4.7450000e+00   1.1453732e-02   1.1468862e-02   1.1442132e-02
   4.7550000e+00   1.1434912e-02   1.1451346e-02   1.1422260e-02
   4.7650000e+00   1.1416541e-02   1.1434395e-02   1.1402738e-02
   4.7750000e+00   1.1398667e-02   1.1418069e-02   1.1383606e-02
   4.7850000e+00   1.1381339e-02   1.1402429e-02   1.1364902e-02
   4.7950000e+00   1.1364626e-02   1.1387561e-02   1.1346680e-02
   4.8050000e+00   1.1348598e-02   1.1373551e-02   1.1328998e-02
   4.8150000e+00   1.1333322e-02   1.1360473e-02   1.1311910e-02
   4.8250000e+00   1.1318881e-02   1.1348432e-02   1.1295486e-02
   4.8350000e+00   1.1305386e-02   1.1337565e-02   1.1279812e-02
   4.8450000e+00   1.1292951e-02   1.1328012e-02   1.1264979e-02
   4.8550000e+00   1.1281703e-02   1.1319923e-02   1.1251094e-02
   4.8650000e+00   1.1271781e-02   1.1313460e-02   1.1238272e-02
   4.8750000e+00   1.1263343e-02   1.1308811e-02   1.1226645e-02
   4.8850000e+00   1.1256546e-02   1.1306168e-02   1.1216341e-02
   4.8950000e+00   1.1251651e-02   1.1305841e-02   1.1207574e-02
   4.9050000e+00   1.1247395e-02   1.1306297e-02   1.1199308e-02
   4.9150000e+00   1.1230841e-02   1.1291894e-02   1.1180914e-02
   4.9250000e+00   1.1214658e-02   1.1277925e-02   1.1162831e-02
   4.9350000e+00   1.1198883e-02   1.1264451e-02   1.1145081e-02
   4.9450000e+00   1.1183547e-02   1.1251511e-02   1.1127687e-02
   4.9550000e+00   1.1168657e-02   1.1239103e-02   1.1110661e-02
   4.9650000e+00   1.1154233e-02   1.1227243e-02   1.1094027e-02
   4.9750000e+00   1.1140262e-02   1.1215915e-02   1.1077771e-02
   4.9850000e+00   1.1126742e-02   1.1205131e-02   1.1061887e-02
   4.9950000e+00   1.1113816e-02   1.1195060e-02   1.1046491e-02
