   3.0500000e-01   8.5126956e-01   8.7810973e-01   8.1982179e-01
   3.1500000e-01   8.5115316e-01   8.7802872e-01   8.1957647e-01
   3.2500000e-01   8.5090368e-01   8.7787788e-01   8.1926444e-01
   3.3500000e-01   8.5077803e-01   8.7784577e-01   8.1903700e-01
   3.4500000e-01   8.5062995e-01   8.7776939e-01   8.1883180e-01
   3.5500000e-01   8.5058065e-01   8.7776382e-01   8.1871974e-01
   3.6500000e-01   8.5064625e-01   8.7790503e-01   8.1872226e-01
   3.7500000e-01   8.5073173e-01   8.7802431e-01   8.1876242e-01
   3.8500000e-01   8.5081554e-01   8.7814383e-01   8.1881302e-01
   3.9500000e-01   8.5088094e-01   8.7826601e-01   8.1882793e-01
   4.0500000e-01   8.5108229e-01   8.7848043e-01   8.1900548e-01
   4.1500000e-01   8.5119059e-01   8.7863891e-01   8.1908130e-01
   4.2500000e-01   8.5141957e-01   8.7890392e-01   8.1927038e-01
   4.3500000e-01   8.5165300e-01   8.7916520e-01   8.1948744e-01
   4.4500000e-01   8.5188562e-01   8.7942050e-01   8.1968249e-01
   4.5500000e-01   8.5207333e-01   8.7962481e-01   8.1987358e-01
   4.6500000e-01   8.5234837e-01   8.7991298e-01   8.2010099e-01
   4.7500000e-01   8.5257014e-01   8.8016099e-01   8.2031496e-01
   4.8500000e-01   8.5285379e-01   8.8048300e-01   8.2055250e-01
   4.9500000e-01   8.5299246e-01   8.8064236e-01   8.2068541e-01
   5.0500000e-01   8.5322009e-01   8.8085956e-01   8.2092342e-01
   5.1500000e-01   8.5343382e-01   8.8110933e-01   8.2109415e-01
   5.2500000e-01   8.5360656e-01   8.8130668e-01   8.2124796e-01
   5.3500000e-01   8.5383270e-01   8.8148698e-01   8.2145705e-01
   5.4500000e-01   8.5382160e-01   8.8151652e-01   8.2148869e-01
   5.5500000e-01   8.5393143e-01   8.8163136e-01   8.2157033e-01
   5.6500000e-01   8.5409594e-01   8.8183637e-01   8.2169506e-01
   5.7500000e-01   8.5419593e-01   8.8193688e-01   8.2177700e-01
   5.8500000e-01   8.5413902e-01   8.8194744e-01   8.2170570e-01
   5.9500000e-01   8.5433676e-01   8.8211113e-01   8.2190203e-01
   6.0500000e-01   8.5425168e-01   8.8206923e-01   8.2179164e-01
   6.1500000e-01   8.5401476e-01   8.8178864e-01   8.2157179e-01
   6.2500000e-01   8.5379653e-01   8.8167287e-01   8.2132834e-01
   6.3500000e-01   8.5371295e-01   8.8158394e-01   8.2115406e-01
   6.4500000e-01   8.5349297e-01   8.8129137e-01   8.2097477e-01
   6.5500000e-01   8.5313920e-01   8.8094488e-01   8.2065713e-01
   6.6500000e-01   8.5273117e-01   8.8065572e-01   8.2018230e-01
   6.7500000e-01   8.5241510e-01   8.8033730e-01   8.1986014e-01
   6.8500000e-01   8.5224155e-01   8.8026909e-01   8.1955122e-01
   6.9500000e-01   8.5146500e-01   8.7935108e-01   8.1884414e-01
   7.0500000e-01   8.5054704e-01   8.7858586e-01   8.1780678e-01
   7.1500000e-01   8.4930178e-01   8.7739526e-01   8.1657735e-01
   7.2500000e-01   8.4872827e-01   8.7688137e-01   8.1594864e-01
   7.3500000e-01   8.4811309e-01   8.7625844e-01   8.1519852e-01
   7.4500000e-01   8.4644200e-01   8.7465723e-01   8.1355720e-01
   7.5500000e-01   8.4455397e-01   8.7285142e-01   8.1155151e-01
   7.6500000e-01   8.4215269e-01   8.7051773e-01   8.0904202e-01
   7.7500000e-01   8.3911145e-01   8.6766105e-01   8.0587076e-01
   7.8500000e-01   8.3619925e-01   8.6490608e-01   8.0280417e-01
   7.9500000e-01   8.3344939e-01   8.6214972e-01   7.9998012e-01
   8.0500000e-01   8.3148864e-01   8.6024196e-01   7.9806472e-01
   8.1500000e-01   8.3151752e-01   8.6038923e-01   7.9792124e-01
   8.2500000e-01   8.3115715e-01   8.6005761e-01   7.9763033e-01
   8.3500000e-01   8.3075002e-01   8.5957996e-01   7.9720819e-01
   8.4500000e-01   8.2813015e-01   8.5696884e-01   7.9445926e-01
   8.5500000e-01   8.2286339e-01   8.5218783e-01   7.8894198e-01
   8.6500000e-01   8.1619879e-01   8.4580983e-01   7.8204266e-01
   8.7500000e-01   8.0716996e-01   8.3733743e-01   7.7248408e-01
   8.8500000e-01   7.9812719e-01   8.2890247e-01   7.6287113e-01
   8.9500000e-01   7.9265041e-01   8.2358126e-01   7.5718836e-01
   9.0500000e-01   7.8972703e-01   8.2064313e-01   7.5414411e-01
   9.1500000e-01   7.8664020e-01   8.1810043e-01   7.5076263e-01
   9.2500000e-01   7.8292690e-01   8.1449603e-01   7.4688797e-01
   9.3500000e-01   7.7862923e-01   8.1053178e-01   7.4222026e-01
   9.4500000e-01   7.7341977e-01   8.0552174e-01   7.3682906e-01
   9.5500000e-01   7.6221200e-01   7.9520048e-01   7.2493341e-01
   9.6500000e-01   7.4530275e-01   7.7945045e-01   7.0682053e-01
   9.7500000e-01   7.2781780e-01   7.6324283e-01   6.8818222e-01
   9.8500000e-01   7.1041836e-01   7.4733458e-01   6.6948321e-01
   9.9500000e-01   6.9089683e-01   7.2905336e-01   6.4860770e-01
   1.0050000e+00   6.6753449e-01   7.0795897e-01   6.2347430e-01
   1.0150000e+00   6.4801130e-01   6.8977981e-01   6.0274067e-01
   1.0250000e+00   6.3959126e-01   6.8206061e-01   5.9362747e-01
   1.0350000e+00   6.3846751e-01   6.8117070e-01   5.9243749e-01
   1.0450000e+00   6.4444429e-01   6.8647276e-01   5.9880850e-01
   1.0550000e+00   6.5695824e-01   6.9819740e-01   6.1201994e-01
   1.0650000e+00   6.6962663e-01   7.0995082e-01   6.2568402e-01
   1.0750000e+00   6.7810524e-01   7.1741953e-01   6.3481166e-01
   1.0850000e+00   6.8207118e-01   7.2145658e-01   6.3894163e-01
   1.0950000e+00   6.8439532e-01   7.2349611e-01   6.4147468e-01
   1.1050000e+00   6.8437579e-01   7.2341937e-01   6.4166702e-01
   1.1150000e+00   6.8158178e-01   7.2066152e-01   6.3853322e-01
   1.1250000e+00   6.7359803e-01   7.1353655e-01   6.2985068e-01
   1.1350000e+00   6.6136757e-01   7.0209848e-01   6.1699028e-01
   1.1450000e+00   6.5511556e-01   6.9650858e-01   6.1013968e-01
   1.1550000e+00   6.3486137e-01   6.7752890e-01   5.8864966e-01
   1.1650000e+00   6.0020256e-01   6.4581709e-01   5.5153277e-01
   1.1750000e+00   5.6735489e-01   6.1502947e-01   5.1688824e-01
   1.1850000e+00   5.3731636e-01   5.8689925e-01   4.8539349e-01
   1.1950000e+00   5.1115379e-01   5.6194236e-01   4.5828856e-01
   1.2050000e+00   4.7768007e-01   5.3016089e-01   4.2395522e-01
   1.2150000e+00   4.4410635e-01   4.9742176e-01   3.8997115e-01
   1.2250000e+00   4.2299424e-01   4.7695854e-01   3.6876020e-01
   1.2350000e+00   4.0912070e-01   4.6342173e-01   3.5489746e-01
   1.2450000e+00   3.9897590e-01   4.5335659e-01   3.4488191e-01
   1.2550000e+00   3.9347919e-01   4.4808944e-01   3.3935629e-01
   1.2650000e+00   3.9096632e-01   4.4549592e-01   3.3693769e-01
   1.2750000e+00   3.9164759e-01   4.4599536e-01   3.3770241e-01
   1.2850000e+00   3.9478676e-01   4.4937208e-01   3.4061479e-01
   1.2950000e+00   3.9679712e-01   4.5122022e-01   3.4266373e-01
   1.3050000e+00   3.9865207e-01   4.5294266e-01   3.4464092e-01
   1.3150000e+00   3.9977785e-01   4.5416665e-01   3.4560057e-01
   1.3250000e+00   4.0047110e-01   4.5480858e-01   3.4638260e-01
   1.3350000e+00   4.0027536e-01   4.5464821e-01   3.4615530e-01
   1.3450000e+00   3.9741450e-01   4.5190309e-01   3.4316065e-01
   1.3550000e+00   3.9335269e-01   4.4789581e-01   3.3923248e-01
   1.3650000e+00   3.8926816e-01   4.4392640e-01   3.3517134e-01
   1.3750000e+00   3.8106736e-01   4.3561415e-01   3.2714523e-01
   1.3850000e+00   3.6805771e-01   4.2279088e-01   3.1443035e-01
   1.3950000e+00   3.4973458e-01   4.0431871e-01   2.9656694e-01
   1.4050000e+00   2.8756989e-01   3.4064339e-01   2.3746705e-01
   1.4150000e+00   2.0323534e-01   2.5074085e-01   1.6073065e-01
   1.4250000e+00   1.3350596e-01   1.7233149e-01   1.0087675e-01
   1.4350000e+00   8.9261217e-02   1.1957153e-01   6.5203245e-02
   1.4450000e+00   6.3358261e-02   8.7049608e-02   4.5442249e-02
   1.4550000e+00   4.4545182e-02   6.2251254e-02   3.1803719e-02
   1.4650000e+00   3.2412074e-02   4.5480400e-02   2.3474211e-02
   1.4750000e+00   2.5255427e-02   3.5137185e-02   1.8818913e-02
   1.4850000e+00   2.1690733e-02   2.9766590e-02   1.6613973e-02
   1.4950000e+00   2.0469598e-02   2.7885726e-02   1.5878501e-02
   1.5050000e+00   2.1115169e-02   2.8889671e-02   1.6259634e-02
   1.5150000e+00   2.2048402e-02   3.0327193e-02   1.6819559e-02
   1.5250000e+00   2.3030559e-02   3.1822300e-02   1.7418007e-02
   1.5350000e+00   2.4468617e-02   3.3976739e-02   1.8309572e-02
   1.5450000e+00   2.6271410e-02   3.6663237e-02   1.9441490e-02
   1.5550000e+00   2.8402162e-02   3.9774848e-02   2.0808002e-02
   1.5650000e+00   3.0958107e-02   4.3447940e-02   2.2480923e-02
   1.5750000e+00   3.4158680e-02   4.7996431e-02   2.4607382e-02
   1.5850000e+00   3.8045489e-02   5.3418247e-02   2.7250147e-02
   1.5950000e+00   4.1076709e-02   5.7586466e-02   2.9341382e-02
   1.6050000e+00   4.4076317e-02   6.1665605e-02   3.1439214e-02
   1.6150000e+00   4.7116709e-02   6.5764366e-02   3.3586140e-02
   1.6250000e+00   4.9012774e-02   6.8302469e-02   3.4933609e-02
   1.6350000e+00   5.1002963e-02   7.0938398e-02   3.6364211e-02
   1.6450000e+00   5.3156849e-02   7.3817303e-02   3.7905837e-02
   1.6550000e+00   5.5729066e-02   7.7202225e-02   3.9779976e-02
   1.6650000e+00   5.8863782e-02   8.1271735e-02   4.2075698e-02
   1.6750000e+00   6.2308037e-02   8.5732522e-02   4.4616560e-02
   1.6850000e+00   6.5749091e-02   9.0166716e-02   4.7170257e-02
   1.6950000e+00   6.9109331e-02   9.4456714e-02   4.9687910e-02
   1.7050000e+00   7.2562396e-02   9.8822215e-02   5.2305877e-02
   1.7150000e+00   7.6080254e-02   1.0327612e-01   5.4968776e-02
   1.7250000e+00   7.9849110e-02   1.0795804e-01   5.7863514e-02
   1.7350000e+00   8.3089444e-02   1.1201889e-01   6.0365995e-02
   1.7450000e+00   8.5722833e-02   1.1525182e-01   6.2396170e-02
   1.7550000e+00   8.8435649e-02   1.1863173e-01   6.4507489e-02
   1.7650000e+00   9.0884486e-02   1.2163195e-01   6.6418613e-02
   1.7750000e+00   9.2921019e-02   1.2412468e-01   6.8008606e-02
   1.7850000e+00   9.5034449e-02   1.2666895e-01   6.9677778e-02
   1.7950000e+00   9.7212503e-02   1.2936152e-01   7.1395998e-02
   1.8050000e+00   9.9760272e-02   1.3241205e-01   7.3422886e-02
   1.8150000e+00   1.0264204e-01   1.3592504e-01   7.5718591e-02
   1.8250000e+00   1.0573596e-01   1.3962635e-01   7.8181543e-02
   1.8350000e+00   1.0722016e-01   1.4141933e-01   7.9362411e-02
   1.8450000e+00   1.0623666e-01   1.4023488e-01   7.8586131e-02
   1.8550000e+00   1.0294311e-01   1.3627676e-01   7.5935037e-02
   1.8650000e+00   9.3467434e-02   1.2482988e-01   6.8432490e-02
   1.8750000e+00   7.7420576e-02   1.0498070e-01   5.5973459e-02
   1.8850000e+00   6.1890340e-02   8.5247391e-02   4.4251384e-02
   1.8950000e+00   4.6379220e-02   6.4884046e-02   3.2964072e-02
   1.9050000e+00   3.4185208e-02   4.8183710e-02   2.4479506e-02
   1.9150000e+00   2.3919014e-02   3.3426246e-02   1.7738797e-02
   1.9250000e+00   1.8556336e-02   2.5262522e-02   1.4460547e-02
   1.9350000e+00   1.5158663e-02   1.9778321e-02   1.2535307e-02
   1.9450000e+00   1.3392733e-02   1.6755286e-02   1.1608234e-02
   1.9550000e+00   1.2447989e-02   1.5048511e-02   1.1144169e-02
   1.9650000e+00   1.1924856e-02   1.4065094e-02   1.0897970e-02
   1.9750000e+00   1.1666401e-02   1.3571532e-02   1.0776297e-02
   1.9850000e+00   1.1540044e-02   1.3333844e-02   1.0713325e-02
   1.9950000e+00   1.1512738e-02   1.3294369e-02   1.0692806e-02
   2.0050000e+00   1.1542605e-02   1.3372517e-02   1.0695061e-02
   2.0150000e+00   1.1636883e-02   1.3581225e-02   1.0723570e-02
   2.0250000e+00   1.1764196e-02   1.3850307e-02   1.0767958e-02
   2.0350000e+00   1.1932221e-02   1.4192807e-02   1.0831842e-02
   2.0450000e+00   1.2182362e-02   1.4688277e-02   1.0934069e-02
   2.0550000e+00   1.2590768e-02   1.5464894e-02   1.1113516e-02
   2.0650000e+00   1.3150119e-02   1.6491053e-02   1.1374608e-02
   2.0750000e+00   1.4016944e-02   1.8022118e-02   1.1803572e-02
   2.0850000e+00   1.5206376e-02   2.0044922e-02   1.2426556e-02
   2.0950000e+00   1.6918029e-02   2.2843176e-02   1.3372449e-02
   2.1050000e+00   1.9384671e-02   2.6731490e-02   1.4808787e-02
   2.1150000e+00   2.2100768e-02   3.0878804e-02   1.6458428e-02
   2.1250000e+00   2.5932905e-02   3.6552735e-02   1.8883196e-02
   2.1350000e+00   3.0408912e-02   4.2999583e-02   2.1814929e-02
   2.1450000e+00   3.5252977e-02   4.9807474e-02   2.5082032e-02
   2.1550000e+00   4.0489676e-02   5.7022343e-02   2.8699544e-02
   2.1650000e+00   4.5737310e-02   6.4118590e-02   3.2401905e-02
   2.1750000e+00   5.1165783e-02   7.1361012e-02   3.6289978e-02
   2.1850000e+00   5.6385253e-02   7.8185356e-02   4.0103288e-02
   2.1950000e+00   6.1367432e-02   8.4643353e-02   4.3776693e-02
   2.2050000e+00   6.5629027e-02   9.0118211e-02   4.6964889e-02
   2.2150000e+00   7.0501088e-02   9.6368356e-02   5.0610234e-02
   2.2250000e+00   7.4790606e-02   1.0174938e-01   5.3899883e-02
   2.2350000e+00   7.8426394e-02   1.0631159e-01   5.6661040e-02
   2.2450000e+00   8.0794942e-02   1.0924842e-01   5.8504918e-02
   2.2550000e+00   7.9725790e-02   1.0790275e-01   5.7678005e-02
   2.2650000e+00   7.7360924e-02   1.0502445e-01   5.5837334e-02
   2.2750000e+00   7.2750504e-02   9.9192473e-02   5.2315071e-02
   2.2850000e+00   6.7318396e-02   9.2342887e-02   4.8189193e-02
   2.2950000e+00   6.1133116e-02   8.4404667e-02   4.3560473e-02
   2.3050000e+00   5.4729569e-02   7.6059218e-02   3.8833143e-02
   2.3150000e+00   4.8992636e-02   6.8515338e-02   3.4643552e-02
   2.3250000e+00   4.3850574e-02   6.1685312e-02   3.0953254e-02
   2.3350000e+00   3.9583474e-02   5.5913703e-02   2.7929245e-02
   2.3450000e+00   3.6005120e-02   5.1035340e-02   2.5418217e-02
   2.3550000e+00   3.3224738e-02   4.7147326e-02   2.3509522e-02
   2.3650000e+00   3.1084338e-02   4.4197444e-02   2.2037272e-02
   2.3750000e+00   2.9441058e-02   4.1871835e-02   2.0920124e-02
   2.3850000e+00   2.8230419e-02   4.0165585e-02   2.0096592e-02
   2.3950000e+00   2.7181272e-02   3.8694342e-02   1.9379766e-02
   2.4050000e+00   2.6267616e-02   3.7400582e-02   1.8763557e-02
   2.4150000e+00   2.5493568e-02   3.6292740e-02   1.8236189e-02
   2.4250000e+00   2.4791991e-02   3.5295175e-02   1.7760804e-02
   2.4350000e+00   2.4035553e-02   3.4220336e-02   1.7249496e-02
   2.4450000e+00   2.3260851e-02   3.3111942e-02   1.6727463e-02
   2.4550000e+00   2.2521905e-02   3.2062127e-02   1.6230301e-02
   2.4650000e+00   2.1832849e-02   3.1055884e-02   1.5770503e-02
   2.4750000e+00   2.1196995e-02   3.0142648e-02   1.5339609e-02
   2.4850000e+00   2.0590891e-02   2.9274464e-02   1.4928437e-02
   2.4950000e+00   2.0002500e-02   2.8419765e-02   1.4536861e-02
   2.5050000e+00   1.9587124e-02   2.7834023e-02   1.4246113e-02
   2.5150000e+00   1.9302421e-02   2.7440225e-02   1.4040507e-02
   2.5250000e+00   1.9124769e-02   2.7204709e-02   1.3901748e-02
   2.5350000e+00   1.9072117e-02   2.7160097e-02   1.3839477e-02
   2.5450000e+00   1.9007685e-02   2.7085969e-02   1.3772140e-02
   2.5550000e+00   1.9085524e-02   2.7233942e-02   1.3792006e-02
   2.5650000e+00   1.9295741e-02   2.7580361e-02   1.3895814e-02
   2.5750000e+00   1.9297972e-02   2.7601631e-02   1.3869152e-02
   2.5850000e+00   1.9187240e-02   2.7496735e-02   1.3760610e-02
   2.5950000e+00   1.8814122e-02   2.6975207e-02   1.3489343e-02
   2.6050000e+00   1.8151330e-02   2.6027759e-02   1.3031349e-02
   2.6150000e+00   1.7325952e-02   2.4828215e-02   1.2472181e-02
   2.6250000e+00   1.5735773e-02   2.2489706e-02   1.1429979e-02
   2.6350000e+00   1.3756154e-02   1.9528102e-02   1.0159728e-02
   2.6450000e+00   1.2211225e-02   1.7187200e-02   9.1767448e-03
   2.6550000e+00   1.0973948e-02   1.5293336e-02   8.3937796e-03
   2.6650000e+00   9.9642260e-03   1.3742778e-02   7.7532993e-03
   2.6750000e+00   9.1224625e-03   1.2443114e-02   7.2177761e-03
   2.6850000e+00   7.1798150e-03   9.2495801e-03   6.0902092e-03
   2.6950000e+00   6.1333139e-03   7.4935000e-03   5.4726903e-03
   2.7050000e+00   5.4773072e-03   6.4054671e-03   5.0587035e-03
   2.7150000e+00   5.0125308e-03   5.6653681e-03   4.7367700e-03
   2.7250000e+00   4.6480344e-03   5.1191134e-03   4.4601805e-03
   2.7350000e+00   4.1138973e-03   4.2550102e-03   4.0662199e-03
   2.7450000e+00   3.7579495e-03   3.8159566e-03   3.7373742e-03
   2.7550000e+00   3.4386912e-03   3.4711197e-03   3.4247476e-03
   2.7650000e+00   3.1352943e-03   3.1587064e-03   3.1231657e-03
   2.7750000e+00   2.8439784e-03   2.8639182e-03   2.8323115e-03
   2.7850000e+00   2.5054061e-03   2.5229148e-03   2.4939300e-03
   2.7950000e+00   2.1715699e-03   2.1885997e-03   2.1599697e-03
   2.8050000e+00   1.8747836e-03   1.8918268e-03   1.8630527e-03
   2.8150000e+00   1.6210205e-03   1.6382042e-03   1.6092019e-03
   2.8250000e+00   1.4382841e-03   1.4556626e-03   1.4263963e-03
   2.8350000e+00   1.3803294e-03   1.3977986e-03   1.3683427e-03
   2.8450000e+00   1.5300817e-03   1.5477104e-03   1.5178497e-03
   2.8550000e+00   1.9780632e-03   1.9963682e-03   1.9652778e-03
   2.8650000e+00   2.7685095e-03   2.7878365e-03   2.7550434e-03
   2.8750000e+00   4.1956143e-03   4.2156273e-03   4.1818428e-03
   2.8850000e+00   6.0670819e-03   6.0867085e-03   6.0538348e-03
   2.8950000e+00   8.4856148e-03   8.5032215e-03   8.4741007e-03
   2.9050000e+00   1.0992806e-02   1.1007060e-02   1.0983956e-02
   2.9150000e+00   1.3587792e-02   1.3597720e-02   1.3582293e-02
   2.9250000e+00   1.5664088e-02   1.5669408e-02   1.5662091e-02
   2.9350000e+00   1.7698809e-02   1.7699402e-02   1.7700393e-02
   2.9450000e+00   1.9043793e-02   1.9040672e-02   1.9048180e-02
   2.9550000e+00   2.0507484e-02   2.0500480e-02   2.0514805e-02
   2.9650000e+00   2.2064627e-02   2.2053586e-02   2.2074996e-02
   2.9750000e+00   2.3861164e-02   2.3845524e-02   2.3875005e-02
   2.9850000e+00   2.5760701e-02   2.5740145e-02   2.5778248e-02
   2.9950000e+00   2.8106030e-02   2.8079184e-02   2.8128312e-02
   3.0050000e+00   3.0537776e-02   3.0504186e-02   3.0565131e-02
   3.0150000e+00   3.3108972e-02   3.3067704e-02   3.3142097e-02
   3.0250000e+00   3.5732570e-02   3.5683014e-02   3.5771926e-02
   3.0350000e+00   3.8423261e-02   3.8364607e-02   3.8469461e-02
   3.0450000e+00   4.1094469e-02   4.1025902e-02   4.1148143e-02
   3.0550000e+00   4.3853271e-02   4.3773741e-02   4.3915227e-02
   3.0650000e+00   4.5060878e-02   4.4973922e-02   4.5128507e-02
   3.0750000e+00   4.5961757e-02   4.5868213e-02   4.6034456e-02
   3.0850000e+00   4.5546426e-02   4.5450714e-02   4.5620883e-02
   3.0950000e+00   4.5185004e-02   4.5087425e-02   4.5260996e-02
   3.1050000e+00   4.4065405e-02   4.3969234e-02   4.4140439e-02
   3.1150000e+00   4.3164966e-02   4.3069862e-02   4.3239292e-02
   3.1250000e+00   4.2501748e-02   4.2407529e-02   4.2575479e-02
   3.1350000e+00   4.2029561e-02   4.1935764e-02   4.2103046e-02
   3.1450000e+00   4.1479548e-02   4.1386616e-02   4.1552445e-02
   3.1550000e+00   4.1107646e-02   4.1015127e-02   4.1180295e-02
   3.1650000e+00   4.0279302e-02   4.0188909e-02   4.0350393e-02
   3.1750000e+00   3.9639300e-02   3.9550529e-02   3.9709212e-02
   3.1850000e+00   3.8466009e-02   3.8380844e-02   3.8533214e-02
   3.1950000e+00   3.7456912e-02   3.7374881e-02   3.7521763e-02
   3.2050000e+00   3.6179983e-02   3.6102080e-02   3.6241704e-02
   3.2150000e+00   3.5004076e-02   3.4929993e-02   3.5062899e-02
   3.2250000e+00   3.3964969e-02   3.3894250e-02   3.4021235e-02
   3.2350000e+00   3.2971179e-02   3.2903684e-02   3.3024993e-02
   3.2450000e+00   3.2165137e-02   3.2100237e-02   3.2216978e-02
   3.2550000e+00   3.1404676e-02   3.1342228e-02   3.1454652e-02
   3.2650000e+00   3.0550647e-02   3.0490965e-02   3.0598514e-02
   3.2750000e+00   2.9696091e-02   2.9639185e-02   2.9741842e-02
   3.2850000e+00   2.8954689e-02   2.8900161e-02   2.8998626e-02
   3.2950000e+00   2.8280375e-02   2.8227986e-02   2.8322680e-02
   3.3050000e+00   2.7673709e-02   2.7623246e-02   2.7714546e-02
   3.3150000e+00   2.7135557e-02   2.7086804e-02   2.7175092e-02
   3.3250000e+00   2.6611491e-02   2.6564404e-02   2.6649757e-02
   3.3350000e+00   2.6105823e-02   2.6060337e-02   2.6142868e-02
   3.3450000e+00   2.5607122e-02   2.5563221e-02   2.5642960e-02
   3.3550000e+00   2.5127733e-02   2.5085348e-02   2.5162414e-02
   3.3650000e+00   2.4653798e-02   2.4612916e-02   2.4687334e-02
   3.3750000e+00   2.4210452e-02   2.4170966e-02   2.4242924e-02
   3.3850000e+00   2.3776797e-02   2.3738675e-02   2.3808228e-02
   3.3950000e+00   2.3373288e-02   2.3336434e-02   2.3403754e-02
   3.4050000e+00   2.2998994e-02   2.2963311e-02   2.3028568e-02
   3.4150000e+00   2.2635114e-02   2.2600572e-02   2.2663819e-02
   3.4250000e+00   2.2306324e-02   2.2272811e-02   2.2334248e-02
   3.4350000e+00   2.1979127e-02   2.1946647e-02   2.2006271e-02
   3.4450000e+00   2.1678324e-02   2.1646796e-02   2.1704753e-02
   3.4550000e+00   2.1381505e-02   2.1350936e-02   2.1407225e-02
   3.4650000e+00   2.1100261e-02   2.1070630e-02   2.1125308e-02
   3.4750000e+00   2.0834339e-02   2.0805646e-02   2.0858745e-02
   3.4850000e+00   2.0571447e-02   2.0543789e-02   2.0595207e-02
   3.4950000e+00   2.0328322e-02   2.0301737e-02   2.0351473e-02
   3.5050000e+00   2.0085904e-02   2.0060641e-02   2.0108412e-02
   3.5150000e+00   1.9860066e-02   1.9836373e-02   1.9881928e-02
   3.5250000e+00   1.9645410e-02   1.9623692e-02   1.9666584e-02
   3.5350000e+00   1.9433334e-02   1.9414383e-02   1.9453690e-02
   3.5450000e+00   1.9239071e-02   1.9223305e-02   1.9258553e-02
   3.5550000e+00   1.9045494e-02   1.9034210e-02   1.9063850e-02
   3.5650000e+00   1.8870869e-02   1.8864518e-02   1.8888008e-02
   3.5750000e+00   1.8708940e-02   1.8707902e-02   1.8724769e-02
   3.5850000e+00   1.8547694e-02   1.8553473e-02   1.8561860e-02
   3.5950000e+00   1.8387315e-02   1.8401959e-02   1.8399318e-02
   3.6050000e+00   1.8228065e-02   1.8254284e-02   1.8237198e-02
   3.6150000e+00   1.8070344e-02   1.8111855e-02   1.8075589e-02
   3.6250000e+00   1.7918563e-02   1.7978828e-02   1.7918865e-02
   3.6350000e+00   1.7802669e-02   1.7870656e-02   1.7800777e-02
   3.6450000e+00   1.7687194e-02   1.7763646e-02   1.7682886e-02
   3.6550000e+00   1.7572177e-02   1.7657786e-02   1.7565206e-02
   3.6650000e+00   1.7457653e-02   1.7553285e-02   1.7447744e-02
   3.6750000e+00   1.7343679e-02   1.7450243e-02   1.7330516e-02
   3.6850000e+00   1.7230276e-02   1.7348772e-02   1.7213531e-02
   3.6950000e+00   1.7117530e-02   1.7248981e-02   1.7096815e-02
   3.7050000e+00   1.7005519e-02   1.7151235e-02   1.6980385e-02
   3.7150000e+00   1.6894288e-02   1.7055513e-02   1.6864262e-02
   3.7250000e+00   1.6783928e-02   1.6962119e-02   1.6748472e-02
   3.7350000e+00   1.6677249e-02   1.6866415e-02   1.6638138e-02
   3.7450000e+00   1.6577463e-02   1.6761154e-02   1.6539904e-02
   3.7550000e+00   1.6477845e-02   1.6656123e-02   1.6441795e-02
   3.7650000e+00   1.6378467e-02   1.6551621e-02   1.6343824e-02
   3.7750000e+00   1.6279269e-02   1.6447480e-02   1.6245978e-02
   3.7850000e+00   1.6195002e-02   1.6347838e-02   1.6166271e-02
   3.7950000e+00   1.6111549e-02   1.6250506e-02   1.6086824e-02
   3.8050000e+00   1.6028803e-02   1.6155348e-02   1.6007604e-02
   3.8150000e+00   1.5946668e-02   1.6061909e-02   1.5928592e-02
   3.8250000e+00   1.5865116e-02   1.5970286e-02   1.5849774e-02
   3.8350000e+00   1.5784045e-02   1.5880005e-02   1.5771130e-02
   3.8450000e+00   1.5703416e-02   1.5791080e-02   1.5692646e-02
   3.8550000e+00   1.5638130e-02   1.5716076e-02   1.5629877e-02
   3.8650000e+00   1.5577106e-02   1.5645919e-02   1.5571159e-02
   3.8750000e+00   1.5516570e-02   1.5577405e-02   1.5512586e-02
   3.8850000e+00   1.5456433e-02   1.5510176e-02   1.5454140e-02
   3.8950000e+00   1.5396665e-02   1.5444196e-02   1.5395812e-02
   3.9050000e+00   1.5337201e-02   1.5379195e-02   1.5337589e-02
   3.9150000e+00   1.5278016e-02   1.5315121e-02   1.5279465e-02
   3.9250000e+00   1.5219074e-02   1.5251854e-02   1.5221432e-02
   3.9350000e+00   1.5160345e-02   1.5189257e-02   1.5163485e-02
   3.9450000e+00   1.5101817e-02   1.5127321e-02   1.5105620e-02
   3.9550000e+00   1.5043461e-02   1.5065911e-02   1.5047832e-02
   3.9650000e+00   1.4985269e-02   1.5005023e-02   1.4990120e-02
   3.9750000e+00   1.4937020e-02   1.4954021e-02   1.4942369e-02
   3.9850000e+00   1.4895450e-02   1.4909831e-02   1.4901272e-02
   3.9950000e+00   1.4854014e-02   1.4866101e-02   1.4860230e-02
   4.0050000e+00   1.4812696e-02   1.4822761e-02   1.4819242e-02
   4.0150000e+00   1.4771487e-02   1.4779776e-02   1.4778304e-02
   4.0250000e+00   1.4730374e-02   1.4737102e-02   1.4737416e-02
   4.0350000e+00   1.4689353e-02   1.4694705e-02   1.4696577e-02
   4.0450000e+00   1.4648415e-02   1.4652562e-02   1.4655784e-02
   4.0550000e+00   1.4607554e-02   1.4610634e-02   1.4615038e-02
   4.0650000e+00   1.4566766e-02   1.4568910e-02   1.4574338e-02
   4.0750000e+00   1.4526047e-02   1.4527371e-02   1.4533682e-02
   4.0850000e+00   1.4485393e-02   1.4485992e-02   1.4493072e-02
   4.0950000e+00   1.4444801e-02   1.4444767e-02   1.4452505e-02
   4.1050000e+00   1.4410291e-02   1.4409669e-02   1.4418024e-02
   4.1150000e+00   1.4379847e-02   1.4378686e-02   1.4387606e-02
   4.1250000e+00   1.4349449e-02   1.4347817e-02   1.4357222e-02
   4.1350000e+00   1.4319096e-02   1.4317049e-02   1.4326872e-02
   4.1450000e+00   1.4288787e-02   1.4286378e-02   1.4296556e-02
   4.1550000e+00   1.4258520e-02   1.4255796e-02   1.4266273e-02
   4.1650000e+00   1.4228294e-02   1.4225296e-02   1.4236023e-02
   4.1750000e+00   1.4198107e-02   1.4194872e-02   1.4205807e-02
   4.1850000e+00   1.4167961e-02   1.4164522e-02   1.4175624e-02
   4.1950000e+00   1.4137852e-02   1.4134240e-02   1.4145475e-02
   4.2050000e+00   1.4107783e-02   1.4104023e-02   1.4115359e-02
   4.2150000e+00   1.4077750e-02   1.4073868e-02   1.4085276e-02
   4.2250000e+00   1.4047755e-02   1.4043772e-02   1.4055227e-02
   4.2350000e+00   1.4017796e-02   1.4013732e-02   1.4025211e-02
   4.2450000e+00   1.3994530e-02   1.3990282e-02   1.4001917e-02
   4.2550000e+00   1.3975763e-02   1.3971296e-02   1.3983137e-02
   4.2650000e+00   1.3957065e-02   1.3952423e-02   1.3964418e-02
   4.2750000e+00   1.3938432e-02   1.3933655e-02   1.3945760e-02
   4.2850000e+00   1.3919866e-02   1.3914983e-02   1.3927163e-02
   4.2950000e+00   1.3901363e-02   1.3896403e-02   1.3908626e-02
   4.3050000e+00   1.3882926e-02   1.3877910e-02   1.3890150e-02
   4.3150000e+00   1.3864551e-02   1.3859499e-02   1.3871736e-02
   4.3250000e+00   1.3846240e-02   1.3841167e-02   1.3853382e-02
   4.3350000e+00   1.3827992e-02   1.3822912e-02   1.3835089e-02
   4.3450000e+00   1.3809806e-02   1.3804732e-02   1.3816858e-02
   4.3550000e+00   1.3801589e-02   1.3796481e-02   1.3808624e-02
   4.3650000e+00   1.3797699e-02   1.3792548e-02   1.3804728e-02
   4.3750000e+00   1.3793893e-02   1.3788711e-02   1.3800915e-02
   4.3850000e+00   1.3790172e-02   1.3784967e-02   1.3797185e-02
   4.3950000e+00   1.3800343e-02   1.3795075e-02   1.3807387e-02
   4.4050000e+00   1.3814038e-02   1.3808700e-02   1.3821121e-02
   4.4150000e+00   1.3827801e-02   1.3822398e-02   1.3834923e-02
   4.4250000e+00   1.3841633e-02   1.3836169e-02   1.3848795e-02
   4.4350000e+00   1.3855533e-02   1.3850011e-02   1.3862734e-02
   4.4450000e+00   1.3871141e-02   1.3865558e-02   1.3878386e-02
   4.4550000e+00   1.3901550e-02   1.3895862e-02   1.3908879e-02
   4.4650000e+00   1.3931984e-02   1.3926192e-02   1.3939399e-02
   4.4750000e+00   1.3962445e-02   1.3956549e-02   1.3969945e-02
   4.4850000e+00   1.3992932e-02   1.3986931e-02   1.4000517e-02
   4.4950000e+00   1.4023444e-02   1.4017339e-02   1.4031116e-02
   4.5050000e+00   1.4053982e-02   1.4047772e-02   1.4061740e-02
   4.5150000e+00   1.4090276e-02   1.4083955e-02   1.4098135e-02
   4.5250000e+00   1.4126602e-02   1.4120170e-02   1.4134560e-02
   4.5350000e+00   1.4162958e-02   1.4156415e-02   1.4171018e-02
   4.5450000e+00   1.4199346e-02   1.4192691e-02   1.4207507e-02
   4.5550000e+00   1.4233769e-02   1.4227023e-02   1.4242022e-02
   4.5650000e+00   1.4261215e-02   1.4254413e-02   1.4269539e-02
   4.5750000e+00   1.4282177e-02   1.4275347e-02   1.4290553e-02
   4.5850000e+00   1.4286595e-02   1.4279809e-02   1.4294973e-02
   4.5950000e+00   1.4274469e-02   1.4267801e-02   1.4282797e-02
   4.6050000e+00   1.4262436e-02   1.4255897e-02   1.4270714e-02
   4.6150000e+00   1.4250496e-02   1.4244100e-02   1.4258722e-02
   4.6250000e+00   1.4238651e-02   1.4232414e-02   1.4246822e-02
   4.6350000e+00   1.4226899e-02   1.4220844e-02   1.4235014e-02
   4.6450000e+00   1.4215244e-02   1.4209397e-02   1.4223298e-02
   4.6550000e+00   1.4203685e-02   1.4198079e-02   1.4211674e-02
   4.6650000e+00   1.4192224e-02   1.4186902e-02   1.4200143e-02
   4.6750000e+00   1.4180864e-02   1.4175879e-02   1.4188705e-02
   4.6850000e+00   1.4169607e-02   1.4165025e-02   1.4177360e-02
   4.6950000e+00   1.4158456e-02   1.4154364e-02   1.4166109e-02
   4.7050000e+00   1.4147417e-02   1.4143923e-02   1.4154953e-02
   4.7150000e+00   1.4136496e-02   1.4133738e-02   1.4143892e-02
   4.7250000e+00   1.4115271e-02   1.4113195e-02   1.4122507e-02
   4.7350000e+00   1.4087152e-02   1.4085684e-02   1.4094221e-02
   4.7450000e+00   1.4059074e-02   1.4058275e-02   1.4065965e-02
   4.7550000e+00   1.4031041e-02   1.4030979e-02   1.4037741e-02
   4.7650000e+00   1.4003054e-02   1.4003808e-02   1.4009550e-02
   4.7750000e+00   1.3975117e-02   1.3976775e-02   1.3981390e-02
   4.7850000e+00   1.3947233e-02   1.3949893e-02   1.3953264e-02
   4.7950000e+00   1.3919404e-02   1.3923181e-02   1.3925171e-02
   4.8050000e+00   1.3891637e-02   1.3896659e-02   1.3897113e-02
   4.8150000e+00   1.3863935e-02   1.3870350e-02   1.3869089e-02
   4.8250000e+00   1.3836306e-02   1.3844280e-02   1.3841103e-02
   4.8350000e+00   1.3808756e-02   1.3818481e-02   1.3813154e-02
   4.8450000e+00   1.3781293e-02   1.3792985e-02   1.3785244e-02
   4.8550000e+00   1.3753929e-02   1.3767838e-02   1.3757375e-02
   4.8650000e+00   1.3726674e-02   1.3743085e-02   1.3729550e-02
   4.8750000e+00   1.3699545e-02   1.3718786e-02   1.3701770e-02
   4.8850000e+00   1.3672554e-02   1.3694991e-02   1.3674040e-02
   4.8950000e+00   1.3645726e-02   1.3671791e-02   1.3646364e-02
   4.9050000e+00   1.3618688e-02   1.3648626e-02   1.3618407e-02
   4.9150000e+00   1.3588218e-02   1.3620047e-02   1.3587439e-02
   4.9250000e+00   1.3557797e-02   1.3591611e-02   1.3556495e-02
   4.9350000e+00   1.3527424e-02   1.3563316e-02   1.3525573e-02
   4.9450000e+00   1.3497103e-02   1.3535172e-02   1.3494675e-02
   4.9550000e+00   1.3466835e-02   1.3507188e-02   1.3463801e-02
   4.9650000e+00   1.3436624e-02   1.3479379e-02   1.3432951e-02
   4.9750000e+00   1.3406472e-02   1.3451744e-02   1.3402126e-02
   4.9850000e+00   1.3376379e-02   1.3424278e-02   1.3371327e-02
   4.9950000e+00   1.3346353e-02   1.3397021e-02   1.3340555e-02
