   3.0500000e-01   8.9409293e-01   8.9814590e-01   8.8971729e-01
   3.1500000e-01   8.9438446e-01   8.9842953e-01   8.9001250e-01
   3.2500000e-01   8.9463836e-01   8.9868031e-01   8.9027058e-01
   3.3500000e-01   8.9499428e-01   8.9903280e-01   8.9062912e-01
   3.4500000e-01   8.9536338e-01   8.9939319e-01   8.9100735e-01
   3.5500000e-01   8.9581152e-01   8.9982895e-01   8.9146700e-01
   3.6500000e-01   8.9634707e-01   9.0035548e-01   8.9201205e-01
   3.7500000e-01   8.9691054e-01   9.0090415e-01   8.9258979e-01
   3.8500000e-01   8.9748946e-01   9.0146703e-01   8.9318530e-01
   3.9500000e-01   8.9807558e-01   9.0204019e-01   8.9378439e-01
   4.0500000e-01   8.9874192e-01   9.0268675e-01   8.9447081e-01
   4.1500000e-01   8.9937162e-01   9.0330185e-01   8.9511572e-01
   4.2500000e-01   9.0007314e-01   9.0398715e-01   8.9583359e-01
   4.3500000e-01   9.0077805e-01   9.0467418e-01   8.9655730e-01
   4.4500000e-01   9.0148447e-01   9.0536299e-01   8.9728093e-01
   4.5500000e-01   9.0216542e-01   9.0602471e-01   8.9798226e-01
   4.6500000e-01   9.0288907e-01   9.0673043e-01   8.9872279e-01
   4.7500000e-01   9.0357604e-01   9.0740006e-01   8.9942821e-01
   4.8500000e-01   9.0428464e-01   9.0809488e-01   9.0015041e-01
   4.9500000e-01   9.0490248e-01   9.0869630e-01   9.0078546e-01
   5.0500000e-01   9.0554636e-01   9.0932062e-01   9.0144946e-01
   5.1500000e-01   9.0616855e-01   9.0993048e-01   9.0208381e-01
   5.2500000e-01   9.0674353e-01   9.1049231e-01   9.0267237e-01
   5.3500000e-01   9.0731070e-01   9.1103985e-01   9.0325771e-01
   5.4500000e-01   9.0774478e-01   9.1146296e-01   9.0370582e-01
   5.5500000e-01   9.0821116e-01   9.1191844e-01   9.0418220e-01
   5.6500000e-01   9.0866995e-01   9.1236914e-01   9.0464917e-01
   5.7500000e-01   9.0907990e-01   9.1277002e-01   9.0506739e-01
   5.8500000e-01   9.0938540e-01   9.1307234e-01   9.0537760e-01
   5.9500000e-01   9.0978155e-01   9.1345515e-01   9.0578662e-01
   6.0500000e-01   9.0999073e-01   9.1366431e-01   9.0599584e-01
   6.1500000e-01   9.0982705e-01   9.1346613e-01   9.0586835e-01
   6.2500000e-01   9.0982406e-01   9.1350993e-01   9.0581994e-01
   6.3500000e-01   9.0984582e-01   9.1352749e-01   9.0584053e-01
   6.4500000e-01   9.0966947e-01   9.1334214e-01   9.0567254e-01
   6.5500000e-01   9.0916893e-01   9.1283622e-01   9.0518744e-01
   6.6500000e-01   9.0889617e-01   9.1260100e-01   9.0487622e-01
   6.7500000e-01   9.0870872e-01   9.1239733e-01   9.0470166e-01
   6.8500000e-01   9.0857056e-01   9.1229551e-01   9.0452076e-01
   6.9500000e-01   9.0757040e-01   9.1128427e-01   9.0352805e-01
   7.0500000e-01   9.0634050e-01   9.1012307e-01   9.0222990e-01
   7.1500000e-01   9.0468290e-01   9.0849825e-01   9.0054777e-01
   7.2500000e-01   9.0399806e-01   9.0785078e-01   8.9981742e-01
   7.3500000e-01   9.0318415e-01   9.0705461e-01   8.9897942e-01
   7.4500000e-01   9.0084821e-01   9.0477770e-01   8.9658904e-01
   7.5500000e-01   8.9828647e-01   9.0229296e-01   8.9394383e-01
   7.6500000e-01   8.9490460e-01   8.9901913e-01   8.9044965e-01
   7.7500000e-01   8.9093027e-01   8.9517072e-01   8.8634550e-01
   7.8500000e-01   8.8719753e-01   8.9154719e-01   8.8249675e-01
   7.9500000e-01   8.8352738e-01   8.8795953e-01   8.7873807e-01
   8.0500000e-01   8.8112672e-01   8.8561816e-01   8.7628324e-01
   8.1500000e-01   8.8116074e-01   8.8569529e-01   8.7626700e-01
   8.2500000e-01   8.8082472e-01   8.8535464e-01   8.7594023e-01
   8.3500000e-01   8.8045125e-01   8.8497821e-01   8.7556621e-01
   8.4500000e-01   8.7701134e-01   8.8163530e-01   8.7201556e-01
   8.5500000e-01   8.7065838e-01   8.7554300e-01   8.6540274e-01
   8.6500000e-01   8.6282313e-01   8.6791796e-01   8.5734950e-01
   8.7500000e-01   8.5238842e-01   8.5786901e-01   8.4650906e-01
   8.8500000e-01   8.4242154e-01   8.4823738e-01   8.3618931e-01
   8.9500000e-01   8.3658876e-01   8.4255352e-01   8.3019101e-01
   9.0500000e-01   8.3336760e-01   8.3939520e-01   8.2689551e-01
   9.1500000e-01   8.3029225e-01   8.3649387e-01   8.2365400e-01
   9.2500000e-01   8.2646142e-01   8.3275666e-01   8.1971847e-01
   9.3500000e-01   8.2210277e-01   8.2854748e-01   8.1519571e-01
   9.4500000e-01   8.1684337e-01   8.2341789e-01   8.0979959e-01
   9.5500000e-01   8.0571448e-01   8.1266029e-01   7.9829106e-01
   9.6500000e-01   7.8937214e-01   7.9680949e-01   7.8141858e-01
   9.7500000e-01   7.7290717e-01   7.8082102e-01   7.6445313e-01
   9.8500000e-01   7.5684504e-01   7.6526417e-01   7.4786137e-01
   9.9500000e-01   7.3897627e-01   7.4783154e-01   7.2951891e-01
   1.0050000e+00   7.1786142e-01   7.2737216e-01   7.0774348e-01
   1.0150000e+00   7.0023514e-01   7.1015629e-01   6.8968895e-01
   1.0250000e+00   6.9265202e-01   7.0277779e-01   6.8189087e-01
   1.0350000e+00   6.9167299e-01   7.0184916e-01   6.8086965e-01
   1.0450000e+00   6.9705272e-01   7.0705852e-01   6.8640842e-01
   1.0550000e+00   7.0839295e-01   7.1815737e-01   6.9799807e-01
   1.0650000e+00   7.1986001e-01   7.2933359e-01   7.0978111e-01
   1.0750000e+00   7.2750135e-01   7.3669726e-01   7.1769252e-01
   1.0850000e+00   7.3115599e-01   7.4033733e-01   7.2138084e-01
   1.0950000e+00   7.3327122e-01   7.4237048e-01   7.2357856e-01
   1.1050000e+00   7.3323578e-01   7.4231148e-01   7.2358165e-01
   1.1150000e+00   7.3071580e-01   7.3982841e-01   7.2099755e-01
   1.1250000e+00   7.2351137e-01   7.3287060e-01   7.1354382e-01
   1.1350000e+00   7.1242315e-01   7.2203170e-01   7.0220076e-01
   1.1450000e+00   7.0682427e-01   7.1661875e-01   6.9640835e-01
   1.1550000e+00   6.8850187e-01   6.9869140e-01   6.7766730e-01
   1.1650000e+00   6.5719964e-01   6.6821512e-01   6.4552494e-01
   1.1750000e+00   6.2725923e-01   6.3889382e-01   6.1494382e-01
   1.1850000e+00   5.9963211e-01   6.1183002e-01   5.8675144e-01
   1.1950000e+00   5.7529230e-01   5.8788990e-01   5.6200316e-01
   1.2050000e+00   5.4379758e-01   5.5693040e-01   5.3000059e-01
   1.2150000e+00   5.1167719e-01   5.2517622e-01   4.9751570e-01
   1.2250000e+00   4.9123916e-01   5.0499449e-01   4.7684477e-01
   1.2350000e+00   4.7769837e-01   4.9161451e-01   4.6315518e-01
   1.2450000e+00   4.6771057e-01   4.8169835e-01   4.5310511e-01
   1.2550000e+00   4.6231013e-01   4.7638788e-01   4.4762128e-01
   1.2650000e+00   4.5980686e-01   4.7387615e-01   4.4512904e-01
   1.2750000e+00   4.6045475e-01   4.7447432e-01   4.4582348e-01
   1.2850000e+00   4.6361188e-01   4.7767813e-01   4.4893016e-01
   1.2950000e+00   4.6557915e-01   4.7959401e-01   4.5094285e-01
   1.3050000e+00   4.6738656e-01   4.8135205e-01   4.5280479e-01
   1.3150000e+00   4.6852577e-01   4.8251405e-01   4.5391296e-01
   1.3250000e+00   4.6919642e-01   4.8316409e-01   4.5461055e-01
   1.3350000e+00   4.6901480e-01   4.8299429e-01   4.5441534e-01
   1.3450000e+00   4.6621311e-01   4.8024139e-01   4.5155927e-01
   1.3550000e+00   4.6219547e-01   4.7625497e-01   4.4752277e-01
   1.3650000e+00   4.5816309e-01   4.7227632e-01   4.4344233e-01
   1.3750000e+00   4.4999502e-01   4.6413199e-01   4.3525037e-01
   1.3850000e+00   4.3699702e-01   4.5124784e-01   4.2216704e-01
   1.3950000e+00   4.1849754e-01   4.3283063e-01   4.0359781e-01
   1.4050000e+00   3.5405473e-01   3.6841772e-01   3.3923014e-01
   1.4150000e+00   2.6162515e-01   2.7513761e-01   2.4786121e-01
   1.4250000e+00   1.7952395e-01   1.9113728e-01   1.6789227e-01
   1.4350000e+00   1.2390311e-01   1.3329679e-01   1.1464741e-01
   1.4450000e+00   8.9745880e-02   9.7241923e-02   8.2463950e-02
   1.4550000e+00   6.4042352e-02   6.9723053e-02   5.8603080e-02
   1.4650000e+00   4.6985566e-02   5.1204549e-02   4.3003866e-02
   1.4750000e+00   3.6707407e-02   3.9899584e-02   3.3734994e-02
   1.4850000e+00   3.1508783e-02   3.4113177e-02   2.9106900e-02
   1.4950000e+00   2.9714310e-02   3.2103175e-02   2.7520230e-02
   1.5050000e+00   3.0665438e-02   3.3171682e-02   2.8358093e-02
   1.5150000e+00   3.2036093e-02   3.4707041e-02   2.9569683e-02
   1.5250000e+00   3.3473124e-02   3.6311208e-02   3.0844867e-02
   1.5350000e+00   3.5567692e-02   3.8639155e-02   3.2712093e-02
   1.5450000e+00   3.8184145e-02   4.1541969e-02   3.5049860e-02
   1.5550000e+00   4.1256732e-02   4.4931669e-02   3.7811474e-02
   1.5650000e+00   4.4919490e-02   4.8953778e-02   4.1120286e-02
   1.5750000e+00   4.9477961e-02   5.3942588e-02   4.5253578e-02
   1.5850000e+00   5.4968220e-02   5.9918840e-02   5.0261120e-02
   1.5950000e+00   5.9219918e-02   6.4528037e-02   5.4155423e-02
   1.6050000e+00   6.3401221e-02   6.9045668e-02   5.7999367e-02
   1.6150000e+00   6.7617299e-02   7.3589898e-02   6.1884943e-02
   1.6250000e+00   7.0234775e-02   7.6404948e-02   6.4302734e-02
   1.6350000e+00   7.2970140e-02   7.9338134e-02   6.6837215e-02
   1.6450000e+00   7.5927186e-02   8.2515875e-02   6.9571830e-02
   1.6550000e+00   7.9437655e-02   8.6271900e-02   7.2833512e-02
   1.6650000e+00   8.3693665e-02   9.0810310e-02   7.6799316e-02
   1.6750000e+00   8.8346399e-02   9.5765286e-02   8.1142307e-02
   1.6850000e+00   9.2972258e-02   1.0068544e-01   8.5465912e-02
   1.6950000e+00   9.7464552e-02   1.0545113e-01   8.9676080e-02
   1.7050000e+00   1.0205102e-01   1.1030033e-01   9.3990768e-02
   1.7150000e+00   1.0670860e-01   1.1522848e-01   9.8368183e-02
   1.7250000e+00   1.1166116e-01   1.2044138e-01   1.0304708e-01
   1.7350000e+00   1.1590406e-01   1.2491381e-01   1.0705396e-01
   1.7450000e+00   1.1933560e-01   1.2851604e-01   1.1030251e-01
   1.7550000e+00   1.2286044e-01   1.3222364e-01   1.1363938e-01
   1.7650000e+00   1.2602953e-01   1.3554609e-01   1.1664601e-01
   1.7750000e+00   1.2865687e-01   1.3829919e-01   1.1913986e-01
   1.7850000e+00   1.3137192e-01   1.4113322e-01   1.2172629e-01
   1.7950000e+00   1.3416924e-01   1.4406720e-01   1.2438367e-01
   1.8050000e+00   1.3742079e-01   1.4745503e-01   1.2748760e-01
   1.8150000e+00   1.4109480e-01   1.5129595e-01   1.3098820e-01
   1.8250000e+00   1.4501947e-01   1.5538372e-01   1.3473598e-01
   1.8350000e+00   1.4690107e-01   1.5734784e-01   1.3652982e-01
   1.8450000e+00   1.4565585e-01   1.5604790e-01   1.3534392e-01
   1.8550000e+00   1.4148382e-01   1.5170295e-01   1.3135413e-01
   1.8650000e+00   1.2937190e-01   1.3905603e-01   1.1981432e-01
   1.8750000e+00   1.0848731e-01   1.1711132e-01   1.0003925e-01
   1.8850000e+00   8.7804423e-02   9.5206483e-02   8.0617077e-02
   1.8950000e+00   6.6626817e-02   7.2557748e-02   6.0936434e-02
   1.9050000e+00   4.9553971e-02   5.4074337e-02   4.5271909e-02
   1.9150000e+00   3.4829117e-02   3.7904780e-02   3.1967157e-02
   1.9250000e+00   2.6967187e-02   2.9127680e-02   2.4990239e-02
   1.9350000e+00   2.1896659e-02   2.3371495e-02   2.0572865e-02
   1.9450000e+00   1.9220361e-02   2.0282268e-02   1.8284035e-02
   1.9550000e+00   1.7770645e-02   1.8583480e-02   1.7064562e-02
   1.9650000e+00   1.6960984e-02   1.7624252e-02   1.6391461e-02
   1.9750000e+00   1.6559793e-02   1.7147026e-02   1.6059083e-02
   1.9850000e+00   1.6364475e-02   1.6915843e-02   1.5896035e-02
   1.9950000e+00   1.6324544e-02   1.6872009e-02   1.5859598e-02
   2.0050000e+00   1.6374939e-02   1.6938011e-02   1.5895933e-02
   2.0150000e+00   1.6526738e-02   1.7126790e-02   1.6014375e-02
   2.0250000e+00   1.6729433e-02   1.7375403e-02   1.6175459e-02
   2.0350000e+00   1.6994759e-02   1.7697462e-02   1.6389088e-02
   2.0450000e+00   1.7386954e-02   1.8169444e-02   1.6708403e-02
   2.0550000e+00   1.8021523e-02   1.8924326e-02   1.7232164e-02
   2.0650000e+00   1.8883498e-02   1.9939232e-02   1.7952297e-02
   2.0750000e+00   2.0207601e-02   2.1481568e-02   1.9072302e-02
   2.0850000e+00   2.2007667e-02   2.3555716e-02   2.0613957e-02
   2.0950000e+00   2.4572494e-02   2.6478379e-02   2.2838067e-02
   2.1050000e+00   2.8230354e-02   3.0603112e-02   2.6047955e-02
   2.1150000e+00   3.2218196e-02   3.5059015e-02   2.9583059e-02
   2.1250000e+00   3.7784703e-02   4.1223887e-02   3.4566487e-02
   2.1350000e+00   4.4215470e-02   4.8289298e-02   4.0373807e-02
   2.1450000e+00   5.1099929e-02   5.5799992e-02   4.6638288e-02
   2.1550000e+00   5.8464570e-02   6.3787411e-02   5.3382331e-02
   2.1650000e+00   6.5770141e-02   7.1667910e-02   6.0110915e-02
   2.1750000e+00   7.3257549e-02   7.9711429e-02   6.7037171e-02
   2.1850000e+00   8.0384075e-02   8.7324994e-02   7.3667159e-02
   2.1950000e+00   8.7133848e-02   9.4516413e-02   7.9964479e-02
   2.2050000e+00   9.2864500e-02   1.0060444e-01   8.5329633e-02
   2.2150000e+00   9.9378911e-02   1.0752176e-01   9.1430644e-02
   2.2250000e+00   1.0506004e-01   1.1351527e-01   9.6788444e-02
   2.2350000e+00   1.0985946e-01   1.1858300e-01   1.0130668e-01
   2.2450000e+00   1.1296411e-01   1.2184598e-01   1.0424717e-01
   2.2550000e+00   1.1156305e-01   1.2036811e-01   1.0292418e-01
   2.2650000e+00   1.0846673e-01   1.1712531e-01   9.9985837e-02
   2.2750000e+00   1.0237223e-01   1.1068310e-01   9.4248144e-02
   2.2850000e+00   9.5147409e-02   1.0304623e-01   8.7451070e-02
   2.2950000e+00   8.6840201e-02   9.4223328e-02   7.9672481e-02
   2.3050000e+00   7.8150032e-02   8.4952546e-02   7.1571617e-02
   2.3150000e+00   7.0294149e-02   7.6550278e-02   6.4268669e-02
   2.3250000e+00   6.3185633e-02   6.8917743e-02   5.7691355e-02
   2.3350000e+00   5.7235385e-02   6.2499968e-02   5.2208537e-02
   2.3450000e+00   5.2213166e-02   5.7070106e-02   4.7592799e-02
   2.3550000e+00   4.8277228e-02   5.2784414e-02   4.4001262e-02
   2.3650000e+00   4.5241649e-02   4.9488916e-02   4.1225341e-02
   2.3750000e+00   4.2897713e-02   4.6928504e-02   3.9093131e-02
   2.3850000e+00   4.1167957e-02   4.5040193e-02   3.7519013e-02
   2.3950000e+00   3.9668035e-02   4.3404880e-02   3.6152257e-02
   2.4050000e+00   3.8357210e-02   4.1970946e-02   3.4962432e-02
   2.4150000e+00   3.7245259e-02   4.0753223e-02   3.3952506e-02
   2.4250000e+00   3.6236435e-02   3.9648773e-02   3.3036920e-02
   2.4350000e+00   3.5147191e-02   3.8456233e-02   3.2048715e-02
   2.4450000e+00   3.4030031e-02   3.7231806e-02   3.1035825e-02
   2.4550000e+00   3.2963072e-02   3.6062688e-02   3.0069054e-02
   2.4650000e+00   3.1964275e-02   3.4962241e-02   2.9167722e-02
   2.4750000e+00   3.1044365e-02   3.3952837e-02   2.8334150e-02
   2.4850000e+00   3.0166875e-02   3.2990614e-02   2.7538524e-02
   2.4950000e+00   2.9311701e-02   3.2048546e-02   2.6767326e-02
   2.5050000e+00   2.8711608e-02   3.1393560e-02   2.6220039e-02
   2.5150000e+00   2.8301806e-02   3.0948326e-02   2.5844289e-02
   2.5250000e+00   2.8048478e-02   3.0676648e-02   2.5608282e-02
   2.5350000e+00   2.7979263e-02   3.0610595e-02   2.5535610e-02
   2.5450000e+00   2.7891175e-02   3.0520700e-02   2.5448143e-02
   2.5550000e+00   2.8012883e-02   3.0666179e-02   2.5546265e-02
   2.5650000e+00   2.8328708e-02   3.1027221e-02   2.5817853e-02
   2.5750000e+00   2.8337830e-02   3.1043982e-02   2.5817848e-02
   2.5850000e+00   2.8187638e-02   3.0895256e-02   2.5667161e-02
   2.5950000e+00   2.7650247e-02   3.0310958e-02   2.5174154e-02
   2.6050000e+00   2.6688240e-02   2.9256610e-02   2.4300579e-02
   2.6150000e+00   2.5485170e-02   2.7932095e-02   2.3213372e-02
   2.6250000e+00   2.3155280e-02   2.5357009e-02   2.1119342e-02
   2.6350000e+00   2.0237510e-02   2.2116345e-02   1.8510806e-02
   2.6450000e+00   1.7949663e-02   1.9566399e-02   1.6472321e-02
   2.6550000e+00   1.6110639e-02   1.7511114e-02   1.4837903e-02
   2.6650000e+00   1.4606638e-02   1.5828659e-02   1.3502121e-02
   2.6750000e+00   1.3350328e-02   1.4421464e-02   1.2387251e-02
   2.6850000e+00   1.0407038e-02   1.1065306e-02   9.8283067e-03
   2.6950000e+00   8.8144024e-03   9.2403980e-03   8.4477138e-03
   2.7050000e+00   7.8196578e-03   8.1058790e-03   7.5780635e-03
   2.7150000e+00   7.1217345e-03   7.3201186e-03   6.9571842e-03
   2.7250000e+00   6.5813159e-03   6.7225111e-03   6.4660094e-03
   2.7350000e+00   5.7806501e-03   5.8208745e-03   5.7493322e-03
   2.7450000e+00   5.2715175e-03   5.2878842e-03   5.2587005e-03
   2.7550000e+00   4.8223412e-03   4.8317775e-03   4.8145868e-03
   2.7650000e+00   4.3974366e-03   4.4045662e-03   4.3912669e-03
   2.7750000e+00   3.9899207e-03   3.9962209e-03   3.9842748e-03
   2.7850000e+00   3.5162421e-03   3.5220012e-03   3.5109087e-03
   2.7950000e+00   3.0491237e-03   3.0548133e-03   3.0437968e-03
   2.8050000e+00   2.6336516e-03   2.6393706e-03   2.6282816e-03
   2.8150000e+00   2.2782390e-03   2.2840034e-03   2.2728279e-03
   2.8250000e+00   2.0222153e-03   2.0280370e-03   2.0167597e-03
   2.8350000e+00   1.9410156e-03   1.9468778e-03   1.9355176e-03
   2.8450000e+00   2.1509298e-03   2.1568675e-03   2.1453429e-03
   2.8550000e+00   2.7785484e-03   2.7847265e-03   2.7727234e-03
   2.8650000e+00   3.8847020e-03   3.8912206e-03   3.8785581e-03
   2.8750000e+00   5.8777113e-03   5.8844362e-03   5.8713918e-03
   2.8850000e+00   8.4836378e-03   8.4901955e-03   8.4775044e-03
   2.8950000e+00   1.1838764e-02   1.1844598e-02   1.1833348e-02
   2.9050000e+00   1.5302231e-02   1.5306904e-02   1.5297948e-02
   2.9150000e+00   1.8871590e-02   1.8874786e-02   1.8868734e-02
   2.9250000e+00   2.1716154e-02   2.1717797e-02   2.1714795e-02
   2.9350000e+00   2.4494321e-02   2.4494381e-02   2.4494484e-02
   2.9450000e+00   2.6325462e-02   2.6324286e-02   2.6326815e-02
   2.9550000e+00   2.8313754e-02   2.8311289e-02   2.8316344e-02
   2.9650000e+00   3.0423895e-02   3.0420100e-02   3.0427765e-02
   2.9750000e+00   3.2851962e-02   3.2846660e-02   3.2857281e-02
   2.9850000e+00   3.5411699e-02   3.5404796e-02   3.5418557e-02
   2.9950000e+00   3.8561524e-02   3.8552585e-02   3.8570338e-02
   3.0050000e+00   4.1815145e-02   4.1804038e-02   4.1826041e-02
   3.0150000e+00   4.5241765e-02   4.5228205e-02   4.5255018e-02
   3.0250000e+00   4.8724065e-02   4.8707872e-02   4.8739846e-02
   3.0350000e+00   5.2280674e-02   5.2261607e-02   5.2299216e-02
   3.0450000e+00   5.5796759e-02   5.5774573e-02   5.5818300e-02
   3.0550000e+00   5.9412986e-02   5.9387367e-02   5.9437829e-02
   3.0650000e+00   6.0989555e-02   6.0961583e-02   6.1016670e-02
   3.0750000e+00   6.2163109e-02   6.2133042e-02   6.2192250e-02
   3.0850000e+00   6.1618810e-02   6.1588004e-02   6.1648678e-02
   3.0950000e+00   6.1144879e-02   6.1113433e-02   6.1175378e-02
   3.1050000e+00   5.9680090e-02   5.9649023e-02   5.9710237e-02
   3.1150000e+00   5.8500238e-02   5.8469453e-02   5.8530124e-02
   3.1250000e+00   5.7630303e-02   5.7599760e-02   5.7659967e-02
   3.1350000e+00   5.7010261e-02   5.6979820e-02   5.7039835e-02
   3.1450000e+00   5.6287728e-02   5.6257530e-02   5.6317077e-02
   3.1550000e+00   5.5798687e-02   5.5768595e-02   5.5827941e-02
   3.1650000e+00   5.4709382e-02   5.4679931e-02   5.4738026e-02
   3.1750000e+00   5.3866786e-02   5.3837823e-02   5.3894964e-02
   3.1850000e+00   5.2320554e-02   5.2292705e-02   5.2347665e-02
   3.1950000e+00   5.0988530e-02   5.0961652e-02   5.1014708e-02
   3.2050000e+00   4.9300259e-02   4.9274671e-02   4.9325195e-02
   3.2150000e+00   4.7742660e-02   4.7718271e-02   4.7766442e-02
   3.2250000e+00   4.6363983e-02   4.6340653e-02   4.6386745e-02
   3.2350000e+00   4.5043375e-02   4.5021064e-02   4.5065155e-02
   3.2450000e+00   4.3970772e-02   4.3949282e-02   4.3991760e-02
   3.2550000e+00   4.2957598e-02   4.2936887e-02   4.2977837e-02
   3.2650000e+00   4.1818348e-02   4.1798519e-02   4.1837737e-02
   3.2750000e+00   4.0676881e-02   4.0657939e-02   4.0695415e-02
   3.2850000e+00   3.9685324e-02   3.9667142e-02   3.9703123e-02
   3.2950000e+00   3.8782487e-02   3.8764991e-02   3.8799625e-02
   3.3050000e+00   3.7969403e-02   3.7952526e-02   3.7985945e-02
   3.3150000e+00   3.7247493e-02   3.7231166e-02   3.7263503e-02
   3.3250000e+00   3.6543887e-02   3.6528098e-02   3.6559380e-02
   3.3350000e+00   3.5864428e-02   3.5849156e-02   3.5879423e-02
   3.3450000e+00   3.5193798e-02   3.5179038e-02   3.5208299e-02
   3.3550000e+00   3.4548635e-02   3.4534366e-02   3.4562662e-02
   3.3650000e+00   3.3910327e-02   3.3896546e-02   3.3923884e-02
   3.3750000e+00   3.3312779e-02   3.3299452e-02   3.3325899e-02
   3.3850000e+00   3.2727881e-02   3.2714998e-02   3.2740573e-02
   3.3950000e+00   3.2183279e-02   3.2170807e-02   3.2195573e-02
   3.4050000e+00   3.1677789e-02   3.1665699e-02   3.1689715e-02
   3.4150000e+00   3.1186072e-02   3.1174355e-02   3.1197639e-02
   3.4250000e+00   3.0741524e-02   3.0730142e-02   3.0752768e-02
   3.4350000e+00   3.0298897e-02   3.0287852e-02   3.0309817e-02
   3.4450000e+00   2.9891769e-02   2.9881033e-02   2.9902392e-02
   3.4550000e+00   2.9489840e-02   2.9479413e-02   2.9500167e-02
   3.4650000e+00   2.9108825e-02   2.9098697e-02   2.9118869e-02
   3.4750000e+00   2.8748411e-02   2.8738576e-02   2.8758182e-02
   3.4850000e+00   2.8391960e-02   2.8382436e-02   2.8401447e-02
   3.4950000e+00   2.8062186e-02   2.8052973e-02   2.8071397e-02
   3.5050000e+00   2.7733263e-02   2.7724415e-02   2.7742166e-02
   3.5150000e+00   2.7426751e-02   2.7418318e-02   2.7435322e-02
   3.5250000e+00   2.7135362e-02   2.7127432e-02   2.7143546e-02
   3.5350000e+00   2.6847459e-02   2.6840216e-02   2.6855138e-02
   3.5450000e+00   2.6583724e-02   2.6577269e-02   2.6590834e-02
   3.5550000e+00   2.6320986e-02   2.6315636e-02   2.6327314e-02
   3.5650000e+00   2.6084009e-02   2.6079883e-02   2.6089470e-02
   3.5750000e+00   2.5864298e-02   2.5861501e-02   2.5868816e-02
   3.5850000e+00   2.5645646e-02   2.5644568e-02   2.5648945e-02
   3.5950000e+00   2.5428380e-02   2.5429554e-02   2.5430076e-02
   3.6050000e+00   2.5212955e-02   2.5217104e-02   2.5212521e-02
   3.6150000e+00   2.5000061e-02   2.5008187e-02   2.4996754e-02
   3.6250000e+00   2.4795705e-02   2.4808776e-02   2.4788789e-02
   3.6350000e+00   2.4638802e-02   2.4653946e-02   2.4630344e-02
   3.6450000e+00   2.4482545e-02   2.4499966e-02   2.4472390e-02
   3.6550000e+00   2.4326990e-02   2.4346892e-02   2.4314976e-02
   3.6650000e+00   2.4172206e-02   2.4194833e-02   2.4158147e-02
   3.6750000e+00   2.4018283e-02   2.4043899e-02   2.4001969e-02
   3.6850000e+00   2.3865257e-02   2.3894144e-02   2.3846468e-02
   3.6950000e+00   2.3713267e-02   2.3745732e-02   2.3691757e-02
   3.7050000e+00   2.3562450e-02   2.3598867e-02   2.3537922e-02
   3.7150000e+00   2.3412867e-02   2.3453607e-02   2.3385024e-02
   3.7250000e+00   2.3264680e-02   2.3310168e-02   2.3233179e-02
   3.7350000e+00   2.3120647e-02   2.3169242e-02   2.3086729e-02
   3.7450000e+00   2.2983606e-02   2.3030705e-02   2.2950812e-02
   3.7550000e+00   2.2846791e-02   2.2892418e-02   2.2815097e-02
   3.7650000e+00   2.2710326e-02   2.2754563e-02   2.2679665e-02
   3.7750000e+00   2.2574105e-02   2.2617004e-02   2.2544442e-02
   3.7850000e+00   2.2456774e-02   2.2495435e-02   2.2430319e-02
   3.7950000e+00   2.2340777e-02   2.2375641e-02   2.2317176e-02
   3.8050000e+00   2.2225945e-02   2.2257424e-02   2.2204879e-02
   3.8150000e+00   2.2112108e-02   2.2140527e-02   2.2093316e-02
   3.8250000e+00   2.1999233e-02   2.2024935e-02   2.1982452e-02
   3.8350000e+00   2.1887135e-02   2.1910371e-02   2.1872165e-02
   3.8450000e+00   2.1775758e-02   2.1796781e-02   2.1762405e-02
   3.8550000e+00   2.1685165e-02   2.1703600e-02   2.1673704e-02
   3.8650000e+00   2.1600489e-02   2.1616508e-02   2.1590780e-02
   3.8750000e+00   2.1516635e-02   2.1530557e-02   2.1508439e-02
   3.8850000e+00   2.1433446e-02   2.1445517e-02   2.1426573e-02
   3.8950000e+00   2.1350875e-02   2.1361336e-02   2.1345147e-02
   3.9050000e+00   2.1268810e-02   2.1277847e-02   2.1264084e-02
   3.9150000e+00   2.1187205e-02   2.1194993e-02   2.1183352e-02
   3.9250000e+00   2.1106002e-02   2.1112693e-02   2.1102911e-02
   3.9350000e+00   2.1025145e-02   2.1030864e-02   2.1022723e-02
   3.9450000e+00   2.0944616e-02   2.0949484e-02   2.0942774e-02
   3.9550000e+00   2.0864363e-02   2.0868474e-02   2.0863030e-02
   3.9650000e+00   2.0784373e-02   2.0787821e-02   2.0783483e-02
   3.9750000e+00   2.0717984e-02   2.0720758e-02   2.0717547e-02
   3.9850000e+00   2.0660757e-02   2.0662890e-02   2.0660747e-02
   3.9950000e+00   2.0603748e-02   2.0605326e-02   2.0604106e-02
   4.0050000e+00   2.0546933e-02   2.0548025e-02   2.0547608e-02
   4.0150000e+00   2.0490294e-02   2.0490964e-02   2.0491241e-02
   4.0250000e+00   2.0433810e-02   2.0434113e-02   2.0434990e-02
   4.0350000e+00   2.0377468e-02   2.0377452e-02   2.0378850e-02
   4.0450000e+00   2.0321259e-02   2.0320966e-02   2.0322811e-02
   4.0550000e+00   2.0265168e-02   2.0264634e-02   2.0266866e-02
   4.0650000e+00   2.0209189e-02   2.0208445e-02   2.0211011e-02
   4.0750000e+00   2.0153314e-02   2.0152390e-02   2.0155240e-02
   4.0850000e+00   2.0097535e-02   2.0096455e-02   2.0099548e-02
   4.0950000e+00   2.0041849e-02   2.0040635e-02   2.0043935e-02
   4.1050000e+00   1.9994498e-02   1.9993160e-02   1.9996653e-02
   4.1150000e+00   1.9952722e-02   1.9951270e-02   1.9954939e-02
   4.1250000e+00   1.9911016e-02   1.9909467e-02   1.9913284e-02
   4.1350000e+00   1.9869375e-02   1.9867742e-02   1.9871685e-02
   4.1450000e+00   1.9827798e-02   1.9826094e-02   1.9830141e-02
   4.1550000e+00   1.9786281e-02   1.9784518e-02   1.9788650e-02
   4.1650000e+00   1.9744824e-02   1.9743010e-02   1.9747212e-02
   4.1750000e+00   1.9703423e-02   1.9701568e-02   1.9705824e-02
   4.1850000e+00   1.9662077e-02   1.9660189e-02   1.9664487e-02
   4.1950000e+00   1.9620786e-02   1.9618872e-02   1.9623200e-02
   4.2050000e+00   1.9579548e-02   1.9577614e-02   1.9581961e-02
   4.2150000e+00   1.9538361e-02   1.9536413e-02   1.9540771e-02
   4.2250000e+00   1.9497226e-02   1.9495269e-02   1.9499629e-02
   4.2350000e+00   1.9456142e-02   1.9454180e-02   1.9458534e-02
   4.2450000e+00   1.9424222e-02   1.9422231e-02   1.9426622e-02
   4.2550000e+00   1.9398468e-02   1.9396438e-02   1.9400884e-02
   4.2650000e+00   1.9372812e-02   1.9370753e-02   1.9375236e-02
   4.2750000e+00   1.9347249e-02   1.9345170e-02   1.9349677e-02
   4.2850000e+00   1.9321779e-02   1.9319686e-02   1.9324206e-02
   4.2950000e+00   1.9296399e-02   1.9294299e-02   1.9298822e-02
   4.3050000e+00   1.9271108e-02   1.9269006e-02   1.9273524e-02
   4.3150000e+00   1.9245906e-02   1.9243806e-02   1.9248311e-02
   4.3250000e+00   1.9220791e-02   1.9218696e-02   1.9223184e-02
   4.3350000e+00   1.9195763e-02   1.9193677e-02   1.9198142e-02
   4.3450000e+00   1.9170821e-02   1.9168746e-02   1.9173184e-02
   4.3550000e+00   1.9159549e-02   1.9157472e-02   1.9161909e-02
   4.3650000e+00   1.9154210e-02   1.9152128e-02   1.9156571e-02
   4.3750000e+00   1.9148989e-02   1.9146903e-02   1.9151349e-02
   4.3850000e+00   1.9143883e-02   1.9141795e-02   1.9146242e-02
   4.3950000e+00   1.9157830e-02   1.9155726e-02   1.9160203e-02
   4.4050000e+00   1.9176609e-02   1.9174485e-02   1.9178999e-02
   4.4150000e+00   1.9195482e-02   1.9193339e-02   1.9197889e-02
   4.4250000e+00   1.9214448e-02   1.9212288e-02   1.9216872e-02
   4.4350000e+00   1.9233509e-02   1.9231330e-02   1.9235949e-02
   4.4450000e+00   1.9254911e-02   1.9252714e-02   1.9257369e-02
   4.4550000e+00   1.9296606e-02   1.9294374e-02   1.9299099e-02
   4.4650000e+00   1.9338335e-02   1.9336067e-02   1.9340863e-02
   4.4750000e+00   1.9380098e-02   1.9377794e-02   1.9382660e-02
   4.4850000e+00   1.9421893e-02   1.9419554e-02   1.9424490e-02
   4.4950000e+00   1.9463722e-02   1.9461348e-02   1.9466354e-02
   4.5050000e+00   1.9505585e-02   1.9503174e-02   1.9508252e-02
   4.5150000e+00   1.9555335e-02   1.9552885e-02   1.9558042e-02
   4.5250000e+00   1.9605126e-02   1.9602636e-02   1.9607873e-02
   4.5350000e+00   1.9654956e-02   1.9652426e-02   1.9657744e-02
   4.5450000e+00   1.9704825e-02   1.9702256e-02   1.9707654e-02
   4.5550000e+00   1.9752000e-02   1.9749396e-02   1.9754865e-02
   4.5650000e+00   1.9789614e-02   1.9786985e-02   1.9792505e-02
   4.5750000e+00   1.9818342e-02   1.9815698e-02   1.9821251e-02
   4.5850000e+00   1.9824402e-02   1.9821766e-02   1.9827307e-02
   4.5950000e+00   1.9807794e-02   1.9805190e-02   1.9810674e-02
   4.6050000e+00   1.9791315e-02   1.9788745e-02   1.9794167e-02
   4.6150000e+00   1.9774964e-02   1.9772431e-02   1.9777788e-02
   4.6250000e+00   1.9758743e-02   1.9756251e-02   1.9761536e-02
   4.6350000e+00   1.9742654e-02   1.9740206e-02   1.9745413e-02
   4.6450000e+00   1.9726697e-02   1.9724300e-02   1.9729420e-02
   4.6550000e+00   1.9710876e-02   1.9708537e-02   1.9713557e-02
   4.6650000e+00   1.9695194e-02   1.9692921e-02   1.9697827e-02
   4.6750000e+00   1.9679654e-02   1.9677460e-02   1.9682233e-02
   4.6850000e+00   1.9664261e-02   1.9662161e-02   1.9666777e-02
   4.6950000e+00   1.9649023e-02   1.9647036e-02   1.9651463e-02
   4.7050000e+00   1.9633948e-02   1.9632100e-02   1.9636296e-02
   4.7150000e+00   1.9619050e-02   1.9617371e-02   1.9621285e-02
   4.7250000e+00   1.9590021e-02   1.9588506e-02   1.9592143e-02
   4.7350000e+00   1.9551532e-02   1.9550169e-02   1.9553544e-02
   4.7450000e+00   1.9513105e-02   1.9511908e-02   1.9514999e-02
   4.7550000e+00   1.9474745e-02   1.9473730e-02   1.9476509e-02
   4.7650000e+00   1.9436456e-02   1.9435642e-02   1.9438078e-02
   4.7750000e+00   1.9398243e-02   1.9397652e-02   1.9399707e-02
   4.7850000e+00   1.9360112e-02   1.9359768e-02   1.9361402e-02
   4.7950000e+00   1.9322069e-02   1.9322000e-02   1.9323167e-02
   4.8050000e+00   1.9284123e-02   1.9284362e-02   1.9285007e-02
   4.8150000e+00   1.9246284e-02   1.9246866e-02   1.9246927e-02
   4.8250000e+00   1.9208561e-02   1.9209530e-02   1.9208936e-02
   4.8350000e+00   1.9170969e-02   1.9172372e-02   1.9171041e-02
   4.8450000e+00   1.9133522e-02   1.9135415e-02   1.9133252e-02
   4.8550000e+00   1.9096239e-02   1.9098686e-02   1.9095582e-02
   4.8650000e+00   1.9059140e-02   1.9062216e-02   1.9058044e-02
   4.8750000e+00   1.9022253e-02   1.9026043e-02   1.9020657e-02
   4.8850000e+00   1.8985603e-02   1.8990203e-02   1.8983437e-02
   4.8950000e+00   1.8949230e-02   1.8954755e-02   1.8946412e-02
   4.9050000e+00   1.8912603e-02   1.8919120e-02   1.8909081e-02
   4.9150000e+00   1.8871026e-02   1.8878037e-02   1.8867146e-02
   4.9250000e+00   1.8829528e-02   1.8837058e-02   1.8825269e-02
   4.9350000e+00   1.8788105e-02   1.8796181e-02   1.8783451e-02
   4.9450000e+00   1.8746765e-02   1.8755413e-02   1.8741694e-02
   4.9550000e+00   1.8705511e-02   1.8714759e-02   1.8700002e-02
   4.9650000e+00   1.8664349e-02   1.8674231e-02   1.8658378e-02
   4.9750000e+00   1.8623283e-02   1.8633830e-02   1.8616826e-02
   4.9850000e+00   1.8582311e-02   1.8593554e-02   1.8575344e-02
   4.9950000e+00   1.8541449e-02   1.8553427e-02   1.8533944e-02
