   3.0500000e-01   8.9954650e-01   9.0638592e-01   8.9185287e-01
   3.1500000e-01   8.9916708e-01   9.0603720e-01   8.9144797e-01
   3.2500000e-01   8.9884114e-01   9.0574354e-01   8.9108618e-01
   3.3500000e-01   8.9854711e-01   9.0546078e-01   8.9077831e-01
   3.4500000e-01   8.9823202e-01   9.0517560e-01   8.9043042e-01
   3.5500000e-01   8.9787280e-01   9.0483260e-01   8.9005666e-01
   3.6500000e-01   8.9777670e-01   9.0475234e-01   8.8994083e-01
   3.7500000e-01   8.9752549e-01   9.0451382e-01   8.8967978e-01
   3.8500000e-01   8.9730921e-01   9.0430867e-01   8.8945160e-01
   3.9500000e-01   8.9712583e-01   9.0414443e-01   8.8924718e-01
   4.0500000e-01   8.9702126e-01   9.0405051e-01   8.8912847e-01
   4.1500000e-01   8.9687022e-01   9.0392087e-01   8.8895622e-01
   4.2500000e-01   8.9680924e-01   9.0386840e-01   8.8888654e-01
   4.3500000e-01   8.9675910e-01   9.0382639e-01   8.8882618e-01
   4.4500000e-01   8.9666118e-01   9.0373577e-01   8.8872116e-01
   4.5500000e-01   8.9655585e-01   9.0364957e-01   8.8859638e-01
   4.6500000e-01   8.9645297e-01   9.0354205e-01   8.8849930e-01
   4.7500000e-01   8.9646265e-01   9.0356851e-01   8.8848773e-01
   4.8500000e-01   8.9647650e-01   9.0358428e-01   8.8850136e-01
   4.9500000e-01   8.9635619e-01   9.0347868e-01   8.8836482e-01
   5.0500000e-01   8.9623761e-01   9.0336542e-01   8.8824391e-01
   5.1500000e-01   8.9625385e-01   9.0338193e-01   8.8825476e-01
   5.2500000e-01   8.9620504e-01   9.0333054e-01   8.8820394e-01
   5.3500000e-01   8.9602176e-01   9.0316645e-01   8.8801271e-01
   5.4500000e-01   8.9594818e-01   9.0311612e-01   8.8790883e-01
   5.5500000e-01   8.9575837e-01   9.0292818e-01   8.8772190e-01
   5.6500000e-01   8.9587605e-01   9.0305778e-01   8.8782316e-01
   5.7500000e-01   8.9567135e-01   9.0284071e-01   8.8763415e-01
   5.8500000e-01   8.9570617e-01   9.0289826e-01   8.8763447e-01
   5.9500000e-01   8.9567176e-01   9.0286849e-01   8.8759753e-01
   6.0500000e-01   8.9534183e-01   9.0252002e-01   8.8729481e-01
   6.1500000e-01   8.9520661e-01   9.0240101e-01   8.8713507e-01
   6.2500000e-01   8.9495937e-01   9.0215713e-01   8.8688505e-01
   6.3500000e-01   8.9479629e-01   9.0200687e-01   8.8671294e-01
   6.4500000e-01   8.9441799e-01   9.0163708e-01   8.8633069e-01
   6.5500000e-01   8.9421902e-01   9.0141589e-01   8.8614851e-01
   6.6500000e-01   8.9399229e-01   9.0120727e-01   8.8590372e-01
   6.7500000e-01   8.9377986e-01   9.0101709e-01   8.8566539e-01
   6.8500000e-01   8.9371467e-01   9.0091725e-01   8.8562514e-01
   6.9500000e-01   8.9296528e-01   9.0020984e-01   8.8484104e-01
   7.0500000e-01   8.9257840e-01   8.9982252e-01   8.8445535e-01
   7.1500000e-01   8.9196723e-01   8.9923570e-01   8.8381480e-01
   7.2500000e-01   8.9161430e-01   8.9887013e-01   8.8347195e-01
   7.3500000e-01   8.9104663e-01   8.9832164e-01   8.8289996e-01
   7.4500000e-01   8.9021092e-01   8.9749037e-01   8.8205922e-01
   7.5500000e-01   8.8917777e-01   8.9644193e-01   8.8103100e-01
   7.6500000e-01   8.8785141e-01   8.9514483e-01   8.7968117e-01
   7.7500000e-01   8.8641459e-01   8.9374648e-01   8.7819882e-01
   7.8500000e-01   8.8485118e-01   8.9216009e-01   8.7664938e-01
   7.9500000e-01   8.8338918e-01   8.9075266e-01   8.7513564e-01
   8.0500000e-01   8.8212286e-01   8.8947588e-01   8.7388610e-01
   8.1500000e-01   8.8226824e-01   8.8962827e-01   8.7402366e-01
   8.2500000e-01   8.8213613e-01   8.8946364e-01   8.7390858e-01
   8.3500000e-01   8.8142459e-01   8.8875035e-01   8.7322117e-01
   8.4500000e-01   8.7968915e-01   8.8695254e-01   8.7154739e-01
   8.5500000e-01   8.7772678e-01   8.8514955e-01   8.6940227e-01
   8.6500000e-01   8.7428763e-01   8.8175500e-01   8.6590318e-01
   8.7500000e-01   8.6937105e-01   8.7689901e-01   8.6093065e-01
   8.8500000e-01   8.6457266e-01   8.7208878e-01   8.5612329e-01
   8.9500000e-01   8.6111235e-01   8.6868192e-01   8.5263344e-01
   9.0500000e-01   8.5924814e-01   8.6686847e-01   8.5074275e-01
   9.1500000e-01   8.5816808e-01   8.6579687e-01   8.4960868e-01
   9.2500000e-01   8.5587056e-01   8.6356873e-01   8.4725634e-01
   9.3500000e-01   8.5337024e-01   8.6106335e-01   8.4476444e-01
   9.4500000e-01   8.5017421e-01   8.5794366e-01   8.4149820e-01
   9.5500000e-01   8.4402615e-01   8.5185494e-01   8.3525262e-01
   9.6500000e-01   8.3397118e-01   8.4205951e-01   8.2496653e-01
   9.7500000e-01   8.2330309e-01   8.3153950e-01   8.1412827e-01
   9.8500000e-01   8.1236116e-01   8.2068846e-01   8.0305165e-01
   9.9500000e-01   7.9938737e-01   8.0810065e-01   7.8974470e-01
   1.0050000e+00   7.8481680e-01   7.9378279e-01   7.7482497e-01
   1.0150000e+00   7.7152762e-01   7.8104004e-01   7.6104118e-01
   1.0250000e+00   7.6549838e-01   7.7496613e-01   7.5501366e-01
   1.0350000e+00   7.6535247e-01   7.7494788e-01   7.5472816e-01
   1.0450000e+00   7.6878980e-01   7.7832299e-01   7.5828872e-01
   1.0550000e+00   7.7739592e-01   7.8664885e-01   7.6717815e-01
   1.0650000e+00   7.8608781e-01   7.9507490e-01   7.7610580e-01
   1.0750000e+00   7.9135906e-01   8.0034450e-01   7.8142791e-01
   1.0850000e+00   7.9469860e-01   8.0362367e-01   7.8480711e-01
   1.0950000e+00   7.9600126e-01   8.0488873e-01   7.8614520e-01
   1.1050000e+00   7.9604377e-01   8.0491405e-01   7.8618908e-01
   1.1150000e+00   7.9378433e-01   8.0273999e-01   7.8386840e-01
   1.1250000e+00   7.8865095e-01   7.9763160e-01   7.7868828e-01
   1.1350000e+00   7.8033762e-01   7.8959670e-01   7.7011237e-01
   1.1450000e+00   7.7615901e-01   7.8543803e-01   7.6588493e-01
   1.1550000e+00   7.6180967e-01   7.7143781e-01   7.5116581e-01
   1.1650000e+00   7.3831839e-01   7.4873199e-01   7.2686274e-01
   1.1750000e+00   7.1320129e-01   7.2411248e-01   7.0123013e-01
   1.1850000e+00   6.9064317e-01   7.0217620e-01   6.7800878e-01
   1.1950000e+00   6.6963518e-01   6.8173100e-01   6.5644409e-01
   1.2050000e+00   6.4334392e-01   6.5614136e-01   6.2940076e-01
   1.2150000e+00   6.1440566e-01   6.2778962e-01   5.9986465e-01
   1.2250000e+00   5.9686295e-01   6.1072638e-01   5.8182863e-01
   1.2350000e+00   5.8448796e-01   5.9852295e-01   5.6928667e-01
   1.2450000e+00   5.7548748e-01   5.8969867e-01   5.6009364e-01
   1.2550000e+00   5.7091482e-01   5.8524191e-01   5.5539727e-01
   1.2650000e+00   5.6844193e-01   5.8279541e-01   5.5290044e-01
   1.2750000e+00   5.6872011e-01   5.8306978e-01   5.5319310e-01
   1.2850000e+00   5.7193054e-01   5.8620922e-01   5.5646637e-01
   1.2950000e+00   5.7354714e-01   5.8781310e-01   5.5809743e-01
   1.3050000e+00   5.7505423e-01   5.8928571e-01   5.5964293e-01
   1.3150000e+00   5.7627544e-01   5.9050439e-01   5.6086436e-01
   1.3250000e+00   5.7681380e-01   5.9104084e-01   5.6141697e-01
   1.3350000e+00   5.7664684e-01   5.9084731e-01   5.6126472e-01
   1.3450000e+00   5.7428898e-01   5.8858436e-01   5.5881945e-01
   1.3550000e+00   5.7065707e-01   5.8498072e-01   5.5514668e-01
   1.3650000e+00   5.6703003e-01   5.8142411e-01   5.5145779e-01
   1.3750000e+00   5.5926205e-01   5.7382508e-01   5.4353469e-01
   1.3850000e+00   5.4771558e-01   5.6245006e-01   5.3179392e-01
   1.3950000e+00   5.3022844e-01   5.4522264e-01   5.1405920e-01
   1.4050000e+00   4.6842391e-01   4.8417208e-01   4.5156203e-01
   1.4150000e+00   3.7435773e-01   3.9054517e-01   3.5721640e-01
   1.4250000e+00   2.8235952e-01   2.9779714e-01   2.6622770e-01
   1.4350000e+00   2.1272995e-01   2.2674419e-01   1.9829005e-01
   1.4450000e+00   1.6496836e-01   1.7737818e-01   1.5233442e-01
   1.4550000e+00   1.2473864e-01   1.3528689e-01   1.1414467e-01
   1.4650000e+00   9.4885912e-02   1.0365987e-01   8.6186345e-02
   1.4750000e+00   7.4901035e-02   8.2246396e-02   6.7696879e-02
   1.4850000e+00   6.3782588e-02   7.0222662e-02   5.7514970e-02
   1.4950000e+00   5.9742388e-02   6.5827888e-02   5.3836986e-02
   1.5050000e+00   6.1906397e-02   6.8180078e-02   5.5807769e-02
   1.5150000e+00   6.4990126e-02   7.1535221e-02   5.8614659e-02
   1.5250000e+00   6.8135286e-02   7.4941245e-02   6.1489424e-02
   1.5350000e+00   7.2565464e-02   7.9732380e-02   6.5547708e-02
   1.5450000e+00   7.8014988e-02   8.5608702e-02   7.0554153e-02
   1.5550000e+00   8.4125897e-02   9.2171554e-02   7.6194064e-02
   1.5650000e+00   9.1139638e-02   9.9671820e-02   8.2696368e-02
   1.5750000e+00   9.9661800e-02   1.0876192e-01   9.0617588e-02
   1.5850000e+00   1.0948001e-01   1.1918665e-01   9.9791026e-02
   1.5950000e+00   1.1680190e-01   1.2691936e-01   1.0666790e-01
   1.6050000e+00   1.2387634e-01   1.3439440e-01   1.1331430e-01
   1.6150000e+00   1.3080905e-01   1.4169077e-01   1.1985533e-01
   1.6250000e+00   1.3506167e-01   1.4615821e-01   1.2387382e-01
   1.6350000e+00   1.3943783e-01   1.5077052e-01   1.2800161e-01
   1.6450000e+00   1.4417089e-01   1.5571240e-01   1.3249734e-01
   1.6550000e+00   1.4967824e-01   1.6148982e-01   1.3771593e-01
   1.6650000e+00   1.5600155e-01   1.6805571e-01   1.4376661e-01
   1.6750000e+00   1.6309064e-01   1.7546789e-01   1.5050175e-01
   1.6850000e+00   1.6990812e-01   1.8255896e-01   1.5702157e-01
   1.6950000e+00   1.7632530e-01   1.8918581e-01   1.6319689e-01
   1.7050000e+00   1.8304572e-01   1.9620982e-01   1.6959218e-01
   1.7150000e+00   1.8955529e-01   2.0290534e-01   1.7588058e-01
   1.7250000e+00   1.9635920e-01   2.0995045e-01   1.8242245e-01
   1.7350000e+00   2.0230560e-01   2.1607576e-01   1.8815586e-01
   1.7450000e+00   2.0675475e-01   2.2064751e-01   1.9247333e-01
   1.7550000e+00   2.1175108e-01   2.2580628e-01   1.9727439e-01
   1.7650000e+00   2.1588048e-01   2.3003516e-01   2.0128780e-01
   1.7750000e+00   2.1933987e-01   2.3359383e-01   2.0463734e-01
   1.7850000e+00   2.2270264e-01   2.3703078e-01   2.0792106e-01
   1.7950000e+00   2.2667872e-01   2.4113950e-01   2.1173649e-01
   1.8050000e+00   2.3072353e-01   2.4528364e-01   2.1567519e-01
   1.8150000e+00   2.3561423e-01   2.5029978e-01   2.2041587e-01
   1.8250000e+00   2.4050233e-01   2.5530499e-01   2.2517695e-01
   1.8350000e+00   2.4283715e-01   2.5766316e-01   2.2747399e-01
   1.8450000e+00   2.4132037e-01   2.5613915e-01   2.2597764e-01
   1.8550000e+00   2.3587530e-01   2.5053813e-01   2.2070763e-01
   1.8650000e+00   2.2062911e-01   2.3497655e-01   2.0582317e-01
   1.8750000e+00   1.9220654e-01   2.0566468e-01   1.7840660e-01
   1.8850000e+00   1.6243182e-01   1.7480988e-01   1.4985369e-01
   1.8950000e+00   1.2965134e-01   1.4053923e-01   1.1870331e-01
   1.9050000e+00   1.0026060e-01   1.0944436e-01   9.1138278e-02
   1.9150000e+00   7.1885898e-02   7.9049613e-02   6.4875482e-02
   1.9250000e+00   5.4614925e-02   6.0305235e-02   4.9116189e-02
   1.9350000e+00   4.1943468e-02   4.6384646e-02   3.7706257e-02
   1.9450000e+00   3.4359862e-02   3.7960151e-02   3.0960905e-02
   1.9550000e+00   2.9768371e-02   3.2814957e-02   2.6916753e-02
   1.9650000e+00   2.6972779e-02   2.9659069e-02   2.4474470e-02
   1.9750000e+00   2.5527899e-02   2.8021419e-02   2.3217858e-02
   1.9850000e+00   2.4830124e-02   2.7229754e-02   2.2611686e-02
   1.9950000e+00   2.4738767e-02   2.7127969e-02   2.2530210e-02
   2.0050000e+00   2.5009894e-02   2.7439233e-02   2.2762241e-02
   2.0150000e+00   2.5679660e-02   2.8204302e-02   2.3339289e-02
   2.0250000e+00   2.6516894e-02   2.9157476e-02   2.4063085e-02
   2.0350000e+00   2.7545359e-02   3.0324710e-02   2.4956105e-02
   2.0450000e+00   2.9002236e-02   3.1973934e-02   2.6224418e-02
   2.0550000e+00   3.1182833e-02   3.4428238e-02   2.8135138e-02
   2.0650000e+00   3.3957553e-02   3.7538274e-02   3.0578438e-02
   2.0750000e+00   3.7917787e-02   4.1953281e-02   3.4086998e-02
   2.0850000e+00   4.2917363e-02   4.7492301e-02   3.8545835e-02
   2.0950000e+00   4.9466571e-02   5.4699477e-02   4.4432670e-02
   2.1050000e+00   5.8143135e-02   6.4188807e-02   5.2284747e-02
   2.1150000e+00   6.6966852e-02   7.3772443e-02   6.0328583e-02
   2.1250000e+00   7.8450005e-02   8.6159832e-02   7.0877020e-02
   2.1350000e+00   9.0950609e-02   9.9571531e-02   8.2426937e-02
   2.1450000e+00   1.0348751e-01   1.1291258e-01   9.4112709e-02
   2.1550000e+00   1.1633164e-01   1.2652729e-01   1.0613779e-01
   2.1650000e+00   1.2849957e-01   1.3935863e-01   1.1759378e-01
   2.1750000e+00   1.4064504e-01   1.5211961e-01   1.2906473e-01
   2.1850000e+00   1.5150850e-01   1.6346052e-01   1.3941004e-01
   2.1950000e+00   1.6176133e-01   1.7418236e-01   1.4915201e-01
   2.2050000e+00   1.7027656e-01   1.8305016e-01   1.5727796e-01
   2.2150000e+00   1.7970119e-01   1.9278055e-01   1.6634552e-01
   2.2250000e+00   1.8774844e-01   2.0111412e-01   1.7406503e-01
   2.2350000e+00   1.9438835e-01   2.0800638e-01   1.8044214e-01
   2.2450000e+00   1.9873454e-01   2.1251472e-01   1.8461148e-01
   2.2550000e+00   1.9673696e-01   2.1045319e-01   1.8268754e-01
   2.2650000e+00   1.9266601e-01   2.0623073e-01   1.7877337e-01
   2.2750000e+00   1.8392649e-01   1.9720357e-01   1.7037636e-01
   2.2850000e+00   1.7365240e-01   1.8650137e-01   1.6054910e-01
   2.2950000e+00   1.6140279e-01   1.7376017e-01   1.4884323e-01
   2.3050000e+00   1.4824751e-01   1.6008252e-01   1.3627948e-01
   2.3150000e+00   1.3573649e-01   1.4693753e-01   1.2446150e-01
   2.3250000e+00   1.2465578e-01   1.3535082e-01   1.1392670e-01
   2.3350000e+00   1.1468167e-01   1.2484744e-01   1.0453551e-01
   2.3450000e+00   1.0600646e-01   1.1563521e-01   9.6424343e-02
   2.3550000e+00   9.8934056e-02   1.0814108e-01   8.9808928e-02
   2.3650000e+00   9.3636652e-02   1.0249048e-01   8.4868618e-02
   2.3750000e+00   8.9146608e-02   9.7672146e-02   8.0723302e-02
   2.3850000e+00   8.5927490e-02   9.4241747e-02   7.7732028e-02
   2.3950000e+00   8.3140141e-02   9.1258531e-02   7.5148620e-02
   2.4050000e+00   8.0722510e-02   8.8672009e-02   7.2903074e-02
   2.4150000e+00   7.8461483e-02   8.6237359e-02   7.0830306e-02
   2.4250000e+00   7.6571799e-02   8.4211410e-02   6.9077270e-02
   2.4350000e+00   7.4492774e-02   8.1971721e-02   6.7160293e-02
   2.4450000e+00   7.2257693e-02   7.9564198e-02   6.5109040e-02
   2.4550000e+00   7.0316448e-02   7.7484836e-02   6.3302065e-02
   2.4650000e+00   6.8233011e-02   7.5239242e-02   6.1392211e-02
   2.4750000e+00   6.6388244e-02   7.3251863e-02   5.9698376e-02
   2.4850000e+00   6.4631365e-02   7.1351390e-02   5.8087929e-02
   2.4950000e+00   6.2903316e-02   6.9476619e-02   5.6506307e-02
   2.5050000e+00   6.1712869e-02   6.8194340e-02   5.5414921e-02
   2.5150000e+00   6.0987941e-02   6.7424815e-02   5.4736333e-02
   2.5250000e+00   6.0522917e-02   6.6911240e-02   5.4314741e-02
   2.5350000e+00   6.0523950e-02   6.6936908e-02   5.4297068e-02
   2.5450000e+00   6.0321161e-02   6.6700647e-02   5.4126880e-02
   2.5550000e+00   6.0614728e-02   6.6989840e-02   5.4413369e-02
   2.5650000e+00   6.1409191e-02   6.7864197e-02   5.5127867e-02
   2.5750000e+00   6.1520488e-02   6.8023762e-02   5.5204588e-02
   2.5850000e+00   6.1424539e-02   6.7909604e-02   5.5114112e-02
   2.5950000e+00   6.0271200e-02   6.6631076e-02   5.4084109e-02
   2.6050000e+00   5.8382378e-02   6.4602970e-02   5.2342075e-02
   2.6150000e+00   5.5941697e-02   6.1982841e-02   5.0093962e-02
   2.6250000e+00   5.0990357e-02   5.6580954e-02   4.5593853e-02
   2.6350000e+00   4.4572357e-02   4.9566087e-02   3.9775259e-02
   2.6450000e+00   3.9368987e-02   4.3858498e-02   3.5075316e-02
   2.6550000e+00   3.5044072e-02   3.9097543e-02   3.1186337e-02
   2.6650000e+00   3.1463964e-02   3.5143138e-02   2.7975253e-02
   2.6750000e+00   2.8399146e-02   3.1747195e-02   2.5236560e-02
   2.6850000e+00   2.0291568e-02   2.2675276e-02   1.8068510e-02
   2.6950000e+00   1.5577449e-02   1.7356382e-02   1.3938250e-02
   2.7050000e+00   1.2561619e-02   1.3930362e-02   1.1314394e-02
   2.7150000e+00   1.0495066e-02   1.1571379e-02   9.5246212e-03
   2.7250000e+00   9.0034296e-03   9.8655401e-03   8.2338667e-03
   2.7350000e+00   6.2141620e-03   6.6005869e-03   5.8834524e-03
   2.7450000e+00   5.0889895e-03   5.2889752e-03   4.9234970e-03
   2.7550000e+00   4.4358477e-03   4.5512489e-03   4.3424715e-03
   2.7650000e+00   3.9549231e-03   4.0283214e-03   3.8961393e-03
   2.7750000e+00   3.5507815e-03   3.6019468e-03   3.5097803e-03
   2.7850000e+00   3.0976088e-03   3.1273682e-03   3.0731882e-03
   2.7950000e+00   2.6827274e-03   2.7040813e-03   2.6645377e-03
   2.8050000e+00   2.3252239e-03   2.3444082e-03   2.3085225e-03
   2.8150000e+00   2.0232910e-03   2.0421771e-03   2.0065871e-03
   2.8250000e+00   1.8054220e-03   1.8232988e-03   1.7891644e-03
   2.8350000e+00   1.7342132e-03   1.7505480e-03   1.7189860e-03
   2.8450000e+00   1.9109482e-03   1.9260601e-03   1.8966192e-03
   2.8550000e+00   2.4470127e-03   2.4619828e-03   2.4326970e-03
   2.8650000e+00   3.3938623e-03   3.4094925e-03   3.3788766e-03
   2.8750000e+00   5.0975104e-03   5.1139641e-03   5.0817570e-03
   2.8850000e+00   7.3227282e-03   7.3394110e-03   7.3068143e-03
   2.8950000e+00   1.0185962e-02   1.0201783e-02   1.0170965e-02
   2.9050000e+00   1.3141887e-02   1.3155823e-02   1.3128795e-02
   2.9150000e+00   1.6190557e-02   1.6201867e-02   1.6180086e-02
   2.9250000e+00   1.8619749e-02   1.8628114e-02   1.8612192e-02
   2.9350000e+00   2.0995172e-02   2.1000501e-02   2.0990616e-02
   2.9450000e+00   2.2560496e-02   2.2563411e-02   2.2558320e-02
   2.9550000e+00   2.4262668e-02   2.4263072e-02   2.4262970e-02
   2.9650000e+00   2.6071658e-02   2.6069459e-02   2.6074527e-02
   2.9750000e+00   2.8156100e-02   2.8150939e-02   2.8161891e-02
   2.9850000e+00   3.0356453e-02   3.0348127e-02   3.0365364e-02
   2.9950000e+00   3.3067488e-02   3.3055105e-02   3.3080396e-02
   3.0050000e+00   3.5871986e-02   3.5855255e-02   3.5889177e-02
   3.0150000e+00   3.8828963e-02   3.8807287e-02   3.8851020e-02
   3.0250000e+00   4.1838000e-02   4.1811002e-02   4.1865296e-02
   3.0350000e+00   4.4914956e-02   4.4882143e-02   4.4947976e-02
   3.0450000e+00   4.7959468e-02   4.7920363e-02   4.7998687e-02
   3.0550000e+00   5.1094189e-02   5.1048188e-02   5.1140204e-02
   3.0650000e+00   5.2453095e-02   5.2402534e-02   5.2503620e-02
   3.0750000e+00   5.3461688e-02   5.3407163e-02   5.3516146e-02
   3.0850000e+00   5.2974871e-02   5.2919194e-02   5.3030496e-02
   3.0950000e+00   5.2551300e-02   5.2494674e-02   5.2607894e-02
   3.1050000e+00   5.1268486e-02   5.1212917e-02   5.1324065e-02
   3.1150000e+00   5.0235766e-02   5.0181033e-02   5.0290547e-02
   3.1250000e+00   4.9475126e-02   4.9421078e-02   4.9529250e-02
   3.1350000e+00   4.8932524e-02   4.8878870e-02   4.8986277e-02
   3.1450000e+00   4.8301776e-02   4.8248782e-02   4.8354896e-02
   3.1550000e+00   4.7874477e-02   4.7821861e-02   4.7927240e-02
   3.1650000e+00   4.6927110e-02   4.6875907e-02   4.6978492e-02
   3.1750000e+00   4.6194678e-02   4.6144572e-02   4.6244988e-02
   3.1850000e+00   4.4853465e-02   4.4805638e-02   4.4901530e-02
   3.1950000e+00   4.3699112e-02   4.3653272e-02   4.3745221e-02
   3.2050000e+00   4.2237670e-02   4.2194393e-02   4.2281248e-02
   3.2150000e+00   4.0890622e-02   4.0849718e-02   4.0931856e-02
   3.2250000e+00   3.9699185e-02   3.9660362e-02   3.9738361e-02
   3.2350000e+00   3.8558809e-02   3.8521982e-02   3.8596012e-02
   3.2450000e+00   3.7633136e-02   3.7597920e-02   3.7668748e-02
   3.2550000e+00   3.6759276e-02   3.6725582e-02   3.6793382e-02
   3.2650000e+00   3.5777298e-02   3.5745318e-02   3.5809710e-02
   3.2750000e+00   3.4794062e-02   3.4763800e-02   3.4824774e-02
   3.2850000e+00   3.3940345e-02   3.3911556e-02   3.3969599e-02
   3.2950000e+00   3.3163337e-02   3.3135875e-02   3.3191279e-02
   3.3050000e+00   3.2463923e-02   3.2437659e-02   3.2490680e-02
   3.3150000e+00   3.1843220e-02   3.1818023e-02   3.1868923e-02
   3.3250000e+00   3.1238503e-02   3.1214346e-02   3.1263178e-02
   3.3350000e+00   3.0654746e-02   3.0631590e-02   3.0678432e-02
   3.3450000e+00   3.0078812e-02   3.0056646e-02   3.0101519e-02
   3.3550000e+00   2.9524931e-02   2.9503716e-02   2.9546700e-02
   3.3650000e+00   2.8977155e-02   2.8956885e-02   2.8997992e-02
   3.3750000e+00   2.8464504e-02   2.8445119e-02   2.8484472e-02
   3.3850000e+00   2.7962888e-02   2.7944383e-02   2.7981997e-02
   3.3950000e+00   2.7495994e-02   2.7478332e-02   2.7514292e-02
   3.4050000e+00   2.7062794e-02   2.7045954e-02   2.7080318e-02
   3.4150000e+00   2.6641618e-02   2.6625661e-02   2.6658340e-02
   3.4250000e+00   2.6261092e-02   2.6246058e-02   2.6277015e-02
   3.4350000e+00   2.5882640e-02   2.5868777e-02   2.5897615e-02
   3.4450000e+00   2.5535068e-02   2.5522601e-02   2.5548965e-02
   3.4550000e+00   2.5192907e-02   2.5182417e-02   2.5205351e-02
   3.4650000e+00   2.4869979e-02   2.4862214e-02   2.4880474e-02
   3.4750000e+00   2.4566552e-02   2.4562521e-02   2.4574402e-02
   3.4850000e+00   2.4270042e-02   2.4271641e-02   2.4273900e-02
   3.4950000e+00   2.3998844e-02   2.4007146e-02   2.3997892e-02
   3.5050000e+00   2.3734723e-02   2.3752773e-02   2.3726688e-02
   3.5150000e+00   2.3495894e-02   2.3526263e-02   2.3478768e-02
   3.5250000e+00   2.3278005e-02   2.3323880e-02   2.3249238e-02
   3.5350000e+00   2.3076871e-02   2.3143723e-02   2.3032087e-02
   3.5450000e+00   2.2901281e-02   2.2990126e-02   2.2839402e-02
   3.5550000e+00   2.2744794e-02   2.2862127e-02   2.2660437e-02
   3.5650000e+00   2.2613153e-02   2.2758812e-02   2.2506119e-02
   3.5750000e+00   2.2497588e-02   2.2670908e-02   2.2368110e-02
   3.5850000e+00   2.2399756e-02   2.2606001e-02   2.2243309e-02
   3.5950000e+00   2.2324464e-02   2.2569835e-02   2.2135546e-02
   3.6050000e+00   2.2276875e-02   2.2568769e-02   2.2048942e-02
   3.6150000e+00   2.2265659e-02   2.2613423e-02   2.1990332e-02
   3.6250000e+00   2.2287679e-02   2.2696972e-02   2.1959477e-02
   3.6350000e+00   2.2229014e-02   2.2661352e-02   2.1880871e-02
   3.6450000e+00   2.2177310e-02   2.2634218e-02   2.1807746e-02
   3.6550000e+00   2.2129704e-02   2.2611582e-02   2.1738243e-02
   3.6650000e+00   2.2090895e-02   2.2600333e-02   2.1675379e-02
   3.6750000e+00   2.2057568e-02   2.2594894e-02   2.1617397e-02
   3.6850000e+00   2.2033213e-02   2.2600616e-02   2.1566441e-02
   3.6950000e+00   2.2015996e-02   2.2614896e-02   2.1521354e-02
   3.7050000e+00   2.2008455e-02   2.2640308e-02   2.1484328e-02
   3.7150000e+00   2.2009765e-02   2.2676366e-02   2.1454559e-02
   3.7250000e+00   2.2022890e-02   2.2726955e-02   2.1434183e-02
   3.7350000e+00   2.1985400e-02   2.2711407e-02   2.1376745e-02
   3.7450000e+00   2.1819381e-02   2.2532311e-02   2.1222371e-02
   3.7550000e+00   2.1653921e-02   2.2353943e-02   2.1068423e-02
   3.7650000e+00   2.1489625e-02   2.2176314e-02   2.0915789e-02
   3.7750000e+00   2.1327597e-02   2.2001865e-02   2.0764769e-02
   3.7850000e+00   2.1093879e-02   2.1732339e-02   2.0563015e-02
   3.7950000e+00   2.0869483e-02   2.1473184e-02   2.0369315e-02
   3.8050000e+00   2.0658144e-02   2.1230342e-02   2.0185789e-02
   3.8150000e+00   2.0454893e-02   2.0997300e-02   2.0008815e-02
   3.8250000e+00   2.0262095e-02   2.0776780e-02   1.9840228e-02
   3.8350000e+00   2.0075330e-02   2.0563464e-02   1.9676609e-02
   3.8450000e+00   1.9897508e-02   2.0361576e-02   1.9519802e-02
   3.8550000e+00   1.9721804e-02   2.0156635e-02   1.9369462e-02
   3.8650000e+00   1.9554234e-02   1.9960209e-02   1.9226804e-02
   3.8750000e+00   1.9397426e-02   1.9777292e-02   1.9092469e-02
   3.8850000e+00   1.9248373e-02   1.9603945e-02   1.8964227e-02
   3.8950000e+00   1.9107427e-02   1.9440588e-02   1.8842336e-02
   3.9050000e+00   1.8972548e-02   1.9284820e-02   1.8725175e-02
   3.9150000e+00   1.8844368e-02   1.9137607e-02   1.8613092e-02
   3.9250000e+00   1.8721723e-02   1.8997308e-02   1.8505290e-02
   3.9350000e+00   1.8603368e-02   1.8862360e-02   1.8400826e-02
   3.9450000e+00   1.8490056e-02   1.8733882e-02   1.8300160e-02
   3.9550000e+00   1.8380396e-02   1.8610030e-02   1.8202284e-02
   3.9650000e+00   1.8274607e-02   1.8491061e-02   1.8107363e-02
   3.9750000e+00   1.8179241e-02   1.8381976e-02   1.8023299e-02
   3.9850000e+00   1.8092884e-02   1.8282147e-02   1.7948001e-02
   3.9950000e+00   1.8010353e-02   1.8187261e-02   1.7875556e-02
   4.0050000e+00   1.7930879e-02   1.8096312e-02   1.7805407e-02
   4.0150000e+00   1.7854434e-02   1.8009322e-02   1.7737496e-02
   4.0250000e+00   1.7780682e-02   1.7925853e-02   1.7671567e-02
   4.0350000e+00   1.7709242e-02   1.7845382e-02   1.7607356e-02
   4.0450000e+00   1.7639999e-02   1.7767795e-02   1.7544757e-02
   4.0550000e+00   1.7572647e-02   1.7692732e-02   1.7483531e-02
   4.0650000e+00   1.7507099e-02   1.7620062e-02   1.7423617e-02
   4.0750000e+00   1.7443177e-02   1.7549538e-02   1.7364888e-02
   4.0850000e+00   1.7380622e-02   1.7480839e-02   1.7307150e-02
   4.0950000e+00   1.7319422e-02   1.7413954e-02   1.7250387e-02
   4.1050000e+00   1.7266215e-02   1.7355357e-02   1.7201369e-02
   4.1150000e+00   1.7218627e-02   1.7302672e-02   1.7157725e-02
   4.1250000e+00   1.7172088e-02   1.7251401e-02   1.7114830e-02
   4.1350000e+00   1.7126489e-02   1.7201419e-02   1.7072599e-02
   4.1450000e+00   1.7081762e-02   1.7152619e-02   1.7030988e-02
   4.1550000e+00   1.7037828e-02   1.7104889e-02   1.6989943e-02
   4.1650000e+00   1.6994598e-02   1.7058118e-02   1.6949397e-02
   4.1750000e+00   1.6952032e-02   1.7012259e-02   1.6909320e-02
   4.1850000e+00   1.6910081e-02   1.6967235e-02   1.6869679e-02
   4.1950000e+00   1.6868669e-02   1.6922939e-02   1.6830423e-02
   4.2050000e+00   1.6827769e-02   1.6879344e-02   1.6791530e-02
   4.2150000e+00   1.6787351e-02   1.6836416e-02   1.6752975e-02
   4.2250000e+00   1.6747380e-02   1.6794107e-02   1.6714733e-02
   4.2350000e+00   1.6707817e-02   1.6752354e-02   1.6676781e-02
   4.2450000e+00   1.6674042e-02   1.6715380e-02   1.6645364e-02
   4.2550000e+00   1.6644835e-02   1.6682587e-02   1.6618790e-02
   4.2650000e+00   1.6616616e-02   1.6651175e-02   1.6592899e-02
   4.2750000e+00   1.6589253e-02   1.6620959e-02   1.6567602e-02
   4.2850000e+00   1.6562640e-02   1.6591793e-02   1.6542825e-02
   4.2950000e+00   1.6536694e-02   1.6563563e-02   1.6518509e-02
   4.3050000e+00   1.6511342e-02   1.6536169e-02   1.6494604e-02
   4.3150000e+00   1.6486515e-02   1.6509515e-02   1.6471065e-02
   4.3250000e+00   1.6462155e-02   1.6483514e-02   1.6447852e-02
   4.3350000e+00   1.6438211e-02   1.6458097e-02   1.6424932e-02
   4.3450000e+00   1.6414644e-02   1.6433203e-02   1.6402278e-02
   4.3550000e+00   1.6402517e-02   1.6419613e-02   1.6391163e-02
   4.3650000e+00   1.6395599e-02   1.6411294e-02   1.6385208e-02
   4.3750000e+00   1.6389103e-02   1.6403563e-02   1.6379555e-02
   4.3850000e+00   1.6382983e-02   1.6396356e-02   1.6374173e-02
   4.3950000e+00   1.6393377e-02   1.6405813e-02   1.6385207e-02
   4.4050000e+00   1.6408080e-02   1.6419683e-02   1.6400477e-02
   4.4150000e+00   1.6423019e-02   1.6433876e-02   1.6415922e-02
   4.4250000e+00   1.6438174e-02   1.6448360e-02   1.6431531e-02
   4.4350000e+00   1.6453527e-02   1.6463109e-02   1.6447290e-02
   4.4450000e+00   1.6471016e-02   1.6480078e-02   1.6465130e-02
   4.4550000e+00   1.6506183e-02   1.6514969e-02   1.6500495e-02
   4.4650000e+00   1.6541398e-02   1.6549919e-02   1.6535900e-02
   4.4750000e+00   1.6576659e-02   1.6584926e-02   1.6571344e-02
   4.4850000e+00   1.6611965e-02   1.6619988e-02   1.6606827e-02
   4.4950000e+00   1.6647316e-02   1.6655105e-02   1.6642348e-02
   4.5050000e+00   1.6682709e-02   1.6690273e-02   1.6677905e-02
   4.5150000e+00   1.6725419e-02   1.6733148e-02   1.6720528e-02
   4.5250000e+00   1.6768179e-02   1.6776084e-02   1.6763194e-02
   4.5350000e+00   1.6810992e-02   1.6819083e-02   1.6805905e-02
   4.5450000e+00   1.6853858e-02   1.6862147e-02   1.6848661e-02
   4.5550000e+00   1.6894991e-02   1.6903837e-02   1.6889445e-02
   4.5650000e+00   1.6928269e-02   1.6937850e-02   1.6922249e-02
   4.5750000e+00   1.6954166e-02   1.6964589e-02   1.6947590e-02
   4.5850000e+00   1.6961095e-02   1.6972563e-02   1.6953812e-02
   4.5950000e+00   1.6949133e-02   1.6961884e-02   1.6940962e-02
   4.6050000e+00   1.6937624e-02   1.6951843e-02   1.6928434e-02
   4.6150000e+00   1.6926633e-02   1.6942532e-02   1.6916270e-02
   4.6250000e+00   1.6916237e-02   1.6934065e-02   1.6904520e-02
   4.6350000e+00   1.6906531e-02   1.6926578e-02   1.6893246e-02
   4.6450000e+00   1.6897630e-02   1.6920234e-02   1.6882526e-02
   4.6550000e+00   1.6889669e-02   1.6915227e-02   1.6872449e-02
   4.6650000e+00   1.6882812e-02   1.6911786e-02   1.6863128e-02
   4.6750000e+00   1.6877259e-02   1.6910190e-02   1.6854700e-02
   4.6850000e+00   1.6873256e-02   1.6910780e-02   1.6847333e-02
   4.6950000e+00   1.6871105e-02   1.6913967e-02   1.6841237e-02
   4.7050000e+00   1.6871170e-02   1.6920250e-02   1.6836671e-02
   4.7150000e+00   1.6873898e-02   1.6930226e-02   1.6833952e-02
   4.7250000e+00   1.6861889e-02   1.6924063e-02   1.6817504e-02
   4.7350000e+00   1.6839365e-02   1.6906178e-02   1.6791429e-02
   4.7450000e+00   1.6817866e-02   1.6889697e-02   1.6766075e-02
   4.7550000e+00   1.6797497e-02   1.6874755e-02   1.6741519e-02
   4.7650000e+00   1.6778356e-02   1.6861473e-02   1.6717838e-02
   4.7750000e+00   1.6760562e-02   1.6850000e-02   1.6695121e-02
   4.7850000e+00   1.6744250e-02   1.6840521e-02   1.6673465e-02
   4.7950000e+00   1.6729597e-02   1.6833266e-02   1.6653001e-02
   4.8050000e+00   1.6716772e-02   1.6828439e-02   1.6633860e-02
   4.8150000e+00   1.6705915e-02   1.6826204e-02   1.6616155e-02
   4.8250000e+00   1.6697233e-02   1.6826826e-02   1.6600046e-02
   4.8350000e+00   1.6691020e-02   1.6830698e-02   1.6585744e-02
   4.8450000e+00   1.6687571e-02   1.6838211e-02   1.6573464e-02
   4.8550000e+00   1.6687167e-02   1.6849698e-02   1.6563435e-02
   4.8650000e+00   1.6690108e-02   1.6865509e-02   1.6555901e-02
   4.8750000e+00   1.6696758e-02   1.6886092e-02   1.6551147e-02
   4.8850000e+00   1.6707514e-02   1.6911974e-02   1.6549468e-02
   4.8950000e+00   1.6722985e-02   1.6943908e-02   1.6551337e-02
   4.9050000e+00   1.6739990e-02   1.6977688e-02   1.6554402e-02
   4.9150000e+00   1.6726637e-02   1.6971875e-02   1.6534734e-02
   4.9250000e+00   1.6714100e-02   1.6967043e-02   1.6515723e-02
   4.9350000e+00   1.6702570e-02   1.6963512e-02   1.6497468e-02
   4.9450000e+00   1.6692138e-02   1.6961412e-02   1.6480032e-02
   4.9550000e+00   1.6682747e-02   1.6960611e-02   1.6463405e-02
   4.9650000e+00   1.6674390e-02   1.6961050e-02   1.6447606e-02
   4.9750000e+00   1.6667051e-02   1.6962739e-02   1.6432614e-02
   4.9850000e+00   1.6660806e-02   1.6965839e-02   1.6418451e-02
   4.9950000e+00   1.6655982e-02   1.6970735e-02   1.6405376e-02
