   3.0500000e-01   9.5864632e-01   9.6100318e-01   9.5608089e-01
   3.1500000e-01   9.5853127e-01   9.6090089e-01   9.5595413e-01
   3.2500000e-01   9.5844261e-01   9.6082582e-01   9.5585048e-01
   3.3500000e-01   9.5837203e-01   9.6076145e-01   9.5577260e-01
   3.4500000e-01   9.5829417e-01   9.6069631e-01   9.5568084e-01
   3.5500000e-01   9.5820099e-01   9.6061127e-01   9.5557958e-01
   3.6500000e-01   9.5822128e-01   9.6063797e-01   9.5559218e-01
   3.7500000e-01   9.5817816e-01   9.6060092e-01   9.5554345e-01
   3.8500000e-01   9.5815090e-01   9.6057919e-01   9.5551012e-01
   3.9500000e-01   9.5813704e-01   9.6057348e-01   9.5548734e-01
   4.0500000e-01   9.5815685e-01   9.6059811e-01   9.5550121e-01
   4.1500000e-01   9.5815557e-01   9.6060553e-01   9.5549101e-01
   4.2500000e-01   9.5819404e-01   9.6064721e-01   9.5552604e-01
   4.3500000e-01   9.5823161e-01   9.6068814e-01   9.5555951e-01
   4.4500000e-01   9.5824422e-01   9.6070422e-01   9.5556858e-01
   4.5500000e-01   9.5824877e-01   9.6071624e-01   9.5556536e-01
   4.6500000e-01   9.5824723e-01   9.6071412e-01   9.5556459e-01
   4.7500000e-01   9.5827996e-01   9.6075296e-01   9.5558990e-01
   4.8500000e-01   9.5829879e-01   9.6077234e-01   9.5560860e-01
   4.9500000e-01   9.5824745e-01   9.6072737e-01   9.5555021e-01
   5.0500000e-01   9.5817449e-01   9.6065715e-01   9.5547525e-01
   5.1500000e-01   9.5813757e-01   9.6061975e-01   9.5543733e-01
   5.2500000e-01   9.5805378e-01   9.6053664e-01   9.5535157e-01
   5.3500000e-01   9.5788893e-01   9.6037952e-01   9.5518156e-01
   5.4500000e-01   9.5774574e-01   9.6024653e-01   9.5502632e-01
   5.5500000e-01   9.5753449e-01   9.6003724e-01   9.5481422e-01
   5.6500000e-01   9.5740206e-01   9.5990916e-01   9.5467662e-01
   5.7500000e-01   9.5715590e-01   9.5966135e-01   9.5443269e-01
   5.8500000e-01   9.5693907e-01   9.5944813e-01   9.5420910e-01
   5.9500000e-01   9.5671218e-01   9.5922459e-01   9.5397929e-01
   6.0500000e-01   9.5631953e-01   9.5883171e-01   9.5358904e-01
   6.1500000e-01   9.5559274e-01   9.5814811e-01   9.5281847e-01
   6.2500000e-01   9.5519935e-01   9.5772815e-01   9.5244904e-01
   6.3500000e-01   9.5460133e-01   9.5713084e-01   9.5185183e-01
   6.4500000e-01   9.5383056e-01   9.5637419e-01   9.5107083e-01
   6.5500000e-01   9.5289691e-01   9.5542828e-01   9.5014216e-01
   6.6500000e-01   9.5241553e-01   9.5498239e-01   9.4962723e-01
   6.7500000e-01   9.5172788e-01   9.5431587e-01   9.4891789e-01
   6.8500000e-01   9.5102642e-01   9.5354849e-01   9.4827691e-01
   6.9500000e-01   9.4943877e-01   9.5199436e-01   9.4665811e-01
   7.0500000e-01   9.4819134e-01   9.5078006e-01   9.4538369e-01
   7.1500000e-01   9.4650493e-01   9.4913377e-01   9.4364857e-01
   7.2500000e-01   9.4544621e-01   9.4808228e-01   9.4258966e-01
   7.3500000e-01   9.4425250e-01   9.4690700e-01   9.4137999e-01
   7.4500000e-01   9.4181892e-01   9.4451984e-01   9.3890497e-01
   7.5500000e-01   9.3912767e-01   9.4183016e-01   9.3620730e-01
   7.6500000e-01   9.3596001e-01   9.3874211e-01   9.3296046e-01
   7.7500000e-01   9.3220787e-01   9.3504624e-01   9.2914789e-01
   7.8500000e-01   9.2851877e-01   9.3141272e-01   9.2540652e-01
   7.9500000e-01   9.2502245e-01   9.2803655e-01   9.2179473e-01
   8.0500000e-01   9.2249433e-01   9.2553818e-01   9.1924284e-01
   8.1500000e-01   9.2271359e-01   9.2577175e-01   9.1943647e-01
   8.2500000e-01   9.2204478e-01   9.2507753e-01   9.1878887e-01
   8.3500000e-01   9.2089486e-01   9.2389601e-01   9.1769479e-01
   8.4500000e-01   9.1711795e-01   9.2005768e-01   9.1397141e-01
   8.5500000e-01   9.1298433e-01   9.1625482e-01   9.0948836e-01
   8.6500000e-01   9.0596337e-01   9.0941645e-01   9.0227940e-01
   8.7500000e-01   8.9720834e-01   9.0091636e-01   8.9326277e-01
   8.8500000e-01   8.8845045e-01   8.9232260e-01   8.8432250e-01
   8.9500000e-01   8.8280220e-01   8.8682463e-01   8.7854594e-01
   9.0500000e-01   8.7976705e-01   8.8393469e-01   8.7537734e-01
   9.1500000e-01   8.7793852e-01   8.8216321e-01   8.7345680e-01
   9.2500000e-01   8.7440139e-01   8.7876135e-01   8.6979584e-01
   9.3500000e-01   8.7045531e-01   8.7488764e-01   8.6577547e-01
   9.4500000e-01   8.6576157e-01   8.7034865e-01   8.6092834e-01
   9.5500000e-01   8.5679925e-01   8.6162515e-01   8.5169080e-01
   9.6500000e-01   8.4301797e-01   8.4834588e-01   8.3741523e-01
   9.7500000e-01   8.2901995e-01   8.3471259e-01   8.2303134e-01
   9.8500000e-01   8.1543280e-01   8.2138947e-01   8.0914118e-01
   9.9500000e-01   7.9995053e-01   8.0645320e-01   7.9314221e-01
   1.0050000e+00   7.8323819e-01   7.9013572e-01   7.7595782e-01
   1.0150000e+00   7.6843065e-01   7.7591526e-01   7.6059703e-01
   1.0250000e+00   7.6172174e-01   7.6922777e-01   7.5383334e-01
   1.0350000e+00   7.6154906e-01   7.6916365e-01   7.5354848e-01
   1.0450000e+00   7.6537698e-01   7.7290496e-01   7.5750194e-01
   1.0550000e+00   7.7488245e-01   7.8209392e-01   7.6732905e-01
   1.0650000e+00   7.8471686e-01   7.9160978e-01   7.7746341e-01
   1.0750000e+00   7.9061437e-01   7.9745377e-01   7.8345475e-01
   1.0850000e+00   7.9449182e-01   8.0124490e-01   7.8740275e-01
   1.0950000e+00   7.9607772e-01   8.0277105e-01   7.8904740e-01
   1.1050000e+00   7.9610134e-01   8.0277885e-01   7.8907608e-01
   1.1150000e+00   7.9343414e-01   8.0021138e-01   7.8632772e-01
   1.1250000e+00   7.8759849e-01   7.9445948e-01   7.8038655e-01
   1.1350000e+00   7.7818392e-01   7.8537038e-01   7.7065698e-01
   1.1450000e+00   7.7358132e-01   7.8081933e-01   7.6597951e-01
   1.1550000e+00   7.5773756e-01   7.6539382e-01   7.4970161e-01
   1.1650000e+00   7.3244280e-01   7.4090408e-01   7.2358616e-01
   1.1750000e+00   7.0603505e-01   7.1499815e-01   6.9666571e-01
   1.1850000e+00   6.8258671e-01   6.9211811e-01   6.7262980e-01
   1.1950000e+00   6.6093223e-01   6.7094985e-01   6.5050251e-01
   1.2050000e+00   6.3398236e-01   6.4459398e-01   6.2293926e-01
   1.2150000e+00   6.0448007e-01   6.1557083e-01   5.9296399e-01
   1.2250000e+00   5.8661939e-01   5.9809744e-01   5.7471834e-01
   1.2350000e+00   5.7406420e-01   5.8567464e-01   5.6203720e-01
   1.2450000e+00   5.6493063e-01   5.7668329e-01   5.5275597e-01
   1.2550000e+00   5.6028778e-01   5.7213400e-01   5.4801792e-01
   1.2650000e+00   5.5778411e-01   5.6964970e-01   5.4549695e-01
   1.2750000e+00   5.5806585e-01   5.6992643e-01   5.4579028e-01
   1.2850000e+00   5.6132042e-01   5.7312668e-01   5.4909222e-01
   1.2950000e+00   5.6295634e-01   5.7475321e-01   5.5073867e-01
   1.3050000e+00   5.6448508e-01   5.7625368e-01   5.5229697e-01
   1.3150000e+00   5.6571943e-01   5.7748717e-01   5.5353077e-01
   1.3250000e+00   5.6626493e-01   5.7802869e-01   5.5408759e-01
   1.3350000e+00   5.6609843e-01   5.7784296e-01   5.5393240e-01
   1.3450000e+00   5.6369904e-01   5.7551799e-01   5.5146561e-01
   1.3550000e+00   5.6002193e-01   5.7186405e-01   5.4775795e-01
   1.3650000e+00   5.5634530e-01   5.6824073e-01   5.4403498e-01
   1.3750000e+00   5.4847180e-01   5.6049774e-01   5.3604467e-01
   1.3850000e+00   5.3678591e-01   5.4894739e-01   5.2421266e-01
   1.3950000e+00   5.1910837e-01   5.3146668e-01   5.0635348e-01
   1.4050000e+00   4.5682455e-01   4.6973205e-01   4.4358044e-01
   1.4150000e+00   3.6268071e-01   3.7581968e-01   3.4932195e-01
   1.4250000e+00   2.7153544e-01   2.8391757e-01   2.5908136e-01
   1.4350000e+00   2.0326706e-01   2.1438178e-01   1.9221397e-01
   1.4450000e+00   1.5686591e-01   1.6661992e-01   1.4725871e-01
   1.4550000e+00   1.1808657e-01   1.2630391e-01   1.1007961e-01
   1.4650000e+00   8.9510997e-02   9.6294404e-02   8.2967812e-02
   1.4750000e+00   7.0487235e-02   7.6133401e-02   6.5087579e-02
   1.4850000e+00   5.9944710e-02   6.4876737e-02   5.5256638e-02
   1.4950000e+00   5.6121761e-02   6.0775871e-02   5.1707985e-02
   1.5050000e+00   5.8169279e-02   6.2971059e-02   5.3609184e-02
   1.5150000e+00   6.1087843e-02   6.6102389e-02   5.6318027e-02
   1.5250000e+00   6.4067901e-02   6.9288101e-02   5.9092853e-02
   1.5350000e+00   6.8269341e-02   7.3774080e-02   6.3011679e-02
   1.5450000e+00   7.3443900e-02   7.9286347e-02   6.7848792e-02
   1.5550000e+00   7.9255302e-02   8.5456538e-02   7.3300623e-02
   1.5650000e+00   8.5936546e-02   9.2525994e-02   7.9590230e-02
   1.5750000e+00   9.4067779e-02   1.0111258e-01   8.7259902e-02
   1.5850000e+00   1.0345518e-01   1.1098852e-01   9.6150161e-02
   1.5950000e+00   1.1047017e-01   1.1833754e-01   1.0282045e-01
   1.6050000e+00   1.1725553e-01   1.2544794e-01   1.0927378e-01
   1.6150000e+00   1.2391553e-01   1.3240466e-01   1.1562884e-01
   1.6250000e+00   1.2800497e-01   1.3667031e-01   1.1953558e-01
   1.6350000e+00   1.3221451e-01   1.4107175e-01   1.2355151e-01
   1.6450000e+00   1.3677593e-01   1.4580746e-01   1.2792649e-01
   1.6550000e+00   1.4208413e-01   1.5133685e-01   1.3300849e-01
   1.6650000e+00   1.4819315e-01   1.5764898e-01   1.3890185e-01
   1.6750000e+00   1.5504139e-01   1.6476522e-01   1.4547135e-01
   1.6850000e+00   1.6163891e-01   1.7159006e-01   1.5183312e-01
   1.6950000e+00   1.6786060e-01   1.7799040e-01   1.5786148e-01
   1.7050000e+00   1.7437115e-01   1.8475236e-01   1.6411499e-01
   1.7150000e+00   1.8069729e-01   1.9123967e-01   1.7026281e-01
   1.7250000e+00   1.8730913e-01   1.9805402e-01   1.7666511e-01
   1.7350000e+00   1.9309647e-01   2.0399647e-01   1.8228075e-01
   1.7450000e+00   1.9743222e-01   2.0843612e-01   1.8650965e-01
   1.7550000e+00   2.0229825e-01   2.1344335e-01   1.9121864e-01
   1.7650000e+00   2.0632824e-01   2.1756030e-01   1.9515378e-01
   1.7750000e+00   2.0970430e-01   2.2102119e-01   1.9844078e-01
   1.7850000e+00   2.1299050e-01   2.2437096e-01   2.0166177e-01
   1.7950000e+00   2.1686937e-01   2.2836558e-01   2.0541131e-01
   1.8050000e+00   2.2082469e-01   2.3240584e-01   2.0927964e-01
   1.8150000e+00   2.2560760e-01   2.3729898e-01   2.1394008e-01
   1.8250000e+00   2.3039238e-01   2.4218461e-01   2.1862049e-01
   1.8350000e+00   2.3268299e-01   2.4449950e-01   2.2087845e-01
   1.8450000e+00   2.3119425e-01   2.4300024e-01   2.1940786e-01
   1.8550000e+00   2.2586696e-01   2.3753883e-01   2.1422291e-01
   1.8650000e+00   2.1095146e-01   2.2234621e-01   1.9960682e-01
   1.8750000e+00   1.8326775e-01   1.9390198e-01   1.7273382e-01
   1.8850000e+00   1.5439778e-01   1.6411877e-01   1.4483732e-01
   1.8950000e+00   1.2279066e-01   1.3128081e-01   1.1451024e-01
   1.9050000e+00   9.4631379e-02   1.0174022e-01   8.7764499e-02
   1.9150000e+00   6.7615899e-02   7.3116445e-02   6.2364604e-02
   1.9250000e+00   5.1265013e-02   5.5608505e-02   4.7159419e-02
   1.9350000e+00   3.9321101e-02   4.2693318e-02   3.6165627e-02
   1.9450000e+00   3.2197846e-02   3.4920952e-02   2.9670970e-02
   1.9550000e+00   2.7895653e-02   3.0193296e-02   2.5778136e-02
   1.9650000e+00   2.5281000e-02   2.7302768e-02   2.3427264e-02
   1.9750000e+00   2.3931038e-02   2.5805470e-02   2.2217725e-02
   1.9850000e+00   2.3279338e-02   2.5082051e-02   2.1634321e-02
   1.9950000e+00   2.3193715e-02   2.4988529e-02   2.1556060e-02
   2.0050000e+00   2.3446398e-02   2.5271838e-02   2.1779610e-02
   2.0150000e+00   2.4071245e-02   2.5969400e-02   2.2335345e-02
   2.0250000e+00   2.4852826e-02   2.6839636e-02   2.3032326e-02
   2.0350000e+00   2.5813634e-02   2.7906489e-02   2.3892088e-02
   2.0450000e+00   2.7175510e-02   2.9415617e-02   2.5113201e-02
   2.0550000e+00   2.9216492e-02   3.1666616e-02   2.6952519e-02
   2.0650000e+00   3.1816478e-02   3.4524277e-02   2.9304592e-02
   2.0750000e+00   3.5532710e-02   3.8590895e-02   3.2682454e-02
   2.0850000e+00   4.0232449e-02   4.3708047e-02   3.6976258e-02
   2.0950000e+00   4.6401763e-02   5.0388121e-02   4.2647124e-02
   2.1050000e+00   5.4593293e-02   5.9213731e-02   5.0216283e-02
   2.1150000e+00   6.2944553e-02   6.8161746e-02   5.7976627e-02
   2.1250000e+00   7.3842567e-02   7.9773844e-02   6.8163420e-02
   2.1350000e+00   8.5738346e-02   9.2394423e-02   7.9332422e-02
   2.1450000e+00   9.7706766e-02   1.0500826e-01   9.0646320e-02
   2.1550000e+00   1.0999981e-01   1.1792328e-01   1.0230652e-01
   2.1650000e+00   1.2167635e-01   1.3013954e-01   1.1342994e-01
   2.1750000e+00   1.3335733e-01   1.4232677e-01   1.2458422e-01
   2.1850000e+00   1.4383441e-01   1.5319751e-01   1.3465389e-01
   2.1950000e+00   1.5373360e-01   1.6348507e-01   1.4415109e-01
   2.2050000e+00   1.6197057e-01   1.7201624e-01   1.5208002e-01
   2.2150000e+00   1.7111048e-01   1.8141748e-01   1.6093419e-01
   2.2250000e+00   1.7891955e-01   1.8947020e-01   1.6848160e-01
   2.2350000e+00   1.8536820e-01   1.9612799e-01   1.7472068e-01
   2.2450000e+00   1.8959215e-01   2.0048765e-01   1.7880335e-01
   2.2550000e+00   1.8764857e-01   1.9848953e-01   1.7691904e-01
   2.2650000e+00   1.8369195e-01   1.9440722e-01   1.7308758e-01
   2.2750000e+00   1.7520239e-01   1.8566913e-01   1.6487267e-01
   2.2850000e+00   1.6524471e-01   1.7535885e-01   1.5526929e-01
   2.2950000e+00   1.5338935e-01   1.6309266e-01   1.4384478e-01
   2.3050000e+00   1.4067994e-01   1.4994502e-01   1.3160310e-01
   2.3150000e+00   1.2863427e-01   1.3737724e-01   1.2009953e-01
   2.3250000e+00   1.1797429e-01   1.2630267e-01   1.0986660e-01
   2.3350000e+00   1.0840594e-01   1.1630051e-01   1.0075140e-01
   2.3450000e+00   1.0010447e-01   1.0756704e-01   9.2885478e-02
   2.3550000e+00   9.3343234e-02   1.0046416e-01   8.6476902e-02
   2.3650000e+00   8.8287531e-02   9.5128683e-02   8.1695302e-02
   2.3750000e+00   8.4010550e-02   9.0589389e-02   7.7682402e-02
   2.3850000e+00   8.0943037e-02   8.7351742e-02   7.4789662e-02
   2.3950000e+00   7.8289478e-02   8.4542444e-02   7.2292124e-02
   2.4050000e+00   7.5988212e-02   8.2107751e-02   7.0122350e-02
   2.4150000e+00   7.3840229e-02   7.9820183e-02   6.8118153e-02
   2.4250000e+00   7.2043100e-02   7.7916218e-02   6.6425223e-02
   2.4350000e+00   7.0068312e-02   7.5815214e-02   6.4573819e-02
   2.4450000e+00   6.7946929e-02   7.3556129e-02   6.2592512e-02
   2.4550000e+00   6.6102007e-02   7.1604050e-02   6.0849717e-02
   2.4650000e+00   6.4125988e-02   6.9498739e-02   5.9005848e-02
   2.4750000e+00   6.2376637e-02   6.7635980e-02   5.7371286e-02
   2.4850000e+00   6.0711805e-02   6.5858427e-02   5.5817591e-02
   2.4950000e+00   5.9075228e-02   6.4107369e-02   5.4291951e-02
   2.5050000e+00   5.7947373e-02   6.2906135e-02   5.3239386e-02
   2.5150000e+00   5.7258628e-02   6.2182238e-02   5.2585934e-02
   2.5250000e+00   5.6819125e-02   6.1706064e-02   5.2179152e-02
   2.5350000e+00   5.6816794e-02   6.1721468e-02   5.2163035e-02
   2.5450000e+00   5.6626940e-02   6.1505593e-02   5.1997725e-02
   2.5550000e+00   5.6907809e-02   6.1785468e-02   5.2272748e-02
   2.5650000e+00   5.7657593e-02   6.2597495e-02   5.2962149e-02
   2.5750000e+00   5.7758074e-02   6.2732450e-02   5.3037166e-02
   2.5850000e+00   5.7667406e-02   6.2630362e-02   5.2950278e-02
   2.5950000e+00   5.6579360e-02   6.1444982e-02   5.1955345e-02
   2.6050000e+00   5.4789435e-02   5.9544826e-02   5.0276874e-02
   2.6150000e+00   5.2477689e-02   5.7090423e-02   4.8111313e-02
   2.6250000e+00   4.7801622e-02   5.2063845e-02   4.3775839e-02
   2.6350000e+00   4.1748227e-02   4.5546692e-02   3.8174046e-02
   2.6450000e+00   3.6847896e-02   4.0256158e-02   3.3652142e-02
   2.6550000e+00   3.2780693e-02   3.5851797e-02   2.9912067e-02
   2.6650000e+00   2.9417664e-02   3.2200973e-02   2.6825416e-02
   2.6750000e+00   2.6541863e-02   2.9070878e-02   2.4193552e-02
   2.6850000e+00   1.8953837e-02   2.0746172e-02   1.7306368e-02
   2.6950000e+00   1.4552691e-02   1.5885237e-02   1.3339582e-02
   2.7050000e+00   1.1742059e-02   1.2764007e-02   1.0820015e-02
   2.7150000e+00   9.8184233e-03   1.0619668e-02   9.1016255e-03
   2.7250000e+00   8.4307043e-03   9.0707595e-03   7.8627135e-03
   2.7350000e+00   5.8467969e-03   6.1306324e-03   5.6033391e-03
   2.7450000e+00   4.8035423e-03   4.9491900e-03   4.6819424e-03
   2.7550000e+00   4.1946077e-03   4.2781574e-03   4.1260823e-03
   2.7650000e+00   3.7434866e-03   3.7964611e-03   3.7003715e-03
   2.7750000e+00   3.3626784e-03   3.3995837e-03   3.3326050e-03
   2.7850000e+00   2.9352092e-03   2.9567682e-03   2.9172735e-03
   2.7950000e+00   2.5424643e-03   2.5580639e-03   2.5290793e-03
   2.8050000e+00   2.2034317e-03   2.2175256e-03   2.1911297e-03
   2.8150000e+00   1.9169203e-03   1.9308601e-03   1.9046087e-03
   2.8250000e+00   1.7102759e-03   1.7235726e-03   1.6982786e-03
   2.8350000e+00   1.6428858e-03   1.6551152e-03   1.6316361e-03
   2.8450000e+00   1.8107381e-03   1.8221021e-03   1.8001435e-03
   2.8550000e+00   2.3194574e-03   2.3307403e-03   2.3088676e-03
   2.8650000e+00   3.2180443e-03   3.2298346e-03   3.2069559e-03
   2.8750000e+00   4.8353956e-03   4.8478069e-03   4.8237366e-03
   2.8850000e+00   6.9489457e-03   6.9615240e-03   6.9371653e-03
   2.8950000e+00   9.6701926e-03   9.6821089e-03   9.6590888e-03
   2.9050000e+00   1.2481474e-02   1.2491954e-02   1.2471781e-02
   2.9150000e+00   1.5382961e-02   1.5391441e-02   1.5375211e-02
   2.9250000e+00   1.7696388e-02   1.7702626e-02   1.7690801e-02
   2.9350000e+00   1.9959807e-02   1.9963731e-02   1.9956449e-02
   2.9450000e+00   2.1452028e-02   2.1454112e-02   2.1450439e-02
   2.9550000e+00   2.3075252e-02   2.3075421e-02   2.3075507e-02
   2.9650000e+00   2.4800972e-02   2.4799154e-02   2.4803138e-02
   2.9750000e+00   2.6790275e-02   2.6786194e-02   2.6794618e-02
   2.9850000e+00   2.8891151e-02   2.8884650e-02   2.8897822e-02
   2.9950000e+00   3.1480981e-02   3.1471376e-02   3.1490636e-02
   3.0050000e+00   3.4161660e-02   3.4148725e-02   3.4174515e-02
   3.0150000e+00   3.6989843e-02   3.6973117e-02   3.7006338e-02
   3.0250000e+00   3.9869643e-02   3.9848834e-02   3.9890060e-02
   3.0350000e+00   4.2816356e-02   4.2791082e-02   4.2841064e-02
   3.0450000e+00   4.5733934e-02   4.5703822e-02   4.5763290e-02
   3.0550000e+00   4.8739931e-02   4.8704513e-02   4.8774389e-02
   3.0650000e+00   5.0044019e-02   5.0005092e-02   5.0081860e-02
   3.0750000e+00   5.1012316e-02   5.0970337e-02   5.1053107e-02
   3.0850000e+00   5.0545720e-02   5.0502857e-02   5.0587380e-02
   3.0950000e+00   5.0139776e-02   5.0096183e-02   5.0182157e-02
   3.1050000e+00   4.8909492e-02   4.8866717e-02   4.8951102e-02
   3.1150000e+00   4.7919296e-02   4.7877167e-02   4.7960300e-02
   3.1250000e+00   4.7190086e-02   4.7148485e-02   4.7230593e-02
   3.1350000e+00   4.6670002e-02   4.6628706e-02   4.6710228e-02
   3.1450000e+00   4.6065448e-02   4.6024660e-02   4.6105195e-02
   3.1550000e+00   4.5655963e-02   4.5615466e-02   4.5695440e-02
   3.1650000e+00   4.4748039e-02   4.4708630e-02   4.4786476e-02
   3.1750000e+00   4.4046224e-02   4.4007660e-02   4.4083854e-02
   3.1850000e+00   4.2761243e-02   4.2724435e-02   4.2797186e-02
   3.1950000e+00   4.1655563e-02   4.1620284e-02   4.1690036e-02
   3.2050000e+00   4.0256081e-02   4.0222776e-02   4.0288653e-02
   3.2150000e+00   3.8966509e-02   3.8935031e-02   3.8997322e-02
   3.2250000e+00   3.7826201e-02   3.7796323e-02   3.7855471e-02
   3.2350000e+00   3.6735024e-02   3.6706681e-02   3.6762815e-02
   3.2450000e+00   3.5849476e-02   3.5822371e-02   3.5876074e-02
   3.2550000e+00   3.5013650e-02   3.4987715e-02   3.5039119e-02
   3.2650000e+00   3.4074591e-02   3.4049972e-02   3.4098792e-02
   3.2750000e+00   3.3134519e-02   3.3111220e-02   3.3157448e-02
   3.2850000e+00   3.2318439e-02   3.2296271e-02   3.2340277e-02
   3.2950000e+00   3.1575814e-02   3.1554664e-02   3.1596670e-02
   3.3050000e+00   3.0907453e-02   3.0887222e-02   3.0927423e-02
   3.3150000e+00   3.0314391e-02   3.0294978e-02   3.0333572e-02
   3.3250000e+00   2.9736677e-02   2.9718061e-02   2.9755089e-02
   3.3350000e+00   2.9179057e-02   2.9161208e-02   2.9196730e-02
   3.3450000e+00   2.8628976e-02   2.8611886e-02   2.8645918e-02
   3.3550000e+00   2.8100022e-02   2.8083660e-02   2.8116264e-02
   3.3650000e+00   2.7576959e-02   2.7561321e-02   2.7592504e-02
   3.3750000e+00   2.7087491e-02   2.7072530e-02   2.7102387e-02
   3.3850000e+00   2.6608609e-02   2.6594318e-02   2.6622865e-02
   3.3950000e+00   2.6162919e-02   2.6149269e-02   2.6176570e-02
   3.4050000e+00   2.5749429e-02   2.5736398e-02   2.5762503e-02
   3.4150000e+00   2.5347443e-02   2.5335071e-02   2.5359922e-02
   3.4250000e+00   2.4984273e-02   2.4972580e-02   2.4996159e-02
   3.4350000e+00   2.4623084e-02   2.4612239e-02   2.4634269e-02
   3.4450000e+00   2.4291355e-02   2.4281508e-02   2.4301747e-02
   3.4550000e+00   2.3964746e-02   2.3956298e-02   2.3974072e-02
   3.4650000e+00   2.3656418e-02   2.3649887e-02   2.3664315e-02
   3.4750000e+00   2.3366590e-02   2.3362682e-02   2.3372551e-02
   3.4850000e+00   2.3083148e-02   2.3083200e-02   2.3086188e-02
   3.4950000e+00   2.2823727e-02   2.2828508e-02   2.2823245e-02
   3.5050000e+00   2.2570692e-02   2.2582376e-02   2.2565020e-02
   3.5150000e+00   2.2341459e-02   2.2361901e-02   2.2329121e-02
   3.5250000e+00   2.2131790e-02   2.2163306e-02   2.2110910e-02
   3.5350000e+00   2.1937399e-02   2.1983959e-02   2.1904756e-02
   3.5450000e+00   2.1767212e-02   2.1829615e-02   2.1722004e-02
   3.5550000e+00   2.1614388e-02   2.1697390e-02   2.1552644e-02
   3.5650000e+00   2.1485244e-02   2.1588799e-02   2.1406807e-02
   3.5750000e+00   2.1371485e-02   2.1495179e-02   2.1276516e-02
   3.5850000e+00   2.1273925e-02   2.1421644e-02   2.1159080e-02
   3.5950000e+00   2.1197002e-02   2.1373366e-02   2.1058212e-02
   3.6050000e+00   2.1145477e-02   2.1355986e-02   2.0977898e-02
   3.6150000e+00   2.1127333e-02   2.1378966e-02   2.0924764e-02
   3.6250000e+00   2.1140053e-02   2.1437120e-02   2.0898420e-02
   3.6350000e+00   2.1081025e-02   2.1395130e-02   2.0824659e-02
   3.6450000e+00   2.1028412e-02   2.1360722e-02   2.0756212e-02
   3.6550000e+00   2.0979639e-02   2.1330474e-02   2.0691251e-02
   3.6650000e+00   2.0938912e-02   2.1310167e-02   2.0632741e-02
   3.6750000e+00   2.0903336e-02   2.1295322e-02   2.0578929e-02
   3.6850000e+00   2.0876011e-02   2.1290358e-02   2.0531929e-02
   3.6950000e+00   2.0855297e-02   2.1293060e-02   2.0490598e-02
   3.7050000e+00   2.0843574e-02   2.1305909e-02   2.0457053e-02
   3.7150000e+00   2.0840043e-02   2.1328281e-02   2.0430520e-02
   3.7250000e+00   2.0847400e-02   2.1363564e-02   2.0413081e-02
   3.7350000e+00   2.0808620e-02   2.1341205e-02   2.0359529e-02
   3.7450000e+00   2.0652182e-02   2.1175009e-02   2.0211724e-02
   3.7550000e+00   2.0496261e-02   2.1009456e-02   2.0064336e-02
   3.7650000e+00   2.0341492e-02   2.0844787e-02   1.9918203e-02
   3.7750000e+00   2.0188780e-02   2.0682819e-02   1.9773648e-02
   3.7850000e+00   1.9970975e-02   2.0438313e-02   1.9579513e-02
   3.7950000e+00   1.9761890e-02   2.0203381e-02   1.9393145e-02
   3.8050000e+00   1.9564809e-02   1.9982877e-02   1.9216649e-02
   3.8150000e+00   1.9375209e-02   1.9771131e-02   1.9046493e-02
   3.8250000e+00   1.9195271e-02   1.9570641e-02   1.8884460e-02
   3.8350000e+00   1.9020926e-02   1.9376617e-02   1.8727230e-02
   3.8450000e+00   1.8854774e-02   1.9192622e-02   1.8576619e-02
   3.8550000e+00   1.8691333e-02   1.9007542e-02   1.8431924e-02
   3.8650000e+00   1.8535583e-02   1.8830464e-02   1.8294581e-02
   3.8750000e+00   1.8389714e-02   1.8665311e-02   1.8165313e-02
   3.8850000e+00   1.8250984e-02   1.8508660e-02   1.8041953e-02
   3.8950000e+00   1.8119715e-02   1.8360891e-02   1.7924751e-02
   3.9050000e+00   1.7994022e-02   1.8219826e-02   1.7812136e-02
   3.9150000e+00   1.7874461e-02   1.8086271e-02   1.7704454e-02
   3.9250000e+00   1.7759986e-02   1.7958832e-02   1.7600928e-02
   3.9350000e+00   1.7649451e-02   1.7836128e-02   1.7500639e-02
   3.9450000e+00   1.7543530e-02   1.7719094e-02   1.7404043e-02
   3.9550000e+00   1.7440956e-02   1.7606134e-02   1.7310156e-02
   3.9650000e+00   1.7341931e-02   1.7497479e-02   1.7219140e-02
   3.9750000e+00   1.7252905e-02   1.7398432e-02   1.7138441e-02
   3.9850000e+00   1.7172423e-02   1.7308119e-02   1.7066105e-02
   3.9950000e+00   1.7095436e-02   1.7222129e-02   1.6996546e-02
   4.0050000e+00   1.7021242e-02   1.7139582e-02   1.6929218e-02
   4.0150000e+00   1.6949811e-02   1.7060482e-02   1.6864067e-02
   4.0250000e+00   1.6880833e-02   1.6984448e-02   1.6800847e-02
   4.0350000e+00   1.6813966e-02   1.6911032e-02   1.6739297e-02
   4.0450000e+00   1.6749100e-02   1.6840123e-02   1.6679318e-02
   4.0550000e+00   1.6685953e-02   1.6771395e-02   1.6620675e-02
   4.0650000e+00   1.6624448e-02   1.6704740e-02   1.6563311e-02
   4.0750000e+00   1.6564422e-02   1.6639947e-02   1.6507101e-02
   4.0850000e+00   1.6505639e-02   1.6576731e-02   1.6451857e-02
   4.0950000e+00   1.6448086e-02   1.6515082e-02   1.6397564e-02
   4.1050000e+00   1.6398105e-02   1.6461221e-02   1.6350660e-02
   4.1150000e+00   1.6353438e-02   1.6412888e-02   1.6308887e-02
   4.1250000e+00   1.6309720e-02   1.6365773e-02   1.6267845e-02
   4.1350000e+00   1.6266855e-02   1.6319761e-02   1.6227451e-02
   4.1450000e+00   1.6224780e-02   1.6274765e-02   1.6187662e-02
   4.1550000e+00   1.6183423e-02   1.6230691e-02   1.6148425e-02
   4.1650000e+00   1.6142705e-02   1.6187439e-02   1.6109675e-02
   4.1750000e+00   1.6102587e-02   1.6144967e-02   1.6071382e-02
   4.1850000e+00   1.6063027e-02   1.6103213e-02   1.6033515e-02
   4.1950000e+00   1.6023956e-02   1.6062086e-02   1.5996024e-02
   4.2050000e+00   1.5985349e-02   1.6021559e-02   1.5958887e-02
   4.2150000e+00   1.5947177e-02   1.5981601e-02   1.5922079e-02
   4.2250000e+00   1.5909410e-02   1.5942171e-02   1.5885578e-02
   4.2350000e+00   1.5872011e-02   1.5903217e-02   1.5849359e-02
   4.2450000e+00   1.5840248e-02   1.5869182e-02   1.5819322e-02
   4.2550000e+00   1.5812880e-02   1.5839270e-02   1.5793882e-02
   4.2650000e+00   1.5786404e-02   1.5810532e-02   1.5769109e-02
   4.2750000e+00   1.5760700e-02   1.5782811e-02   1.5744916e-02
   4.2850000e+00   1.5735673e-02   1.5755981e-02   1.5721231e-02
   4.2950000e+00   1.5711247e-02   1.5729945e-02   1.5697996e-02
   4.3050000e+00   1.5687355e-02   1.5704618e-02   1.5675162e-02
   4.3150000e+00   1.5663939e-02   1.5679917e-02   1.5652685e-02
   4.3250000e+00   1.5640943e-02   1.5655771e-02   1.5630527e-02
   4.3350000e+00   1.5618323e-02   1.5632120e-02   1.5608654e-02
   4.3450000e+00   1.5596043e-02   1.5608914e-02   1.5587040e-02
   4.3550000e+00   1.5584672e-02   1.5596520e-02   1.5576407e-02
   4.3650000e+00   1.5578251e-02   1.5589120e-02   1.5570688e-02
   4.3750000e+00   1.5572212e-02   1.5582221e-02   1.5565263e-02
   4.3850000e+00   1.5566513e-02   1.5575766e-02   1.5560102e-02
   4.3950000e+00   1.5576518e-02   1.5585118e-02   1.5570573e-02
   4.4050000e+00   1.5590613e-02   1.5598634e-02   1.5585081e-02
   4.4150000e+00   1.5604922e-02   1.5612424e-02   1.5599759e-02
   4.4250000e+00   1.5619427e-02   1.5626464e-02   1.5614595e-02
   4.4350000e+00   1.5634114e-02   1.5640732e-02   1.5629578e-02
   4.4450000e+00   1.5650824e-02   1.5657081e-02   1.5646543e-02
   4.4550000e+00   1.5684337e-02   1.5690400e-02   1.5680201e-02
   4.4650000e+00   1.5717894e-02   1.5723771e-02   1.5713897e-02
   4.4750000e+00   1.5751495e-02   1.5757193e-02   1.5747632e-02
   4.4850000e+00   1.5785137e-02   1.5790664e-02   1.5781403e-02
   4.4950000e+00   1.5818821e-02   1.5824183e-02   1.5815211e-02
   4.5050000e+00   1.5852545e-02   1.5857748e-02   1.5849055e-02
   4.5150000e+00   1.5893190e-02   1.5898503e-02   1.5889638e-02
   4.5250000e+00   1.5933883e-02   1.5939312e-02   1.5930263e-02
   4.5350000e+00   1.5974625e-02   1.5980178e-02   1.5970932e-02
   4.5450000e+00   1.6015416e-02   1.6021102e-02   1.6011644e-02
   4.5550000e+00   1.6054516e-02   1.6060583e-02   1.6050491e-02
   4.5650000e+00   1.6086118e-02   1.6092690e-02   1.6081748e-02
   4.5750000e+00   1.6110678e-02   1.6117832e-02   1.6105904e-02
   4.5850000e+00   1.6117154e-02   1.6125034e-02   1.6111864e-02
   4.5950000e+00   1.6105613e-02   1.6114390e-02   1.6099676e-02
   4.6050000e+00   1.6094482e-02   1.6104285e-02   1.6087801e-02
   4.6150000e+00   1.6083818e-02   1.6094797e-02   1.6076281e-02
   4.6250000e+00   1.6073691e-02   1.6086023e-02   1.6065165e-02
   4.6350000e+00   1.6064185e-02   1.6078075e-02   1.6054514e-02
   4.6450000e+00   1.6055404e-02   1.6071093e-02   1.6044403e-02
   4.6550000e+00   1.6047468e-02   1.6065240e-02   1.6034922e-02
   4.6650000e+00   1.6040527e-02   1.6060711e-02   1.6026178e-02
   4.6750000e+00   1.6034759e-02   1.6057743e-02   1.6018307e-02
   4.6850000e+00   1.6030388e-02   1.6056627e-02   1.6011473e-02
   4.6950000e+00   1.6027684e-02   1.6057716e-02   1.6005882e-02
   4.7050000e+00   1.6026979e-02   1.6061439e-02   1.6001785e-02
   4.7150000e+00   1.6028679e-02   1.6068310e-02   1.5999491e-02
   4.7250000e+00   1.6016516e-02   1.6060329e-02   1.5984074e-02
   4.7350000e+00   1.5994489e-02   1.6041627e-02   1.5959443e-02
   4.7450000e+00   1.5973391e-02   1.6024128e-02   1.5935515e-02
   4.7550000e+00   1.5953315e-02   1.6007949e-02   1.5912367e-02
   4.7650000e+00   1.5934352e-02   1.5993198e-02   1.5890071e-02
   4.7750000e+00   1.5916610e-02   1.5980007e-02   1.5868715e-02
   4.7850000e+00   1.5900213e-02   1.5968533e-02   1.5848394e-02
   4.7950000e+00   1.5885322e-02   1.5958978e-02   1.5829233e-02
   4.8050000e+00   1.5872091e-02   1.5951524e-02   1.5811361e-02
   4.8150000e+00   1.5860650e-02   1.5946320e-02   1.5794888e-02
   4.8250000e+00   1.5851190e-02   1.5943598e-02   1.5779967e-02
   4.8350000e+00   1.5843976e-02   1.5943697e-02   1.5766804e-02
   4.8450000e+00   1.5839276e-02   1.5946955e-02   1.5755610e-02
   4.8550000e+00   1.5837352e-02   1.5953673e-02   1.5746605e-02
   4.8650000e+00   1.5838481e-02   1.5964167e-02   1.5740024e-02
   4.8750000e+00   1.5842995e-02   1.5978836e-02   1.5736143e-02
   4.8850000e+00   1.5851259e-02   1.5998135e-02   1.5735251e-02
   4.8950000e+00   1.5863831e-02   1.6022732e-02   1.5737805e-02
   4.9050000e+00   1.5877815e-02   1.6048987e-02   1.5741518e-02
   4.9150000e+00   1.5864106e-02   1.6040804e-02   1.5723156e-02
   4.9250000e+00   1.5851151e-02   1.6033499e-02   1.5705429e-02
   4.9350000e+00   1.5839115e-02   1.6027331e-02   1.5688436e-02
   4.9450000e+00   1.5828081e-02   1.6022407e-02   1.5672239e-02
   4.9550000e+00   1.5818002e-02   1.6018632e-02   1.5656826e-02
   4.9650000e+00   1.5808876e-02   1.6015969e-02   1.5642214e-02
   4.9750000e+00   1.5800688e-02   1.6014416e-02   1.5628383e-02
   4.9850000e+00   1.5793501e-02   1.6014096e-02   1.5615357e-02
   4.9950000e+00   1.5787614e-02   1.6015355e-02   1.5603385e-02
