   3.0500000e-01   9.4026442e-01   9.4222828e-01   9.3808939e-01
   3.1500000e-01   9.4041510e-01   9.4238210e-01   9.3823682e-01
   3.2500000e-01   9.4061281e-01   9.4257879e-01   9.3843494e-01
   3.3500000e-01   9.4082437e-01   9.4278378e-01   9.3865384e-01
   3.4500000e-01   9.4106969e-01   9.4302597e-01   9.3890178e-01
   3.5500000e-01   9.4130238e-01   9.4325366e-01   9.3914001e-01
   3.6500000e-01   9.4166241e-01   9.4360590e-01   9.3950802e-01
   3.7500000e-01   9.4197127e-01   9.4390902e-01   9.3982345e-01
   3.8500000e-01   9.4230324e-01   9.4423324e-01   9.4016409e-01
   3.9500000e-01   9.4266595e-01   9.4458793e-01   9.4053458e-01
   4.0500000e-01   9.4305814e-01   9.4496852e-01   9.4093829e-01
   4.1500000e-01   9.4345381e-01   9.4535916e-01   9.4133929e-01
   4.2500000e-01   9.4387658e-01   9.4577337e-01   9.4177165e-01
   4.3500000e-01   9.4429933e-01   9.4618556e-01   9.4220542e-01
   4.4500000e-01   9.4470085e-01   9.4657752e-01   9.4261705e-01
   4.5500000e-01   9.4510868e-01   9.4697834e-01   9.4303170e-01
   4.6500000e-01   9.4548391e-01   9.4734199e-01   9.4341971e-01
   4.7500000e-01   9.4591100e-01   9.4776066e-01   9.4385504e-01
   4.8500000e-01   9.4630844e-01   9.4814964e-01   9.4426165e-01
   4.9500000e-01   9.4664761e-01   9.4848253e-01   9.4460719e-01
   5.0500000e-01   9.4695400e-01   9.4878496e-01   9.4491883e-01
   5.1500000e-01   9.4726800e-01   9.4908701e-01   9.4524501e-01
   5.2500000e-01   9.4753348e-01   9.4934232e-01   9.4552082e-01
   5.3500000e-01   9.4774760e-01   9.4955898e-01   9.4573230e-01
   5.4500000e-01   9.4796925e-01   9.4977976e-01   9.4595403e-01
   5.5500000e-01   9.4809528e-01   9.4990428e-01   9.4608240e-01
   5.6500000e-01   9.4828328e-01   9.5008989e-01   9.4627174e-01
   5.7500000e-01   9.4834156e-01   9.5014418e-01   9.4633517e-01
   5.8500000e-01   9.4840946e-01   9.5020738e-01   9.4640731e-01
   5.9500000e-01   9.4847423e-01   9.5027148e-01   9.4647209e-01
   6.0500000e-01   9.4836357e-01   9.5016593e-01   9.4635787e-01
   6.1500000e-01   9.4798851e-01   9.4982534e-01   9.4593873e-01
   6.2500000e-01   9.4772610e-01   9.4954303e-01   9.4570255e-01
   6.3500000e-01   9.4732464e-01   9.4915109e-01   9.4529226e-01
   6.4500000e-01   9.4679643e-01   9.4865133e-01   9.4473443e-01
   6.5500000e-01   9.4591681e-01   9.4777219e-01   9.4385901e-01
   6.6500000e-01   9.4576140e-01   9.4764357e-01   9.4366818e-01
   6.7500000e-01   9.4528536e-01   9.4718543e-01   9.4316953e-01
   6.8500000e-01   9.4441572e-01   9.4626277e-01   9.4236327e-01
   6.9500000e-01   9.4291875e-01   9.4475964e-01   9.4084504e-01
   7.0500000e-01   9.4193652e-01   9.4390635e-01   9.3975366e-01
   7.1500000e-01   9.4032871e-01   9.4232219e-01   9.3810883e-01
   7.2500000e-01   9.3939518e-01   9.4144175e-01   9.3712757e-01
   7.3500000e-01   9.3830128e-01   9.4037413e-01   9.3600333e-01
   7.4500000e-01   9.3593568e-01   9.3809526e-01   9.3354239e-01
   7.5500000e-01   9.3308572e-01   9.3529692e-01   9.3064795e-01
   7.6500000e-01   9.3000783e-01   9.3231637e-01   9.2745653e-01
   7.7500000e-01   9.2618834e-01   9.2858174e-01   9.2354158e-01
   7.8500000e-01   9.2249252e-01   9.2499364e-01   9.1973457e-01
   7.9500000e-01   9.1925100e-01   9.2189435e-01   9.1633357e-01
   8.0500000e-01   9.1672572e-01   9.1941762e-01   9.1374800e-01
   8.1500000e-01   9.1709007e-01   9.1978607e-01   9.1411748e-01
   8.2500000e-01   9.1634094e-01   9.1900902e-01   9.1339828e-01
   8.3500000e-01   9.1519339e-01   9.1793321e-01   9.1219801e-01
   8.4500000e-01   9.1093477e-01   9.1369853e-01   9.0794636e-01
   8.5500000e-01   9.0763812e-01   9.1060254e-01   9.0437782e-01
   8.6500000e-01   9.0074460e-01   9.0390091e-01   8.9727047e-01
   8.7500000e-01   8.9223012e-01   8.9564289e-01   8.8847102e-01
   8.8500000e-01   8.8332478e-01   8.8687851e-01   8.7940636e-01
   8.9500000e-01   8.7792893e-01   8.8171650e-01   8.7377617e-01
   9.0500000e-01   8.7528400e-01   8.7924555e-01   8.7095029e-01
   9.1500000e-01   8.7338745e-01   8.7729488e-01   8.6908497e-01
   9.2500000e-01   8.7015300e-01   8.7422983e-01   8.6567502e-01
   9.3500000e-01   8.6618399e-01   8.7035620e-01   8.6161402e-01
   9.4500000e-01   8.6168178e-01   8.6599516e-01   8.5695212e-01
   9.5500000e-01   8.5270093e-01   8.5718605e-01   8.4778087e-01
   9.6500000e-01   8.3960857e-01   8.4459225e-01   8.3414616e-01
   9.7500000e-01   8.2562811e-01   8.3093588e-01   8.1981647e-01
   9.8500000e-01   8.1156376e-01   8.1700697e-01   8.0557885e-01
   9.9500000e-01   7.9687761e-01   8.0294876e-01   7.9023917e-01
   1.0050000e+00   7.7976137e-01   7.8603249e-01   7.7288122e-01
   1.0150000e+00   7.6601382e-01   7.7295600e-01   7.5843140e-01
   1.0250000e+00   7.5862162e-01   7.6550254e-01   7.5109481e-01
   1.0350000e+00   7.5885413e-01   7.6582164e-01   7.5122643e-01
   1.0450000e+00   7.6289670e-01   7.6988889e-01   7.5526420e-01
   1.0550000e+00   7.7214228e-01   7.7886465e-01   7.6481220e-01
   1.0650000e+00   7.8160486e-01   7.8796619e-01   7.7465364e-01
   1.0750000e+00   7.8803756e-01   7.9440338e-01   7.8107759e-01
   1.0850000e+00   7.9192408e-01   7.9818507e-01   7.8507705e-01
   1.0950000e+00   7.9343816e-01   7.9963956e-01   7.8665595e-01
   1.1050000e+00   7.9338353e-01   7.9955365e-01   7.8663527e-01
   1.1150000e+00   7.9091458e-01   7.9719974e-01   7.8403961e-01
   1.1250000e+00   7.8477583e-01   7.9112386e-01   7.7784020e-01
   1.1350000e+00   7.7577737e-01   7.8246873e-01   7.6847654e-01
   1.1450000e+00   7.7082658e-01   7.7750857e-01   7.6352638e-01
   1.1550000e+00   7.5499017e-01   7.6200039e-01   7.4731950e-01
   1.1650000e+00   7.3044294e-01   7.3820851e-01   7.2195992e-01
   1.1750000e+00   7.0359399e-01   7.1183890e-01   6.9461221e-01
   1.1850000e+00   6.8026929e-01   6.8900239e-01   6.7076161e-01
   1.1950000e+00   6.5877188e-01   6.6796024e-01   6.4877335e-01
   1.2050000e+00   6.3201829e-01   6.4174987e-01   6.2145873e-01
   1.2150000e+00   6.0228330e-01   6.1243080e-01   5.9128459e-01
   1.2250000e+00   5.8478269e-01   5.9529953e-01   5.7340536e-01
   1.2350000e+00   5.7201954e-01   5.8268300e-01   5.6050413e-01
   1.2450000e+00   5.6284950e-01   5.7359379e-01   5.5123790e-01
   1.2550000e+00   5.5828114e-01   5.6908926e-01   5.4659863e-01
   1.2650000e+00   5.5572211e-01   5.6654949e-01   5.4401960e-01
   1.2750000e+00   5.5604636e-01   5.6689665e-01   5.4432723e-01
   1.2850000e+00   5.5924322e-01   5.7002843e-01   5.4758919e-01
   1.2950000e+00   5.6092869e-01   5.7169665e-01   5.4928676e-01
   1.3050000e+00   5.6246216e-01   5.7322089e-01   5.5083371e-01
   1.3150000e+00   5.6375426e-01   5.7450927e-01   5.5212888e-01
   1.3250000e+00   5.6436726e-01   5.7514912e-01   5.5271893e-01
   1.3350000e+00   5.6407576e-01   5.7481392e-01   5.5247045e-01
   1.3450000e+00   5.6186696e-01   5.7269775e-01   5.5017027e-01
   1.3550000e+00   5.5804064e-01   5.6887344e-01   5.4634335e-01
   1.3650000e+00   5.5440272e-01   5.6530338e-01   5.4263967e-01
   1.3750000e+00   5.4663755e-01   5.5766383e-01   5.3474309e-01
   1.3850000e+00   5.3484775e-01   5.4597497e-01   5.2285565e-01
   1.3950000e+00   5.1711772e-01   5.2841148e-01   5.0495655e-01
   1.4050000e+00   4.5492713e-01   4.6672324e-01   4.4229230e-01
   1.4150000e+00   3.6126071e-01   3.7320727e-01   3.4857542e-01
   1.4250000e+00   2.7073165e-01   2.8193488e-01   2.5897200e-01
   1.4350000e+00   2.0344895e-01   2.1346260e-01   1.9304144e-01
   1.4450000e+00   1.5775805e-01   1.6652694e-01   1.4871788e-01
   1.4550000e+00   1.1951396e-01   1.2692140e-01   1.1194228e-01
   1.4650000e+00   9.1169347e-02   9.7331669e-02   8.4923896e-02
   1.4750000e+00   7.2128383e-02   7.7305485e-02   6.6917636e-02
   1.4850000e+00   6.1467776e-02   6.6032579e-02   5.6896525e-02
   1.4950000e+00   5.7562537e-02   6.1882962e-02   5.3243324e-02
   1.5050000e+00   5.9645020e-02   6.4092234e-02   5.5194028e-02
   1.5150000e+00   6.2633707e-02   6.7268253e-02   5.7989124e-02
   1.5250000e+00   6.5647619e-02   7.0456912e-02   6.0820628e-02
   1.5350000e+00   6.9904333e-02   7.4960835e-02   6.4819918e-02
   1.5450000e+00   7.5129713e-02   8.0479536e-02   6.9739455e-02
   1.5550000e+00   8.0964455e-02   8.6627272e-02   7.5247075e-02
   1.5650000e+00   8.7631535e-02   9.3630356e-02   8.1560744e-02
   1.5750000e+00   9.5743391e-02   1.0213122e-01   8.9259443e-02
   1.5850000e+00   1.0507314e-01   1.1188958e-01   9.8136099e-02
   1.5950000e+00   1.1198039e-01   1.1907860e-01   1.0473997e-01
   1.6050000e+00   1.1872972e-01   1.2611750e-01   1.1118183e-01
   1.6150000e+00   1.2531631e-01   1.3296650e-01   1.1748714e-01
   1.6250000e+00   1.2935395e-01   1.3715804e-01   1.2135921e-01
   1.6350000e+00   1.3357984e-01   1.4156285e-01   1.2539479e-01
   1.6450000e+00   1.3802564e-01   1.4614704e-01   1.2968634e-01
   1.6550000e+00   1.4332463e-01   1.5165876e-01   1.3476176e-01
   1.6650000e+00   1.4925628e-01   1.5777265e-01   1.4049692e-01
   1.6750000e+00   1.5607311e-01   1.6482062e-01   1.4705913e-01
   1.6850000e+00   1.6260208e-01   1.7157632e-01   1.5334993e-01
   1.6950000e+00   1.6863330e-01   1.7776262e-01   1.5920927e-01
   1.7050000e+00   1.7522137e-01   1.8458264e-01   1.6554413e-01
   1.7150000e+00   1.8133804e-01   1.9083380e-01   1.7150813e-01
   1.7250000e+00   1.8791791e-01   1.9761433e-01   1.7787222e-01
   1.7350000e+00   1.9358727e-01   2.0341046e-01   1.8339706e-01
   1.7450000e+00   1.9785552e-01   2.0779788e-01   1.8754098e-01
   1.7550000e+00   2.0266703e-01   2.1270477e-01   1.9223383e-01
   1.7650000e+00   2.0659988e-01   2.1672278e-01   1.9607375e-01
   1.7750000e+00   2.0995354e-01   2.2016190e-01   1.9933450e-01
   1.7850000e+00   2.1317942e-01   2.2347389e-01   2.0247386e-01
   1.7950000e+00   2.1705415e-01   2.2741791e-01   2.0625672e-01
   1.8050000e+00   2.2097869e-01   2.3144500e-01   2.1007497e-01
   1.8150000e+00   2.2571635e-01   2.3627890e-01   2.1470329e-01
   1.8250000e+00   2.3047016e-01   2.4114321e-01   2.1933697e-01
   1.8350000e+00   2.3264090e-01   2.4332701e-01   2.2148822e-01
   1.8450000e+00   2.3127457e-01   2.4198015e-01   2.2011426e-01
   1.8550000e+00   2.2591388e-01   2.3648637e-01   2.1489919e-01
   1.8650000e+00   2.1131195e-01   2.2156497e-01   2.0063328e-01
   1.8750000e+00   1.8389459e-01   1.9345735e-01   1.7398615e-01
   1.8850000e+00   1.5552212e-01   1.6429491e-01   1.4649222e-01
   1.8950000e+00   1.2437353e-01   1.3204080e-01   1.1653302e-01
   1.9050000e+00   9.6425376e-02   1.0289201e-01   8.9867156e-02
   1.9150000e+00   6.9368316e-02   7.4432462e-02   6.4281362e-02
   1.9250000e+00   5.2759361e-02   5.6817320e-02   4.8714902e-02
   1.9350000e+00   4.0406672e-02   4.3616479e-02   3.7232326e-02
   1.9450000e+00   3.2894762e-02   3.5534770e-02   3.0301148e-02
   1.9550000e+00   2.8280254e-02   3.0543545e-02   2.6068098e-02
   1.9650000e+00   2.5430023e-02   2.7446060e-02   2.3466805e-02
   1.9750000e+00   2.3946347e-02   2.5830196e-02   2.2116127e-02
   1.9850000e+00   2.3229357e-02   2.5049113e-02   2.1463684e-02
   1.9950000e+00   2.3138420e-02   2.4949887e-02   2.1380680e-02
   2.0050000e+00   2.3425218e-02   2.5264417e-02   2.1639694e-02
   2.0150000e+00   2.4126406e-02   2.6032291e-02   2.2274447e-02
   2.0250000e+00   2.4994053e-02   2.6977947e-02   2.3062991e-02
   2.0350000e+00   2.6055857e-02   2.8136493e-02   2.4028100e-02
   2.0450000e+00   2.7550978e-02   2.9763492e-02   2.5390409e-02
   2.0550000e+00   2.9760387e-02   3.2158523e-02   2.7411872e-02
   2.0650000e+00   3.2553468e-02   3.5181258e-02   2.9972983e-02
   2.0750000e+00   3.6502357e-02   3.9440522e-02   3.3606985e-02
   2.0850000e+00   4.1430972e-02   4.4731449e-02   3.8164674e-02
   2.0950000e+00   4.7830084e-02   5.1579986e-02   4.4104343e-02
   2.1050000e+00   5.6249067e-02   6.0554069e-02   5.1952352e-02
   2.1150000e+00   6.4737744e-02   6.9555661e-02   5.9907092e-02
   2.1250000e+00   7.5731032e-02   8.1177114e-02   7.0249032e-02
   2.1350000e+00   8.7677410e-02   9.3749542e-02   8.1536245e-02
   2.1450000e+00   9.9562879e-02   1.0619628e-01   9.2827950e-02
   2.1550000e+00   1.1178937e-01   1.1898075e-01   1.0446785e-01
   2.1650000e+00   1.2335358e-01   1.3102435e-01   1.1552085e-01
   2.1750000e+00   1.3489133e-01   1.4298545e-01   1.2659481e-01
   2.1850000e+00   1.4519893e-01   1.5367554e-01   1.3650208e-01
   2.1950000e+00   1.5503010e-01   1.6383897e-01   1.4596459e-01
   2.2050000e+00   1.6317879e-01   1.7225053e-01   1.5382563e-01
   2.2150000e+00   1.7205579e-01   1.8136775e-01   1.6244509e-01
   2.2250000e+00   1.7973419e-01   1.8924149e-01   1.6989875e-01
   2.2350000e+00   1.8620309e-01   1.9592666e-01   1.7613519e-01
   2.2450000e+00   1.9045450e-01   2.0033542e-01   1.8023037e-01
   2.2550000e+00   1.8852235e-01   1.9833548e-01   1.7836239e-01
   2.2650000e+00   1.8455311e-01   1.9423957e-01   1.7453127e-01
   2.2750000e+00   1.7625331e-01   1.8576127e-01   1.6644597e-01
   2.2850000e+00   1.6622880e-01   1.7535388e-01   1.5681836e-01
   2.2950000e+00   1.5451804e-01   1.6326984e-01   1.4551352e-01
   2.3050000e+00   1.4212760e-01   1.5050597e-01   1.3353408e-01
   2.3150000e+00   1.3014806e-01   1.3808088e-01   1.2203992e-01
   2.3250000e+00   1.1975405e-01   1.2729642e-01   1.1205761e-01
   2.3350000e+00   1.1036850e-01   1.1755551e-01   1.0305907e-01
   2.3450000e+00   1.0205267e-01   1.0884011e-01   9.5160063e-02
   2.3550000e+00   9.5401587e-02   1.0190959e-01   8.8811778e-02
   2.3650000e+00   9.0311367e-02   9.6536033e-02   8.4008122e-02
   2.3750000e+00   8.5992491e-02   9.1999045e-02   7.9923135e-02
   2.3850000e+00   8.2979549e-02   8.8858512e-02   7.7052149e-02
   2.3950000e+00   8.0326073e-02   8.6062270e-02   7.4545283e-02
   2.4050000e+00   7.8025851e-02   8.3634821e-02   7.2375189e-02
   2.4150000e+00   7.5881689e-02   8.1396066e-02   7.0339140e-02
   2.4250000e+00   7.4072088e-02   7.9473846e-02   6.8640670e-02
   2.4350000e+00   7.2069601e-02   7.7348318e-02   6.6762055e-02
   2.4450000e+00   6.9957988e-02   7.5139619e-02   6.4760353e-02
   2.4550000e+00   6.8105941e-02   7.3162932e-02   6.3027546e-02
   2.4650000e+00   6.6137810e-02   7.1095714e-02   6.1166249e-02
   2.4750000e+00   6.4403092e-02   6.9277616e-02   5.9523847e-02
   2.4850000e+00   6.2717308e-02   6.7487371e-02   5.7943988e-02
   2.4950000e+00   6.1046698e-02   6.5710038e-02   5.6382594e-02
   2.5050000e+00   5.9939333e-02   6.4553351e-02   5.5330914e-02
   2.5150000e+00   5.9278177e-02   6.3857846e-02   5.4704206e-02
   2.5250000e+00   5.8790609e-02   6.3317514e-02   5.4263574e-02
   2.5350000e+00   5.8861855e-02   6.3421540e-02   5.4307483e-02
   2.5450000e+00   5.8630402e-02   6.3170180e-02   5.4097838e-02
   2.5550000e+00   5.8821124e-02   6.3342907e-02   5.4303734e-02
   2.5650000e+00   5.9607859e-02   6.4182487e-02   5.5034519e-02
   2.5750000e+00   5.9832401e-02   6.4468344e-02   5.5205430e-02
   2.5850000e+00   5.9681495e-02   6.4274038e-02   5.5089044e-02
   2.5950000e+00   5.8510281e-02   6.3018734e-02   5.4006414e-02
   2.6050000e+00   5.6757152e-02   6.1174479e-02   5.2348506e-02
   2.6150000e+00   5.4510010e-02   5.8820385e-02   5.0217023e-02
   2.6250000e+00   4.9726479e-02   5.3716947e-02   4.5758964e-02
   2.6350000e+00   4.3551349e-02   4.7130986e-02   4.0004821e-02
   2.6450000e+00   3.8528144e-02   4.1752835e-02   3.5339546e-02
   2.6550000e+00   3.4352823e-02   3.7286901e-02   3.1462929e-02
   2.6650000e+00   3.0870375e-02   3.3540727e-02   2.8244905e-02
   2.6750000e+00   2.7882804e-02   3.0326494e-02   2.5486891e-02
   2.6850000e+00   1.9831636e-02   2.1604389e-02   1.8107678e-02
   2.6950000e+00   1.5089493e-02   1.6439157e-02   1.3786241e-02
   2.7050000e+00   1.2016145e-02   1.3075451e-02   1.0999801e-02
   2.7150000e+00   9.8896441e-03   1.0739677e-02   9.0791550e-03
   2.7250000e+00   8.3488564e-03   9.0430403e-03   7.6907266e-03
   2.7350000e+00   5.3000489e-03   5.6400090e-03   4.9855936e-03
   2.7450000e+00   4.0733712e-03   4.2636374e-03   3.9012244e-03
   2.7550000e+00   3.4105274e-03   3.5272419e-03   3.3068439e-03
   2.7650000e+00   2.9681158e-03   3.0454739e-03   2.9003441e-03
   2.7750000e+00   2.6272156e-03   2.6823939e-03   2.5793469e-03
   2.7850000e+00   2.2523483e-03   2.2843636e-03   2.2247657e-03
   2.7950000e+00   1.9373595e-03   1.9590921e-03   1.9184467e-03
   2.8050000e+00   1.6792236e-03   1.6974785e-03   1.6630077e-03
   2.8150000e+00   1.4650206e-03   1.4817125e-03   1.4498133e-03
   2.8250000e+00   1.3079936e-03   1.3222658e-03   1.2945623e-03
   2.8350000e+00   1.2534114e-03   1.2654677e-03   1.2417888e-03
   2.8450000e+00   1.3743471e-03   1.3849630e-03   1.3639593e-03
   2.8550000e+00   1.7507813e-03   1.7610532e-03   1.7406562e-03
   2.8650000e+00   2.4188194e-03   2.4294743e-03   2.4082894e-03
   2.8750000e+00   3.6226887e-03   3.6339650e-03   3.6115499e-03
   2.8850000e+00   5.1980970e-03   5.2096713e-03   5.1866888e-03
   2.8950000e+00   7.2305662e-03   7.2417612e-03   7.2195753e-03
   2.9050000e+00   9.3358806e-03   9.3460065e-03   9.3259950e-03
   2.9150000e+00   1.1515502e-02   1.1524048e-02   1.1507231e-02
   2.9250000e+00   1.3257515e-02   1.3264216e-02   1.3251114e-02
   2.9350000e+00   1.4966655e-02   1.4971432e-02   1.4962203e-02
   2.9450000e+00   1.6095351e-02   1.6098577e-02   1.6092467e-02
   2.9550000e+00   1.7325859e-02   1.7327467e-02   1.7324612e-02
   2.9650000e+00   1.8637030e-02   1.8636953e-02   1.8637487e-02
   2.9750000e+00   2.0152137e-02   2.0150129e-02   2.0154546e-02
   2.9850000e+00   2.1756304e-02   2.1752219e-02   2.1760814e-02
   2.9950000e+00   2.3739360e-02   2.3732589e-02   2.3746583e-02
   3.0050000e+00   2.5798459e-02   2.5788786e-02   2.5808614e-02
   3.0150000e+00   2.7977594e-02   2.7964594e-02   2.7991108e-02
   3.0250000e+00   3.0203755e-02   3.0187149e-02   3.0220911e-02
   3.0350000e+00   3.2489057e-02   3.2468485e-02   3.2510216e-02
   3.0450000e+00   3.4758818e-02   3.4733936e-02   3.4784332e-02
   3.0550000e+00   3.7104966e-02   3.7075342e-02   3.7135275e-02
   3.0650000e+00   3.8122637e-02   3.8089919e-02   3.8156081e-02
   3.0750000e+00   3.8878347e-02   3.8842961e-02   3.8914503e-02
   3.0850000e+00   3.8508791e-02   3.8472714e-02   3.8545663e-02
   3.0950000e+00   3.8187586e-02   3.8150953e-02   3.8225036e-02
   3.1050000e+00   3.7221636e-02   3.7185829e-02   3.7258266e-02
   3.1150000e+00   3.6445206e-02   3.6410056e-02   3.6481184e-02
   3.1250000e+00   3.5874119e-02   3.5839500e-02   3.5909570e-02
   3.1350000e+00   3.5466995e-02   3.5432701e-02   3.5502127e-02
   3.1450000e+00   3.4994390e-02   3.4960598e-02   3.5029024e-02
   3.1550000e+00   3.4674414e-02   3.4640925e-02   3.4708749e-02
   3.1650000e+00   3.3966293e-02   3.3933812e-02   3.3999615e-02
   3.1750000e+00   3.3419504e-02   3.3387807e-02   3.3452037e-02
   3.1850000e+00   3.2419824e-02   3.2389708e-02   3.2450761e-02
   3.1950000e+00   3.1560936e-02   3.1532192e-02   3.1590485e-02
   3.2050000e+00   3.0475443e-02   3.0448450e-02   3.0503219e-02
   3.2150000e+00   2.9476863e-02   2.9451485e-02   2.9503005e-02
   3.2250000e+00   2.8595103e-02   2.8571135e-02   2.8619817e-02
   3.2350000e+00   2.7752503e-02   2.7729881e-02   2.7775852e-02
   3.2450000e+00   2.7069501e-02   2.7047964e-02   2.7091751e-02
   3.2550000e+00   2.6425543e-02   2.6405028e-02   2.6446756e-02
   3.2650000e+00   2.5702844e-02   2.5683476e-02   2.5722895e-02
   3.2750000e+00   2.4980220e-02   2.4961998e-02   2.4999110e-02
   3.2850000e+00   2.4353552e-02   2.4336312e-02   2.4371448e-02
   3.2950000e+00   2.3783817e-02   2.3767459e-02   2.3800819e-02
   3.3050000e+00   2.3271523e-02   2.3255960e-02   2.3287720e-02
   3.3150000e+00   2.2817321e-02   2.2802465e-02   2.2832800e-02
   3.3250000e+00   2.2375202e-02   2.2361035e-02   2.2389983e-02
   3.3350000e+00   2.1948762e-02   2.1935258e-02   2.1962873e-02
   3.3450000e+00   2.1528393e-02   2.1515547e-02   2.1541841e-02
   3.3550000e+00   2.1124446e-02   2.1112233e-02   2.1137255e-02
   3.3650000e+00   2.0725288e-02   2.0713714e-02   2.0737457e-02
   3.3750000e+00   2.0352023e-02   2.0341062e-02   2.0363585e-02
   3.3850000e+00   1.9987114e-02   1.9976793e-02   1.9998057e-02
   3.3950000e+00   1.9647799e-02   1.9638138e-02   1.9658121e-02
   3.4050000e+00   1.9333328e-02   1.9324377e-02   1.9343004e-02
   3.4150000e+00   1.9028076e-02   1.9020002e-02   1.9036990e-02
   3.4250000e+00   1.8752890e-02   1.8745872e-02   1.8760922e-02
   3.4350000e+00   1.8480208e-02   1.8474725e-02   1.8486996e-02
   3.4450000e+00   1.8230958e-02   1.8227454e-02   1.8236165e-02
   3.4550000e+00   1.7987625e-02   1.7987068e-02   1.7990487e-02
   3.4650000e+00   1.7760709e-02   1.7764247e-02   1.7760303e-02
   3.4750000e+00   1.7551081e-02   1.7560135e-02   1.7546231e-02
   3.4850000e+00   1.7352071e-02   1.7369186e-02   1.7340650e-02
   3.4950000e+00   1.7174360e-02   1.7200635e-02   1.7155365e-02
   3.5050000e+00   1.7010237e-02   1.7049278e-02   1.6980547e-02
   3.5150000e+00   1.6871264e-02   1.6925733e-02   1.6828481e-02
   3.5250000e+00   1.6755681e-02   1.6828697e-02   1.6696950e-02
   3.5350000e+00   1.6666335e-02   1.6763357e-02   1.6586702e-02
   3.5450000e+00   1.6597222e-02   1.6718290e-02   1.6496383e-02
   3.5550000e+00   1.6558131e-02   1.6709251e-02   1.6430530e-02
   3.5650000e+00   1.6535611e-02   1.6715573e-02   1.6382075e-02
   3.5750000e+00   1.6522138e-02   1.6729373e-02   1.6343861e-02
   3.5850000e+00   1.6534201e-02   1.6773204e-02   1.6326936e-02
   3.5950000e+00   1.6576995e-02   1.6852516e-02   1.6336092e-02
   3.6050000e+00   1.6657307e-02   1.6975362e-02   1.6377025e-02
   3.6150000e+00   1.6785657e-02   1.7153456e-02   1.6458982e-02
   3.6250000e+00   1.6950207e-02   1.7371176e-02   1.6573536e-02
   3.6350000e+00   1.6962982e-02   1.7403639e-02   1.6567763e-02
   3.6450000e+00   1.6983874e-02   1.7444893e-02   1.6569273e-02
   3.6550000e+00   1.7008526e-02   1.7490180e-02   1.6574311e-02
   3.6650000e+00   1.7046042e-02   1.7550772e-02   1.6589965e-02
   3.6750000e+00   1.7087469e-02   1.7614773e-02   1.6609803e-02
   3.6850000e+00   1.7140575e-02   1.7692251e-02   1.6639608e-02
   3.6950000e+00   1.7202264e-02   1.7779518e-02   1.6676856e-02
   3.7050000e+00   1.7273444e-02   1.7876552e-02   1.6723071e-02
   3.7150000e+00   1.7355522e-02   1.7986262e-02   1.6778618e-02
   3.7250000e+00   1.7452547e-02   1.8113094e-02   1.6847018e-02
   3.7350000e+00   1.7475652e-02   1.8152820e-02   1.6853942e-02
   3.7450000e+00   1.7324380e-02   1.7991013e-02   1.6712806e-02
   3.7550000e+00   1.7173875e-02   1.7829950e-02   1.6572373e-02
   3.7650000e+00   1.7022644e-02   1.7667304e-02   1.6431910e-02
   3.7750000e+00   1.6875817e-02   1.7510375e-02   1.6294775e-02
   3.7850000e+00   1.6622536e-02   1.7228445e-02   1.6069014e-02
   3.7950000e+00   1.6377744e-02   1.6955134e-02   1.5851434e-02
   3.8050000e+00   1.6150210e-02   1.6701767e-02   1.5648542e-02
   3.8150000e+00   1.5932660e-02   1.6459784e-02   1.5454288e-02
   3.8250000e+00   1.5726879e-02   1.6230549e-02   1.5270659e-02
   3.8350000e+00   1.5528402e-02   1.6009765e-02   1.5093325e-02
   3.8450000e+00   1.5342476e-02   1.5803696e-02   1.4926503e-02
   3.8550000e+00   1.5145439e-02   1.5581845e-02   1.4752909e-02
   3.8650000e+00   1.4954992e-02   1.5366685e-02   1.4585752e-02
   3.8750000e+00   1.4778804e-02   1.5167976e-02   1.4430738e-02
   3.8850000e+00   1.4612361e-02   1.4980307e-02   1.4284169e-02
   3.8950000e+00   1.4455963e-02   1.4803961e-02   1.4146354e-02
   3.9050000e+00   1.4307659e-02   1.4637076e-02   1.4015379e-02
   3.9150000e+00   1.4168636e-02   1.4481010e-02   1.3892214e-02
   3.9250000e+00   1.4036755e-02   1.4333102e-02   1.3775195e-02
   3.9350000e+00   1.3910481e-02   1.4191666e-02   1.3662962e-02
   3.9450000e+00   1.3791231e-02   1.4058402e-02   1.3556640e-02
   3.9550000e+00   1.3676882e-02   1.3930774e-02   1.3454494e-02
   3.9650000e+00   1.3567642e-02   1.3808997e-02   1.3356723e-02
   3.9750000e+00   1.3464605e-02   1.3692940e-02   1.3265607e-02
   3.9850000e+00   1.3368599e-02   1.3584059e-02   1.3181369e-02
   3.9950000e+00   1.3277995e-02   1.3481487e-02   1.3101663e-02
   4.0050000e+00   1.3191717e-02   1.3384000e-02   1.3025571e-02
   4.0150000e+00   1.3109876e-02   1.3291758e-02   1.2953157e-02
   4.0250000e+00   1.3031958e-02   1.3204121e-02   1.2884009e-02
   4.0350000e+00   1.2957325e-02   1.3120318e-02   1.2817615e-02
   4.0450000e+00   1.2885957e-02   1.3040393e-02   1.2753916e-02
   4.0550000e+00   1.2817549e-02   1.2964043e-02   1.2692618e-02
   4.0650000e+00   1.2751890e-02   1.2890975e-02   1.2633575e-02
   4.0750000e+00   1.2688673e-02   1.2820808e-02   1.2576545e-02
   4.0850000e+00   1.2627589e-02   1.2753212e-02   1.2521248e-02
   4.0950000e+00   1.2568630e-02   1.2688166e-02   1.2467681e-02
   4.1050000e+00   1.2516134e-02   1.2629828e-02   1.2420342e-02
   4.1150000e+00   1.2468394e-02   1.2576499e-02   1.2377519e-02
   4.1250000e+00   1.2422338e-02   1.2525212e-02   1.2336056e-02
   4.1350000e+00   1.2377855e-02   1.2475854e-02   1.2295846e-02
   4.1450000e+00   1.2334787e-02   1.2428216e-02   1.2256776e-02
   4.1550000e+00   1.2292989e-02   1.2382112e-02   1.2218731e-02
   4.1650000e+00   1.2252352e-02   1.2337427e-02   1.2181618e-02
   4.1750000e+00   1.2212828e-02   1.2294102e-02   1.2145392e-02
   4.1850000e+00   1.2174303e-02   1.2251986e-02   1.2109971e-02
   4.1950000e+00   1.2136643e-02   1.2210917e-02   1.2075251e-02
   4.2050000e+00   1.2099835e-02   1.2170891e-02   1.2041211e-02
   4.2150000e+00   1.2063868e-02   1.2131909e-02   1.2007832e-02
   4.2250000e+00   1.2028674e-02   1.2093884e-02   1.1975063e-02
   4.2350000e+00   1.1994162e-02   1.2056698e-02   1.1942837e-02
   4.2450000e+00   1.1961022e-02   1.2019643e-02   1.1913038e-02
   4.2550000e+00   1.1930057e-02   1.1984244e-02   1.1885846e-02
   4.2650000e+00   1.1900832e-02   1.1951005e-02   1.1860021e-02
   4.2750000e+00   1.1873118e-02   1.1919643e-02   1.1835384e-02
   4.2850000e+00   1.1846740e-02   1.1889947e-02   1.1811790e-02
   4.2950000e+00   1.1821567e-02   1.1861764e-02   1.1789135e-02
   4.3050000e+00   1.1797478e-02   1.1834945e-02   1.1767320e-02
   4.3150000e+00   1.1774348e-02   1.1809335e-02   1.1746248e-02
   4.3250000e+00   1.1752064e-02   1.1784789e-02   1.1725832e-02
   4.3350000e+00   1.1730534e-02   1.1761195e-02   1.1706001e-02
   4.3450000e+00   1.1709683e-02   1.1738459e-02   1.1686696e-02
   4.3550000e+00   1.1696648e-02   1.1723334e-02   1.1675369e-02
   4.3650000e+00   1.1687521e-02   1.1712182e-02   1.1667891e-02
   4.3750000e+00   1.1679164e-02   1.1702010e-02   1.1661006e-02
   4.3850000e+00   1.1671490e-02   1.1692709e-02   1.1654647e-02
   4.3950000e+00   1.1676151e-02   1.1695973e-02   1.1660434e-02
   4.4050000e+00   1.1684217e-02   1.1702789e-02   1.1669505e-02
   4.4150000e+00   1.1692699e-02   1.1710136e-02   1.1678897e-02
   4.4250000e+00   1.1701555e-02   1.1717960e-02   1.1688579e-02
   4.4350000e+00   1.1710748e-02   1.1726211e-02   1.1698521e-02
   4.4450000e+00   1.1721728e-02   1.1736374e-02   1.1710149e-02
   4.4550000e+00   1.1746205e-02   1.1760452e-02   1.1734946e-02
   4.4650000e+00   1.1770750e-02   1.1784615e-02   1.1759799e-02
   4.4750000e+00   1.1795360e-02   1.1808859e-02   1.1784705e-02
   4.4850000e+00   1.1820035e-02   1.1833181e-02   1.1809663e-02
   4.4950000e+00   1.1844771e-02   1.1857579e-02   1.1834671e-02
   4.5050000e+00   1.1869568e-02   1.1882050e-02   1.1859728e-02
   4.5150000e+00   1.1900868e-02   1.1913686e-02   1.1890774e-02
   4.5250000e+00   1.1932239e-02   1.1945409e-02   1.1921877e-02
   4.5350000e+00   1.1963682e-02   1.1977220e-02   1.1953040e-02
   4.5450000e+00   1.1995200e-02   1.2009122e-02   1.1984263e-02
   4.5550000e+00   1.2026579e-02   1.2041456e-02   1.2014898e-02
   4.5650000e+00   1.2052831e-02   1.2068913e-02   1.2040199e-02
   4.5750000e+00   1.2074074e-02   1.2091496e-02   1.2060377e-02
   4.5850000e+00   1.2082231e-02   1.2101246e-02   1.2067258e-02
   4.5950000e+00   1.2077458e-02   1.2098363e-02   1.2060957e-02
   4.6050000e+00   1.2073533e-02   1.2096565e-02   1.2055304e-02
   4.6150000e+00   1.2070578e-02   1.2096008e-02   1.2050394e-02
   4.6250000e+00   1.2068745e-02   1.2096882e-02   1.2046342e-02
   4.6350000e+00   1.2068212e-02   1.2099410e-02   1.2043286e-02
   4.6450000e+00   1.2069190e-02   1.2103857e-02   1.2041392e-02
   4.6550000e+00   1.2071923e-02   1.2110523e-02   1.2040850e-02
   4.6650000e+00   1.2076697e-02   1.2119761e-02   1.2041889e-02
   4.6750000e+00   1.2083855e-02   1.2131988e-02   1.2044780e-02
   4.6850000e+00   1.2093811e-02   1.2147709e-02   1.2049856e-02
   4.6950000e+00   1.2107059e-02   1.2167523e-02   1.2057513e-02
   4.7050000e+00   1.2124185e-02   1.2192133e-02   1.2068228e-02
   4.7150000e+00   1.2145878e-02   1.2222362e-02   1.2082565e-02
   4.7250000e+00   1.2153001e-02   1.2236214e-02   1.2083853e-02
   4.7350000e+00   1.2149212e-02   1.2237671e-02   1.2075495e-02
   4.7450000e+00   1.2147122e-02   1.2241200e-02   1.2068496e-02
   4.7550000e+00   1.2146876e-02   1.2246968e-02   1.2062980e-02
   4.7650000e+00   1.2148588e-02   1.2255102e-02   1.2059049e-02
   4.7750000e+00   1.2152416e-02   1.2265782e-02   1.2056838e-02
   4.7850000e+00   1.2158574e-02   1.2279263e-02   1.2056520e-02
   4.7950000e+00   1.2167314e-02   1.2295839e-02   1.2058308e-02
   4.8050000e+00   1.2178829e-02   1.2315719e-02   1.2062374e-02
   4.8150000e+00   1.2193263e-02   1.2339057e-02   1.2068852e-02
   4.8250000e+00   1.2210899e-02   1.2366184e-02   1.2077980e-02
   4.8350000e+00   1.2232201e-02   1.2397662e-02   1.2090135e-02
   4.8450000e+00   1.2257615e-02   1.2434017e-02   1.2105680e-02
   4.8550000e+00   1.2287447e-02   1.2475584e-02   1.2124895e-02
   4.8650000e+00   1.2322001e-02   1.2522682e-02   1.2148063e-02
   4.8750000e+00   1.2361732e-02   1.2575830e-02   1.2175575e-02
   4.8850000e+00   1.2407249e-02   1.2635759e-02   1.2207930e-02
   4.8950000e+00   1.2459308e-02   1.2703320e-02   1.2245784e-02
   4.9050000e+00   1.2513028e-02   1.2772625e-02   1.2285170e-02
   4.9150000e+00   1.2521931e-02   1.2788410e-02   1.2287715e-02
   4.9250000e+00   1.2531771e-02   1.2805235e-02   1.2291094e-02
   4.9350000e+00   1.2543043e-02   1.2823742e-02   1.2295666e-02
   4.9450000e+00   1.2555914e-02   1.2844141e-02   1.2301562e-02
   4.9550000e+00   1.2570125e-02   1.2866074e-02   1.2308607e-02
   4.9650000e+00   1.2585515e-02   1.2889313e-02   1.2316702e-02
   4.9750000e+00   1.2602168e-02   1.2913995e-02   1.2325887e-02
   4.9850000e+00   1.2620386e-02   1.2940532e-02   1.2336371e-02
   4.9950000e+00   1.2640500e-02   1.2969258e-02   1.2348464e-02
