   3.0500000e-01   8.4768703e-01   8.7385699e-01   8.1946758e-01
   3.1500000e-01   8.4717236e-01   8.7345870e-01   8.1886675e-01
   3.2500000e-01   8.4662097e-01   8.7293770e-01   8.1830326e-01
   3.3500000e-01   8.4610350e-01   8.7249149e-01   8.1773812e-01
   3.4500000e-01   8.4560283e-01   8.7202697e-01   8.1720889e-01
   3.5500000e-01   8.4516081e-01   8.7163395e-01   8.1672869e-01
   3.6500000e-01   8.4480911e-01   8.7132481e-01   8.1635140e-01
   3.7500000e-01   8.4448468e-01   8.7103192e-01   8.1601782e-01
   3.8500000e-01   8.4415765e-01   8.7073626e-01   8.1565025e-01
   3.9500000e-01   8.4380078e-01   8.7040794e-01   8.1529385e-01
   4.0500000e-01   8.4357090e-01   8.7020986e-01   8.1502535e-01
   4.1500000e-01   8.4326502e-01   8.6991831e-01   8.1472432e-01
   4.2500000e-01   8.4304298e-01   8.6973038e-01   8.1447824e-01
   4.3500000e-01   8.4285311e-01   8.6955555e-01   8.1427416e-01
   4.4500000e-01   8.4263898e-01   8.6937389e-01   8.1404174e-01
   4.5500000e-01   8.4244041e-01   8.6917035e-01   8.1385062e-01
   4.6500000e-01   8.4225174e-01   8.6902938e-01   8.1362670e-01
   4.7500000e-01   8.4207464e-01   8.6885971e-01   8.1344223e-01
   4.8500000e-01   8.4191061e-01   8.6873380e-01   8.1325493e-01
   4.9500000e-01   8.4167917e-01   8.6850467e-01   8.1302935e-01
   5.0500000e-01   8.4154141e-01   8.6836882e-01   8.1287293e-01
   5.1500000e-01   8.4134068e-01   8.6820553e-01   8.1265167e-01
   5.2500000e-01   8.4114219e-01   8.6802448e-01   8.1244076e-01
   5.3500000e-01   8.4098513e-01   8.6790761e-01   8.1223294e-01
   5.4500000e-01   8.4073060e-01   8.6760369e-01   8.1202097e-01
   5.5500000e-01   8.4049200e-01   8.6739284e-01   8.1176428e-01
   5.6500000e-01   8.4029680e-01   8.6723287e-01   8.1154386e-01
   5.7500000e-01   8.4007891e-01   8.6703629e-01   8.1130554e-01
   5.8500000e-01   8.3975072e-01   8.6670870e-01   8.1099205e-01
   5.9500000e-01   8.3964175e-01   8.6662664e-01   8.1082528e-01
   6.0500000e-01   8.3929989e-01   8.6629180e-01   8.1049274e-01
   6.1500000e-01   8.3888017e-01   8.6588685e-01   8.1006457e-01
   6.2500000e-01   8.3846738e-01   8.6547144e-01   8.0963979e-01
   6.3500000e-01   8.3806539e-01   8.6516430e-01   8.0917142e-01
   6.4500000e-01   8.3770823e-01   8.6481468e-01   8.0874807e-01
   6.5500000e-01   8.3727600e-01   8.6436732e-01   8.0833529e-01
   6.6500000e-01   8.3669197e-01   8.6381144e-01   8.0773772e-01
   6.7500000e-01   8.3623331e-01   8.6336151e-01   8.0727358e-01
   6.8500000e-01   8.3576803e-01   8.6299807e-01   8.0673318e-01
   6.9500000e-01   8.3504920e-01   8.6227522e-01   8.0595700e-01
   7.0500000e-01   8.3406303e-01   8.6137056e-01   8.0492945e-01
   7.1500000e-01   8.3296394e-01   8.6026932e-01   8.0381020e-01
   7.2500000e-01   8.3231354e-01   8.5965797e-01   8.0310398e-01
   7.3500000e-01   8.3152215e-01   8.5900034e-01   8.0222474e-01
   7.4500000e-01   8.3016198e-01   8.5761275e-01   8.0087399e-01
   7.5500000e-01   8.2845177e-01   8.5602373e-01   7.9901631e-01
   7.6500000e-01   8.2638291e-01   8.5408397e-01   7.9676950e-01
   7.7500000e-01   8.2381741e-01   8.5161299e-01   7.9412918e-01
   7.8500000e-01   8.2130717e-01   8.4923249e-01   7.9149401e-01
   7.9500000e-01   8.1900051e-01   8.4705455e-01   7.8899721e-01
   8.0500000e-01   8.1744395e-01   8.4546051e-01   7.8744123e-01
   8.1500000e-01   8.1717953e-01   8.4531689e-01   7.8712125e-01
   8.2500000e-01   8.1686278e-01   8.4493649e-01   7.8684780e-01
   8.3500000e-01   8.1638894e-01   8.4450224e-01   7.8632328e-01
   8.4500000e-01   8.1416150e-01   8.4243074e-01   7.8388029e-01
   8.5500000e-01   8.0981327e-01   8.3824930e-01   7.7936816e-01
   8.6500000e-01   8.0432780e-01   8.3299510e-01   7.7356657e-01
   8.7500000e-01   7.9674981e-01   8.2585384e-01   7.6552833e-01
   8.8500000e-01   7.8902302e-01   8.1859825e-01   7.5733866e-01
   8.9500000e-01   7.8441853e-01   8.1419885e-01   7.5242493e-01
   9.0500000e-01   7.8191474e-01   8.1185079e-01   7.4975403e-01
   9.1500000e-01   7.7908842e-01   8.0921019e-01   7.4674621e-01
   9.2500000e-01   7.7589412e-01   8.0617959e-01   7.4333662e-01
   9.3500000e-01   7.7202091e-01   8.0258518e-01   7.3926500e-01
   9.4500000e-01   7.6759354e-01   7.9834249e-01   7.3456665e-01
   9.5500000e-01   7.5779246e-01   7.8911939e-01   7.2409701e-01
   9.6500000e-01   7.4266117e-01   7.7498661e-01   7.0798772e-01
   9.7500000e-01   7.2687145e-01   7.6017289e-01   6.9113984e-01
   9.8500000e-01   7.1080542e-01   7.4514504e-01   6.7406248e-01
   9.9500000e-01   6.9253303e-01   7.2811754e-01   6.5450301e-01
   1.0050000e+00   6.7020954e-01   7.0730533e-01   6.3067704e-01
   1.0150000e+00   6.5152702e-01   6.8976897e-01   6.1081647e-01
   1.0250000e+00   6.4313982e-01   6.8205879e-01   6.0177035e-01
   1.0350000e+00   6.4205525e-01   6.8098892e-01   6.0071982e-01
   1.0450000e+00   6.4780656e-01   6.8640079e-01   6.0679931e-01
   1.0550000e+00   6.5970020e-01   6.9758905e-01   6.1944997e-01
   1.0650000e+00   6.7197089e-01   7.0892701e-01   6.3261907e-01
   1.0750000e+00   6.8000842e-01   7.1648192e-01   6.4110243e-01
   1.0850000e+00   6.8363408e-01   7.1987934e-01   6.4498678e-01
   1.0950000e+00   6.8582756e-01   7.2192063e-01   6.4732109e-01
   1.1050000e+00   6.8602591e-01   7.2196214e-01   6.4757343e-01
   1.1150000e+00   6.8314836e-01   7.1941936e-01   6.4440681e-01
   1.1250000e+00   6.7539596e-01   7.1226183e-01   6.3609097e-01
   1.1350000e+00   6.6396375e-01   7.0142544e-01   6.2396733e-01
   1.1450000e+00   6.5774146e-01   6.9570641e-01   6.1736026e-01
   1.1550000e+00   6.3823686e-01   6.7743512e-01   5.9659493e-01
   1.1650000e+00   6.0385272e-01   6.4543356e-01   5.6000025e-01
   1.1750000e+00   5.7119824e-01   6.1474153e-01   5.2562513e-01
   1.1850000e+00   5.4097541e-01   5.8625180e-01   4.9388083e-01
   1.1950000e+00   5.1462517e-01   5.6122063e-01   4.6640393e-01
   1.2050000e+00   4.8081913e-01   5.2880804e-01   4.3155705e-01
   1.2150000e+00   4.4679243e-01   4.9594771e-01   3.9683014e-01
   1.2250000e+00   4.2525569e-01   4.7500055e-01   3.7501116e-01
   1.2350000e+00   4.1107735e-01   4.6111500e-01   3.6080350e-01
   1.2450000e+00   4.0076520e-01   4.5096203e-01   3.5049370e-01
   1.2550000e+00   3.9505250e-01   4.4535796e-01   3.4486979e-01
   1.2650000e+00   3.9253527e-01   4.4286376e-01   3.4230006e-01
   1.2750000e+00   3.9331925e-01   4.4360493e-01   3.4302153e-01
   1.2850000e+00   3.9632224e-01   4.4665388e-01   3.4609085e-01
   1.2950000e+00   3.9843632e-01   4.4871453e-01   3.4815986e-01
   1.3050000e+00   4.0050260e-01   4.5065176e-01   3.5021025e-01
   1.3150000e+00   4.0145581e-01   4.5170574e-01   3.5118463e-01
   1.3250000e+00   4.0227537e-01   4.5244217e-01   3.5196366e-01
   1.3350000e+00   4.0204435e-01   4.5222340e-01   3.5178627e-01
   1.3450000e+00   3.9887234e-01   4.4926699e-01   3.4849343e-01
   1.3550000e+00   3.9485161e-01   4.4520976e-01   3.4455679e-01
   1.3650000e+00   3.9064118e-01   4.4105621e-01   3.4037885e-01
   1.3750000e+00   3.8229240e-01   4.3279257e-01   3.3210013e-01
   1.3850000e+00   3.6901516e-01   4.1956163e-01   3.1902194e-01
   1.3950000e+00   3.5011855e-01   4.0076866e-01   3.0043568e-01
   1.4050000e+00   2.8622506e-01   3.3577170e-01   2.3904383e-01
   1.4150000e+00   1.9922572e-01   2.4369741e-01   1.5916432e-01
   1.4250000e+00   1.2775018e-01   1.6351631e-01   9.7710134e-02
   1.4350000e+00   8.3682051e-02   1.1071265e-01   6.2426872e-02
   1.4450000e+00   5.8926085e-02   7.9224100e-02   4.3827361e-02
   1.4550000e+00   4.1811802e-02   5.6226972e-02   3.1728249e-02
   1.4650000e+00   3.1453378e-02   4.1455427e-02   2.4901175e-02
   1.4750000e+00   2.5758596e-02   3.2838414e-02   2.1417331e-02
   1.4850000e+00   2.3111630e-02   2.8612630e-02   1.9901602e-02
   1.4950000e+00   2.2237992e-02   2.7177982e-02   1.9417582e-02
   1.5050000e+00   2.2685565e-02   2.7930987e-02   1.9654292e-02
   1.5150000e+00   2.3348460e-02   2.9025808e-02   2.0014893e-02
   1.5250000e+00   2.4061268e-02   3.0184644e-02   2.0409865e-02
   1.5350000e+00   2.5130487e-02   3.1892261e-02   2.1015755e-02
   1.5450000e+00   2.6497595e-02   3.4038283e-02   2.1813260e-02
   1.5550000e+00   2.8159716e-02   3.6593558e-02   2.2806729e-02
   1.5650000e+00   3.0210127e-02   3.9677056e-02   2.4066672e-02
   1.5750000e+00   3.2829967e-02   4.3547850e-02   2.5717756e-02
   1.5850000e+00   3.6110631e-02   4.8274774e-02   2.7850197e-02
   1.5950000e+00   3.8714082e-02   5.1969327e-02   2.9573616e-02
   1.6050000e+00   4.1333517e-02   5.5633004e-02   3.1335628e-02
   1.6150000e+00   4.4020262e-02   5.9346984e-02   3.3173781e-02
   1.6250000e+00   4.5705157e-02   6.1663375e-02   3.4330253e-02
   1.6350000e+00   4.7499362e-02   6.4101157e-02   3.5577738e-02
   1.6450000e+00   4.9429414e-02   6.6724474e-02   3.6927328e-02
   1.6550000e+00   5.1788069e-02   6.9873143e-02   3.8607356e-02
   1.6650000e+00   5.4668636e-02   7.3709723e-02   4.0657960e-02
   1.6750000e+00   5.7857978e-02   7.7919401e-02   4.2956856e-02
   1.6850000e+00   6.1063803e-02   8.2115419e-02   4.5292526e-02
   1.6950000e+00   6.4226095e-02   8.6213448e-02   4.7622278e-02
   1.7050000e+00   6.7513077e-02   9.0431298e-02   5.0058274e-02
   1.7150000e+00   7.0850604e-02   9.4701890e-02   5.2556482e-02
   1.7250000e+00   7.4477392e-02   9.9292152e-02   5.5286929e-02
   1.7350000e+00   7.7617144e-02   1.0322458e-01   5.7684190e-02
   1.7450000e+00   8.0147677e-02   1.0641225e-01   5.9604789e-02
   1.7550000e+00   8.2788023e-02   1.0969335e-01   6.1636486e-02
   1.7650000e+00   8.5172644e-02   1.1265246e-01   6.3475792e-02
   1.7750000e+00   8.7152320e-02   1.1510641e-01   6.5008124e-02
   1.7850000e+00   8.9234386e-02   1.1766208e-01   6.6633074e-02
   1.7950000e+00   9.1375040e-02   1.2028316e-01   6.8303441e-02
   1.8050000e+00   9.3897683e-02   1.2335565e-01   7.0285266e-02
   1.8150000e+00   9.6755234e-02   1.2681735e-01   7.2542653e-02
   1.8250000e+00   9.9804064e-02   1.3052306e-01   7.4949755e-02
   1.8350000e+00   1.0126710e-01   1.3229410e-01   7.6115088e-02
   1.8450000e+00   1.0031020e-01   1.3112694e-01   7.5352582e-02
   1.8550000e+00   9.7013112e-02   1.2716695e-01   7.2726182e-02
   1.8650000e+00   8.7681647e-02   1.1576799e-01   6.5396037e-02
   1.8750000e+00   7.2096523e-02   9.6329353e-02   5.3428656e-02
   1.8850000e+00   5.7362005e-02   7.7380324e-02   4.2479203e-02
   1.8950000e+00   4.3168430e-02   5.8385142e-02   3.2386115e-02
   1.9050000e+00   3.2559004e-02   4.3483031e-02   2.5253208e-02
   1.9150000e+00   2.4265409e-02   3.1073158e-02   2.0093511e-02
   1.9250000e+00   2.0340001e-02   2.4727937e-02   1.7875765e-02
   1.9350000e+00   1.8109400e-02   2.0819419e-02   1.6732826e-02
   1.9450000e+00   1.7071008e-02   1.8850416e-02   1.6245119e-02
   1.9550000e+00   1.6565757e-02   1.7827301e-02   1.6022110e-02
   1.9650000e+00   1.6301338e-02   1.7272175e-02   1.5905562e-02
   1.9750000e+00   1.6168927e-02   1.6998801e-02   1.5841565e-02
   1.9850000e+00   1.6097223e-02   1.6862470e-02   1.5800486e-02
   1.9950000e+00   1.6068763e-02   1.6827194e-02   1.5775187e-02
   2.0050000e+00   1.6062088e-02   1.6848733e-02   1.5755120e-02
   2.0150000e+00   1.6080886e-02   1.6934891e-02   1.5741728e-02
   2.0250000e+00   1.6116758e-02   1.7056575e-02   1.5735554e-02
   2.0350000e+00   1.6173461e-02   1.7222027e-02   1.5738018e-02
   2.0450000e+00   1.6270462e-02   1.7474702e-02   1.5755310e-02
   2.0550000e+00   1.6450100e-02   1.7899043e-02   1.5804968e-02
   2.0650000e+00   1.6721783e-02   1.8494563e-02   1.5896919e-02
   2.0750000e+00   1.7183758e-02   1.9439730e-02   1.6078335e-02
   2.0850000e+00   1.7875577e-02   2.0767071e-02   1.6381356e-02
   2.0950000e+00   1.8954413e-02   2.2719310e-02   1.6897004e-02
   2.1050000e+00   2.0635531e-02   2.5589604e-02   1.7771004e-02
   2.1150000e+00   2.2603170e-02   2.8798792e-02   1.8858360e-02
   2.1250000e+00   2.5546615e-02   3.3388790e-02   2.0585573e-02
   2.1350000e+00   2.9153239e-02   3.8802496e-02   2.2813231e-02
   2.1450000e+00   3.3210732e-02   4.4701767e-02   2.5422963e-02
   2.1550000e+00   3.7732173e-02   5.1103849e-02   2.8429609e-02
   2.1650000e+00   4.2380550e-02   5.7535991e-02   3.1608257e-02
   2.1750000e+00   4.7267702e-02   6.4188670e-02   3.5017633e-02
   2.1850000e+00   5.2075108e-02   7.0598830e-02   3.8446016e-02
   2.1950000e+00   5.6700821e-02   7.6702682e-02   4.1788919e-02
   2.2050000e+00   6.0722556e-02   8.1925904e-02   4.4742460e-02
   2.2150000e+00   6.5302807e-02   8.7859665e-02   4.8128952e-02
   2.2250000e+00   6.9454716e-02   9.3116643e-02   5.1257775e-02
   2.2350000e+00   7.2912333e-02   9.7529407e-02   5.3853270e-02
   2.2450000e+00   7.5236397e-02   1.0042728e-01   5.5631725e-02
   2.2550000e+00   7.4197835e-02   9.9128110e-02   5.4835653e-02
   2.2650000e+00   7.1879057e-02   9.6230269e-02   5.3058440e-02
   2.2750000e+00   6.7444411e-02   9.0615050e-02   4.9693895e-02
   2.2850000e+00   6.2242310e-02   8.3967498e-02   4.5791850e-02
   2.2950000e+00   5.6402356e-02   7.6395510e-02   4.1474511e-02
   2.3050000e+00   5.0428972e-02   6.8542774e-02   3.7122541e-02
   2.3150000e+00   4.5131192e-02   6.1481964e-02   3.3324364e-02
   2.3250000e+00   4.0471121e-02   5.5158539e-02   3.0043078e-02
   2.3350000e+00   3.6654825e-02   4.9908382e-02   2.7399893e-02
   2.3450000e+00   3.3489427e-02   4.5500910e-02   2.5240980e-02
   2.3550000e+00   3.1091689e-02   4.2100805e-02   2.3626718e-02
   2.3650000e+00   2.9241615e-02   3.9467142e-02   2.2392056e-02
   2.3750000e+00   2.7837954e-02   3.7454553e-02   2.1457693e-02
   2.3850000e+00   2.6801733e-02   3.5967844e-02   2.0766346e-02
   2.3950000e+00   2.5897576e-02   3.4674321e-02   2.0161311e-02
   2.4050000e+00   2.5122206e-02   3.3554191e-02   1.9643725e-02
   2.4150000e+00   2.4453872e-02   3.2600243e-02   1.9189868e-02
   2.4250000e+00   2.3852301e-02   3.1737015e-02   1.8782501e-02
   2.4350000e+00   2.3205413e-02   3.0806028e-02   1.8345537e-02
   2.4450000e+00   2.2546292e-02   2.9852387e-02   1.7902935e-02
   2.4550000e+00   2.1917387e-02   2.8943019e-02   1.7479256e-02
   2.4650000e+00   2.1336047e-02   2.8098362e-02   1.7086629e-02
   2.4750000e+00   2.0787378e-02   2.7312436e-02   1.6710191e-02
   2.4850000e+00   2.0263705e-02   2.6561681e-02   1.6351496e-02
   2.4950000e+00   1.9767225e-02   2.5839697e-02   1.6012332e-02
   2.5050000e+00   1.9389458e-02   2.5317688e-02   1.5737946e-02
   2.5150000e+00   1.9116484e-02   2.4955697e-02   1.5524958e-02
   2.5250000e+00   1.8924215e-02   2.4722004e-02   1.5356845e-02
   2.5350000e+00   1.8824241e-02   2.4636978e-02   1.5241205e-02
   2.5450000e+00   1.8718210e-02   2.4540501e-02   1.5121246e-02
   2.5550000e+00   1.8718102e-02   2.4612777e-02   1.5062986e-02
   2.5650000e+00   1.8821080e-02   2.4845000e-02   1.5065720e-02
   2.5750000e+00   1.8762232e-02   2.4828827e-02   1.4966125e-02
   2.5850000e+00   1.8600136e-02   2.4664869e-02   1.4802192e-02
   2.5950000e+00   1.8238015e-02   2.4188778e-02   1.4516202e-02
   2.6050000e+00   1.7643257e-02   2.3359830e-02   1.4084456e-02
   2.6150000e+00   1.6923786e-02   2.2335464e-02   1.3578044e-02
   2.6250000e+00   1.5609520e-02   2.0382996e-02   1.2714918e-02
   2.6350000e+00   1.4021362e-02   1.7969008e-02   1.1702046e-02
   2.6450000e+00   1.2791180e-02   1.6089393e-02   1.0911166e-02
   2.6550000e+00   1.1809235e-02   1.4586193e-02   1.0271182e-02
   2.6650000e+00   1.1001468e-02   1.3357327e-02   9.7329381e-03
   2.6750000e+00   1.0321707e-02   1.2331413e-02   9.2680882e-03
   2.6850000e+00   8.9536713e-03   1.0052823e-02   8.4395028e-03
   2.6950000e+00   8.1825138e-03   8.8215489e-03   7.9118641e-03
   2.7050000e+00   7.6399328e-03   8.0299754e-03   7.4878938e-03
   2.7150000e+00   7.1972055e-03   7.4461508e-03   7.1061908e-03
   2.7250000e+00   6.8026436e-03   6.9679219e-03   6.7447781e-03
   2.7350000e+00   6.2402229e-03   6.2804529e-03   6.2252966e-03
   2.7450000e+00   5.7426293e-03   5.7618251e-03   5.7328732e-03
   2.7550000e+00   5.2645464e-03   5.2792799e-03   5.2554084e-03
   2.7650000e+00   4.8020969e-03   4.8158905e-03   4.7928103e-03
   2.7750000e+00   4.3555793e-03   4.3693296e-03   4.3460031e-03
   2.7850000e+00   3.8356925e-03   3.8495829e-03   3.8257956e-03
   2.7950000e+00   3.3221920e-03   3.3363633e-03   3.3120098e-03
   2.8050000e+00   2.8653487e-03   2.8797395e-03   2.8549651e-03
   2.8150000e+00   2.4745520e-03   2.4890804e-03   2.4640452e-03
   2.8250000e+00   2.1930037e-03   2.2076172e-03   2.1824337e-03
   2.8350000e+00   2.1035412e-03   2.1182797e-03   2.0928767e-03
   2.8450000e+00   2.3337245e-03   2.3487723e-03   2.3228178e-03
   2.8550000e+00   3.0222323e-03   3.0379009e-03   3.0109030e-03
   2.8650000e+00   4.2360237e-03   4.2523667e-03   4.2243183e-03
   2.8750000e+00   6.4239400e-03   6.4403504e-03   6.4124201e-03
   2.8850000e+00   9.2845722e-03   9.2999668e-03   9.2740772e-03
   2.8950000e+00   1.2966251e-02   1.2979109e-02   1.2957927e-02
   2.9050000e+00   1.6764314e-02   1.6773561e-02   1.6758921e-02
   2.9150000e+00   2.0675086e-02   2.0679952e-02   2.0673172e-02
   2.9250000e+00   2.3790137e-02   2.3790563e-02   2.3791690e-02
   2.9350000e+00   2.6829861e-02   2.6825801e-02   2.6834905e-02
   2.9450000e+00   2.8832776e-02   2.8825255e-02   2.8840501e-02
   2.9550000e+00   3.1005895e-02   3.0994769e-02   3.1016415e-02
   2.9650000e+00   3.3310415e-02   3.3295566e-02   3.3323820e-02
   2.9750000e+00   3.5959994e-02   3.5940938e-02   3.5976659e-02
   2.9850000e+00   3.8750968e-02   3.8727459e-02   3.8771079e-02
   2.9950000e+00   4.2182365e-02   4.2153226e-02   4.2206826e-02
   3.0050000e+00   4.5723368e-02   4.5688259e-02   4.5752433e-02
   3.0150000e+00   4.9449339e-02   4.9407510e-02   4.9483582e-02
   3.0250000e+00   5.3232208e-02   5.3183195e-02   5.3271983e-02
   3.0350000e+00   5.7092227e-02   5.7035396e-02   5.7138023e-02
   3.0450000e+00   6.0905198e-02   6.0839898e-02   6.0957524e-02
   3.0550000e+00   6.4823310e-02   6.4748697e-02   6.4882827e-02
   3.0650000e+00   6.6534182e-02   6.6453143e-02   6.6598697e-02
   3.0750000e+00   6.7808813e-02   6.7722018e-02   6.7877831e-02
   3.0850000e+00   6.7225985e-02   6.7137070e-02   6.7296718e-02
   3.0950000e+00   6.6718432e-02   6.6627655e-02   6.6790683e-02
   3.1050000e+00   6.5137760e-02   6.5047900e-02   6.5209372e-02
   3.1150000e+00   6.3864153e-02   6.3774954e-02   6.3935320e-02
   3.1250000e+00   6.2924630e-02   6.2836006e-02   6.2995404e-02
   3.1350000e+00   6.2255182e-02   6.2166754e-02   6.2325855e-02
   3.1450000e+00   6.1474299e-02   6.1386454e-02   6.1544566e-02
   3.1550000e+00   6.0945952e-02   6.0858321e-02   6.1016101e-02
   3.1650000e+00   5.9766780e-02   5.9680836e-02   5.9835659e-02
   3.1750000e+00   5.8854422e-02   5.8769752e-02   5.8922351e-02
   3.1850000e+00   5.7178437e-02   5.7096778e-02   5.7244052e-02
   3.1950000e+00   5.5733894e-02   5.5654864e-02   5.5797489e-02
   3.2050000e+00   5.3901811e-02   5.3826315e-02   5.3962669e-02
   3.2150000e+00   5.2210588e-02   5.2138380e-02   5.2268898e-02
   3.2250000e+00   5.0712921e-02   5.0643632e-02   5.0768963e-02
   3.2350000e+00   4.9277677e-02   4.9211197e-02   4.9331535e-02
   3.2450000e+00   4.8111533e-02   4.8047322e-02   4.8163629e-02
   3.2550000e+00   4.7009611e-02   4.6947550e-02   4.7060035e-02
   3.2650000e+00   4.5770093e-02   4.5710474e-02   4.5818616e-02
   3.2750000e+00   4.4527674e-02   4.4470514e-02   4.4574281e-02
   3.2850000e+00   4.3448085e-02   4.3393040e-02   4.3493045e-02
   3.2950000e+00   4.2464819e-02   4.2411682e-02   4.2508292e-02
   3.3050000e+00   4.1579045e-02   4.1527628e-02   4.1621178e-02
   3.3150000e+00   4.0792388e-02   4.0742501e-02   4.0833331e-02
   3.3250000e+00   4.0025493e-02   3.9977098e-02   4.0065272e-02
   3.3350000e+00   3.9284750e-02   3.9237795e-02   3.9323408e-02
   3.3450000e+00   3.8553458e-02   3.8507930e-02   3.8591005e-02
   3.3550000e+00   3.7849789e-02   3.7805629e-02   3.7886269e-02
   3.3650000e+00   3.7153439e-02   3.7110639e-02   3.7188859e-02
   3.3750000e+00   3.6501435e-02   3.6459900e-02   3.6535870e-02
   3.3850000e+00   3.5863106e-02   3.5822810e-02   3.5896575e-02
   3.3950000e+00   3.5268646e-02   3.5229500e-02   3.5301218e-02
   3.4050000e+00   3.4716787e-02   3.4678707e-02   3.4748529e-02
   3.4150000e+00   3.4179871e-02   3.4142829e-02   3.4210804e-02
   3.4250000e+00   3.3694388e-02   3.3658281e-02   3.3724593e-02
   3.4350000e+00   3.3210924e-02   3.3175752e-02   3.3240401e-02
   3.4450000e+00   3.2766174e-02   3.2731859e-02   3.2794984e-02
   3.4550000e+00   3.2327036e-02   3.2293571e-02   3.2355186e-02
   3.4650000e+00   3.1910688e-02   3.1878028e-02   3.1938211e-02
   3.4750000e+00   3.1516791e-02   3.1484895e-02   3.1543724e-02
   3.4850000e+00   3.1127146e-02   3.1096012e-02   3.1153491e-02
   3.4950000e+00   3.0766592e-02   3.0736167e-02   3.0792396e-02
   3.5050000e+00   3.0406847e-02   3.0377148e-02   3.0432108e-02
   3.5150000e+00   3.0071468e-02   3.0042468e-02   3.0096220e-02
   3.5250000e+00   2.9752429e-02   2.9724133e-02   2.9776694e-02
   3.5350000e+00   2.9436861e-02   2.9409336e-02   2.9460633e-02
   3.5450000e+00   2.9147475e-02   2.9120726e-02   2.9170786e-02
   3.5550000e+00   2.8858578e-02   2.8832753e-02   2.8881407e-02
   3.5650000e+00   2.8597535e-02   2.8572667e-02   2.8619911e-02
   3.5750000e+00   2.8355087e-02   2.8331222e-02   2.8377024e-02
   3.5850000e+00   2.8112989e-02   2.8090351e-02   2.8134446e-02
   3.5950000e+00   2.7871267e-02   2.7850182e-02   2.7892185e-02
   3.6050000e+00   2.7629966e-02   2.7610906e-02   2.7650254e-02
   3.6150000e+00   2.7389152e-02   2.7372815e-02   2.7408667e-02
   3.6250000e+00   2.7155308e-02   2.7142446e-02   2.7173892e-02
   3.6350000e+00   2.6979318e-02   2.6968087e-02   2.6997385e-02
   3.6450000e+00   2.6803530e-02   2.6794091e-02   2.6821043e-02
   3.6550000e+00   2.6627957e-02   2.6620497e-02   2.6644870e-02
   3.6650000e+00   2.6452607e-02   2.6447334e-02   2.6468868e-02
   3.6750000e+00   2.6277492e-02   2.6274646e-02   2.6293042e-02
   3.6850000e+00   2.6102620e-02   2.6102451e-02   2.6117396e-02
   3.6950000e+00   2.5928016e-02   2.5930833e-02   2.5941935e-02
   3.7050000e+00   2.5753691e-02   2.5759839e-02   2.5766664e-02
   3.7150000e+00   2.5579668e-02   2.5589524e-02   2.5591591e-02
   3.7250000e+00   2.5405968e-02   2.5419967e-02   2.5416721e-02
   3.7350000e+00   2.5240716e-02   2.5257576e-02   2.5250598e-02
   3.7450000e+00   2.5094581e-02   2.5110418e-02   2.5104553e-02
   3.7550000e+00   2.4948588e-02   2.4963444e-02   2.4958638e-02
   3.7650000e+00   2.4802749e-02   2.4816702e-02   2.4812856e-02
   3.7750000e+00   2.4657052e-02   2.4670142e-02   2.4667205e-02
   3.7850000e+00   2.4539060e-02   2.4548920e-02   2.4549843e-02
   3.7950000e+00   2.4421306e-02   2.4428372e-02   2.4432604e-02
   3.8050000e+00   2.4303765e-02   2.4308399e-02   2.4315484e-02
   3.8150000e+00   2.4186420e-02   2.4188936e-02   2.4198479e-02
   3.8250000e+00   2.4069262e-02   2.4069952e-02   2.4081589e-02
   3.8350000e+00   2.3952275e-02   2.3951374e-02   2.3964811e-02
   3.8450000e+00   2.3835448e-02   2.3833164e-02   2.3848142e-02
   3.8550000e+00   2.3742144e-02   2.3738209e-02   2.3755076e-02
   3.8650000e+00   2.3654832e-02   2.3649406e-02   2.3667968e-02
   3.8750000e+00   2.3567657e-02   2.3560987e-02   2.3580941e-02
   3.8850000e+00   2.3480605e-02   2.3472887e-02   2.3493992e-02
   3.8950000e+00   2.3393669e-02   2.3385081e-02   2.3407121e-02
   3.9050000e+00   2.3306841e-02   2.3297525e-02   2.3320327e-02
   3.9150000e+00   2.3220115e-02   2.3210195e-02   2.3233609e-02
   3.9250000e+00   2.3133486e-02   2.3123068e-02   2.3146966e-02
   3.9350000e+00   2.3046951e-02   2.3036122e-02   2.3060399e-02
   3.9450000e+00   2.2960507e-02   2.2949346e-02   2.2973907e-02
   3.9550000e+00   2.2874152e-02   2.2862723e-02   2.2887490e-02
   3.9650000e+00   2.2787883e-02   2.2776246e-02   2.2801149e-02
   3.9750000e+00   2.2716510e-02   2.2704640e-02   2.2729727e-02
   3.9850000e+00   2.2655081e-02   2.2642987e-02   2.2668260e-02
   3.9950000e+00   2.2593717e-02   2.2581449e-02   2.2606849e-02
   4.0050000e+00   2.2532417e-02   2.2520017e-02   2.2545493e-02
   4.0150000e+00   2.2471178e-02   2.2458682e-02   2.2484192e-02
   4.0250000e+00   2.2410000e-02   2.2397439e-02   2.2422947e-02
   4.0350000e+00   2.2348882e-02   2.2336283e-02   2.2361758e-02
   4.0450000e+00   2.2287825e-02   2.2275209e-02   2.2300624e-02
   4.0550000e+00   2.2226826e-02   2.2214214e-02   2.2239546e-02
   4.0650000e+00   2.2165886e-02   2.2153294e-02   2.2178524e-02
   4.0750000e+00   2.2105005e-02   2.2092447e-02   2.2117558e-02
   4.0850000e+00   2.2044183e-02   2.2031672e-02   2.2056649e-02
   4.0950000e+00   2.1983419e-02   2.1970965e-02   2.1995796e-02
   4.1050000e+00   2.1931766e-02   2.1919358e-02   2.1944069e-02
   4.1150000e+00   2.1886196e-02   2.1873827e-02   2.1898435e-02
   4.1250000e+00   2.1840672e-02   2.1828351e-02   2.1852845e-02
   4.1350000e+00   2.1795195e-02   2.1782927e-02   2.1807301e-02
   4.1450000e+00   2.1749763e-02   2.1737554e-02   2.1761801e-02
   4.1550000e+00   2.1704378e-02   2.1692233e-02   2.1716346e-02
   4.1650000e+00   2.1659039e-02   2.1646963e-02   2.1670937e-02
   4.1750000e+00   2.1613745e-02   2.1601742e-02   2.1625573e-02
   4.1850000e+00   2.1568499e-02   2.1556572e-02   2.1580255e-02
   4.1950000e+00   2.1523298e-02   2.1511450e-02   2.1534982e-02
   4.2050000e+00   2.1478144e-02   2.1466378e-02   2.1489756e-02
   4.2150000e+00   2.1433036e-02   2.1421355e-02   2.1444575e-02
   4.2250000e+00   2.1387975e-02   2.1376381e-02   2.1399440e-02
   4.2350000e+00   2.1342961e-02   2.1331455e-02   2.1354352e-02
   4.2450000e+00   2.1308026e-02   2.1296580e-02   2.1319362e-02
   4.2550000e+00   2.1279860e-02   2.1268458e-02   2.1291155e-02
   4.2650000e+00   2.1251784e-02   2.1240429e-02   2.1263036e-02
   4.2750000e+00   2.1223798e-02   2.1212492e-02   2.1235007e-02
   4.2850000e+00   2.1195900e-02   2.1184647e-02   2.1207066e-02
   4.2950000e+00   2.1168093e-02   2.1156894e-02   2.1179215e-02
   4.3050000e+00   2.1140375e-02   2.1129232e-02   2.1151453e-02
   4.3150000e+00   2.1112747e-02   2.1101662e-02   2.1123781e-02
   4.3250000e+00   2.1085209e-02   2.1074182e-02   2.1096199e-02
   4.3350000e+00   2.1057761e-02   2.1046794e-02   2.1068707e-02
   4.3450000e+00   2.1030404e-02   2.1019498e-02   2.1041305e-02
   4.3550000e+00   2.1018047e-02   2.1007165e-02   2.1028932e-02
   4.3650000e+00   2.1012199e-02   2.1001327e-02   2.1023079e-02
   4.3750000e+00   2.1006475e-02   2.0995613e-02   2.1017351e-02
   4.3850000e+00   2.1000875e-02   2.0990024e-02   2.1011748e-02
   4.3950000e+00   2.1016180e-02   2.1005290e-02   2.1027087e-02
   4.4050000e+00   2.1036783e-02   2.1025843e-02   2.1047736e-02
   4.4150000e+00   2.1057490e-02   2.1046499e-02   2.1068488e-02
   4.4250000e+00   2.1078298e-02   2.1067257e-02   2.1089342e-02
   4.4350000e+00   2.1099208e-02   2.1088116e-02   2.1110298e-02
   4.4450000e+00   2.1122687e-02   2.1111538e-02   2.1133828e-02
   4.4550000e+00   2.1168428e-02   2.1157171e-02   2.1179661e-02
   4.4650000e+00   2.1214207e-02   2.1202840e-02   2.1225532e-02
   4.4750000e+00   2.1260022e-02   2.1248546e-02   2.1271440e-02
   4.4850000e+00   2.1305873e-02   2.1294287e-02   2.1317385e-02
   4.4950000e+00   2.1351761e-02   2.1340065e-02   2.1363367e-02
   4.5050000e+00   2.1397685e-02   2.1385878e-02   2.1409385e-02
   4.5150000e+00   2.1452257e-02   2.1440321e-02   2.1464065e-02
   4.5250000e+00   2.1506871e-02   2.1494807e-02   2.1518789e-02
   4.5350000e+00   2.1561529e-02   2.1549335e-02   2.1573556e-02
   4.5450000e+00   2.1616231e-02   2.1603906e-02   2.1628367e-02
   4.5550000e+00   2.1667968e-02   2.1655523e-02   2.1680207e-02
   4.5650000e+00   2.1709212e-02   2.1696672e-02   2.1721533e-02
   4.5750000e+00   2.1740704e-02   2.1728094e-02   2.1753089e-02
   4.5850000e+00   2.1747321e-02   2.1734703e-02   2.1759720e-02
   4.5950000e+00   2.1729064e-02   2.1716499e-02   2.1741428e-02
   4.6050000e+00   2.1710943e-02   2.1698432e-02   2.1723272e-02
   4.6150000e+00   2.1692959e-02   2.1680503e-02   2.1705253e-02
   4.6250000e+00   2.1675111e-02   2.1662711e-02   2.1687370e-02
   4.6350000e+00   2.1657401e-02   2.1645058e-02   2.1669625e-02
   4.6450000e+00   2.1639828e-02   2.1627544e-02   2.1652017e-02
   4.6550000e+00   2.1622393e-02   2.1610169e-02   2.1634546e-02
   4.6650000e+00   2.1605095e-02   2.1592935e-02   2.1617213e-02
   4.6750000e+00   2.1587935e-02   2.1575842e-02   2.1600017e-02
   4.6850000e+00   2.1570914e-02   2.1558893e-02   2.1582959e-02
   4.6950000e+00   2.1554031e-02   2.1542089e-02   2.1566039e-02
   4.7050000e+00   2.1537287e-02   2.1525433e-02   2.1549257e-02
   4.7150000e+00   2.1520683e-02   2.1508928e-02   2.1532613e-02
   4.7250000e+00   2.1488601e-02   2.1476979e-02   2.1500462e-02
   4.7350000e+00   2.1446168e-02   2.1434698e-02   2.1457940e-02
   4.7450000e+00   2.1403778e-02   2.1392466e-02   2.1415460e-02
   4.7550000e+00   2.1361431e-02   2.1350284e-02   2.1373022e-02
   4.7650000e+00   2.1319127e-02   2.1308154e-02   2.1330626e-02
   4.7750000e+00   2.1276867e-02   2.1266078e-02   2.1288272e-02
   4.7850000e+00   2.1234651e-02   2.1224057e-02   2.1245960e-02
   4.7950000e+00   2.1192480e-02   2.1182095e-02   2.1203691e-02
   4.8050000e+00   2.1150354e-02   2.1140194e-02   2.1161464e-02
   4.8150000e+00   2.1108273e-02   2.1098357e-02   2.1119279e-02
   4.8250000e+00   2.1066239e-02   2.1056589e-02   2.1077138e-02
   4.8350000e+00   2.1024253e-02   2.1014895e-02   2.1035040e-02
   4.8450000e+00   2.0982316e-02   2.0973279e-02   2.0992985e-02
   4.8550000e+00   2.0940428e-02   2.0931749e-02   2.0950974e-02
   4.8650000e+00   2.0898592e-02   2.0890314e-02   2.0909008e-02
   4.8750000e+00   2.0856810e-02   2.0848983e-02   2.0867085e-02
   4.8850000e+00   2.0815083e-02   2.0807768e-02   2.0825208e-02
   4.8950000e+00   2.0773416e-02   2.0766683e-02   2.0783375e-02
   4.9050000e+00   2.0731311e-02   2.0725212e-02   2.0741095e-02
   4.9150000e+00   2.0684752e-02   2.0679030e-02   2.0694396e-02
   4.9250000e+00   2.0638219e-02   2.0632892e-02   2.0647720e-02
   4.9350000e+00   2.0591713e-02   2.0586798e-02   2.0601067e-02
   4.9450000e+00   2.0545233e-02   2.0540750e-02   2.0554435e-02
   4.9550000e+00   2.0498781e-02   2.0494750e-02   2.0507827e-02
   4.9650000e+00   2.0452356e-02   2.0448801e-02   2.0461241e-02
   4.9750000e+00   2.0405959e-02   2.0402904e-02   2.0414679e-02
   4.9850000e+00   2.0359591e-02   2.0357059e-02   2.0368139e-02
   4.9950000e+00   2.0313253e-02   2.0311273e-02   2.0321623e-02
