   3.0500000e-01   8.9989771e-01   9.0325179e-01   8.9618265e-01
   3.1500000e-01   8.9948525e-01   9.0284233e-01   8.9576790e-01
   3.2500000e-01   8.9904025e-01   9.0241480e-01   8.9530382e-01
   3.3500000e-01   8.9868342e-01   9.0206882e-01   8.9493463e-01
   3.4500000e-01   8.9825860e-01   9.0165829e-01   8.9449456e-01
   3.5500000e-01   8.9786032e-01   9.0126578e-01   8.9409011e-01
   3.6500000e-01   8.9765086e-01   9.0106817e-01   8.9386742e-01
   3.7500000e-01   8.9736009e-01   9.0078072e-01   8.9357299e-01
   3.8500000e-01   8.9707695e-01   9.0050492e-01   8.9328175e-01
   3.9500000e-01   8.9679708e-01   9.0023426e-01   8.9299195e-01
   4.0500000e-01   8.9660256e-01   9.0004657e-01   8.9279042e-01
   4.1500000e-01   8.9635279e-01   8.9980517e-01   8.9253156e-01
   4.2500000e-01   8.9621353e-01   8.9967126e-01   8.9238620e-01
   4.3500000e-01   8.9607346e-01   8.9953766e-01   8.9223898e-01
   4.4500000e-01   8.9591096e-01   8.9937802e-01   8.9207337e-01
   4.5500000e-01   8.9570491e-01   8.9917860e-01   8.9186046e-01
   4.6500000e-01   8.9557324e-01   8.9904581e-01   8.9172974e-01
   4.7500000e-01   8.9544310e-01   8.9892529e-01   8.9158949e-01
   4.8500000e-01   8.9538465e-01   8.9886851e-01   8.9152851e-01
   4.9500000e-01   8.9515585e-01   8.9864662e-01   8.9129248e-01
   5.0500000e-01   8.9497519e-01   8.9846598e-01   8.9111187e-01
   5.1500000e-01   8.9487413e-01   8.9837069e-01   8.9100433e-01
   5.2500000e-01   8.9471962e-01   8.9822117e-01   8.9084420e-01
   5.3500000e-01   8.9448856e-01   8.9798226e-01   8.9062259e-01
   5.4500000e-01   8.9420724e-01   8.9771690e-01   8.9032417e-01
   5.5500000e-01   8.9395797e-01   8.9746461e-01   8.9007803e-01
   5.6500000e-01   8.9387905e-01   8.9739302e-01   8.8999112e-01
   5.7500000e-01   8.9363579e-01   8.9714547e-01   8.8975203e-01
   5.8500000e-01   8.9339912e-01   8.9692708e-01   8.8949564e-01
   5.9500000e-01   8.9324956e-01   8.9677395e-01   8.8935062e-01
   6.0500000e-01   8.9289935e-01   8.9641851e-01   8.8900423e-01
   6.1500000e-01   8.9238854e-01   8.9591698e-01   8.8848557e-01
   6.2500000e-01   8.9202540e-01   8.9556002e-01   8.8811385e-01
   6.3500000e-01   8.9166429e-01   8.9519387e-01   8.8775888e-01
   6.4500000e-01   8.9109004e-01   8.9461482e-01   8.8719097e-01
   6.5500000e-01   8.9058973e-01   8.9411849e-01   8.8668552e-01
   6.6500000e-01   8.9012327e-01   8.9366379e-01   8.8620566e-01
   6.7500000e-01   8.8960289e-01   8.9315095e-01   8.8567826e-01
   6.8500000e-01   8.8936437e-01   8.9291025e-01   8.8543922e-01
   6.9500000e-01   8.8819336e-01   8.9173091e-01   8.8428086e-01
   7.0500000e-01   8.8737873e-01   8.9092829e-01   8.8345137e-01
   7.1500000e-01   8.8615224e-01   8.8971920e-01   8.8220691e-01
   7.2500000e-01   8.8550345e-01   8.8907074e-01   8.8155637e-01
   7.3500000e-01   8.8467947e-01   8.8823232e-01   8.8074918e-01
   7.4500000e-01   8.8309938e-01   8.8665999e-01   8.7915970e-01
   7.5500000e-01   8.8131144e-01   8.8487936e-01   8.7736305e-01
   7.6500000e-01   8.7903513e-01   8.8260801e-01   8.7508283e-01
   7.7500000e-01   8.7635228e-01   8.7994702e-01   8.7237599e-01
   7.8500000e-01   8.7372646e-01   8.7732957e-01   8.6973924e-01
   7.9500000e-01   8.7106352e-01   8.7467469e-01   8.6707149e-01
   8.0500000e-01   8.6915605e-01   8.7276538e-01   8.6516391e-01
   8.1500000e-01   8.6923250e-01   8.7285245e-01   8.6522945e-01
   8.2500000e-01   8.6884697e-01   8.7247441e-01   8.6483365e-01
   8.3500000e-01   8.6810995e-01   8.7170453e-01   8.6413008e-01
   8.4500000e-01   8.6553850e-01   8.6911214e-01   8.6157881e-01
   8.5500000e-01   8.6138577e-01   8.6506191e-01   8.5732169e-01
   8.6500000e-01   8.5551118e-01   8.5922733e-01   8.5140486e-01
   8.7500000e-01   8.4769976e-01   8.5146078e-01   8.4354595e-01
   8.8500000e-01   8.3995014e-01   8.4375908e-01   8.3574111e-01
   8.9500000e-01   8.3478487e-01   8.3859262e-01   8.3057740e-01
   9.0500000e-01   8.3188811e-01   8.3569101e-01   8.2769045e-01
   9.1500000e-01   8.2974609e-01   8.3362895e-01   8.2545957e-01
   9.2500000e-01   8.2623446e-01   8.3012882e-01   8.2193831e-01
   9.3500000e-01   8.2247702e-01   8.2638760e-01   8.1816089e-01
   9.4500000e-01   8.1765991e-01   8.2159791e-01   8.1331733e-01
   9.5500000e-01   8.0815156e-01   8.1220918e-01   8.0367989e-01
   9.6500000e-01   7.9322427e-01   7.9740157e-01   7.8862931e-01
   9.7500000e-01   7.7783373e-01   7.8215774e-01   7.7308143e-01
   9.8500000e-01   7.6267013e-01   7.6714735e-01   7.5774888e-01
   9.9500000e-01   7.4486858e-01   7.4949132e-01   7.3979905e-01
   1.0050000e+00   7.2492636e-01   7.2985980e-01   7.1951945e-01
   1.0150000e+00   7.0719395e-01   7.1231989e-01   7.0158910e-01
   1.0250000e+00   6.9967565e-01   7.0487477e-01   6.9398720e-01
   1.0350000e+00   6.9896755e-01   7.0422421e-01   6.9321970e-01
   1.0450000e+00   7.0380789e-01   7.0894844e-01   6.9818652e-01
   1.0550000e+00   7.1517944e-01   7.2018831e-01   7.0969280e-01
   1.0650000e+00   7.2662556e-01   7.3153438e-01   7.2124336e-01
   1.0750000e+00   7.3353825e-01   7.3832862e-01   7.2829142e-01
   1.0850000e+00   7.3769434e-01   7.4249874e-01   7.3242747e-01
   1.0950000e+00   7.3956370e-01   7.4434138e-01   7.3432693e-01
   1.1050000e+00   7.3952119e-01   7.4431603e-01   7.3426569e-01
   1.1150000e+00   7.3660489e-01   7.4138583e-01   7.3136924e-01
   1.1250000e+00   7.2986615e-01   7.3473944e-01   7.2452510e-01
   1.1350000e+00   7.1874060e-01   7.2373027e-01   7.1327905e-01
   1.1450000e+00   7.1339889e-01   7.1845985e-01   7.0785698e-01
   1.1550000e+00   6.9483077e-01   7.0007606e-01   6.8909855e-01
   1.1650000e+00   6.6432533e-01   6.6998939e-01   6.5814605e-01
   1.1750000e+00   6.3403023e-01   6.3995794e-01   6.2756706e-01
   1.1850000e+00   6.0657907e-01   6.1280850e-01   5.9979620e-01
   1.1950000e+00   5.8186911e-01   5.8828560e-01   5.7489222e-01
   1.2050000e+00   5.5083999e-01   5.5756969e-01   5.4353235e-01
   1.2150000e+00   5.1823976e-01   5.2513951e-01   5.1076021e-01
   1.2250000e+00   4.9814048e-01   5.0519825e-01   4.9049884e-01
   1.2350000e+00   4.8467890e-01   4.9178488e-01   4.7698486e-01
   1.2450000e+00   4.7468178e-01   4.8183913e-01   4.6693816e-01
   1.2550000e+00   4.6952487e-01   4.7671902e-01   4.6174294e-01
   1.2650000e+00   4.6689637e-01   4.7409261e-01   4.5911344e-01
   1.2750000e+00   4.6728658e-01   4.7446444e-01   4.5952526e-01
   1.2850000e+00   4.7075087e-01   4.7792979e-01   4.6298363e-01
   1.2950000e+00   4.7251156e-01   4.7967529e-01   4.6476315e-01
   1.3050000e+00   4.7419573e-01   4.8134974e-01   4.6645749e-01
   1.3150000e+00   4.7545028e-01   4.8260759e-01   4.6770805e-01
   1.3250000e+00   4.7607445e-01   4.8322569e-01   4.6833768e-01
   1.3350000e+00   4.7591695e-01   4.8306932e-01   4.6817869e-01
   1.3450000e+00   4.7321222e-01   4.8038315e-01   4.6545573e-01
   1.3550000e+00   4.6926269e-01   4.7645511e-01   4.6148304e-01
   1.3650000e+00   4.6532691e-01   4.7253283e-01   4.5753235e-01
   1.3750000e+00   4.5692298e-01   4.6413697e-01   4.4912620e-01
   1.3850000e+00   4.4431029e-01   4.5159486e-01   4.3644001e-01
   1.3950000e+00   4.2575821e-01   4.3306065e-01   4.1787695e-01
   1.4050000e+00   3.6175993e-01   3.6904487e-01   3.5392652e-01
   1.4150000e+00   2.7035179e-01   2.7719556e-01   2.6304408e-01
   1.4250000e+00   1.8920129e-01   1.9509292e-01   1.8295586e-01
   1.4350000e+00   1.3346518e-01   1.3830765e-01   1.2836871e-01
   1.4450000e+00   9.8418773e-02   1.0237770e-01   9.4276987e-02
   1.4550000e+00   7.1116548e-02   7.4218767e-02   6.7891112e-02
   1.4650000e+00   5.2257419e-02   5.4659166e-02   4.9774889e-02
   1.4750000e+00   4.0379679e-02   4.2277119e-02   3.8428403e-02
   1.4850000e+00   3.4085499e-02   3.5685738e-02   3.2445717e-02
   1.4950000e+00   3.1857123e-02   3.3346541e-02   3.0333184e-02
   1.5050000e+00   3.3049631e-02   3.4598718e-02   3.1463242e-02
   1.5150000e+00   3.4752405e-02   3.6386020e-02   3.3077675e-02
   1.5250000e+00   3.6514224e-02   3.8233171e-02   3.4750151e-02
   1.5350000e+00   3.9031133e-02   4.0867398e-02   3.7144134e-02
   1.5450000e+00   4.2163792e-02   4.4143895e-02   4.0125758e-02
   1.5550000e+00   4.5753953e-02   4.7890421e-02   4.3551372e-02
   1.5650000e+00   4.9959158e-02   5.2270921e-02   4.7571665e-02
   1.5750000e+00   5.5143787e-02   5.7665833e-02   5.2534305e-02
   1.5850000e+00   6.1268315e-02   6.4024850e-02   5.8410446e-02
   1.5950000e+00   6.5941997e-02   6.8868490e-02   6.2903522e-02
   1.6050000e+00   7.0498524e-02   7.3586802e-02   6.7288314e-02
   1.6150000e+00   7.5050916e-02   7.8293289e-02   7.1676438e-02
   1.6250000e+00   7.7864947e-02   8.1201378e-02   7.4390253e-02
   1.6350000e+00   8.0772146e-02   8.4202813e-02   7.7197305e-02
   1.6450000e+00   8.3963812e-02   8.7498870e-02   8.0277105e-02
   1.6550000e+00   8.7691000e-02   9.1343420e-02   8.3878972e-02
   1.6650000e+00   9.2121894e-02   9.5900383e-02   8.8173853e-02
   1.6750000e+00   9.7005890e-02   1.0093174e-01   9.2900857e-02
   1.6850000e+00   1.0183081e-01   1.0589141e-01   9.7580521e-02
   1.6950000e+00   1.0647376e-01   1.1065661e-01   1.0209083e-01
   1.7050000e+00   1.1121527e-01   1.1553150e-01   1.0669059e-01
   1.7150000e+00   1.1602212e-01   1.2045921e-01   1.1136577e-01
   1.7250000e+00   1.2103827e-01   1.2559666e-01   1.1625129e-01
   1.7350000e+00   1.2543434e-01   1.3010623e-01   1.2052459e-01
   1.7450000e+00   1.2885410e-01   1.3359555e-01   1.2386808e-01
   1.7550000e+00   1.3252484e-01   1.3736471e-01   1.2743346e-01
   1.7650000e+00   1.3571288e-01   1.4061988e-01   1.3054797e-01
   1.7750000e+00   1.3836687e-01   1.4333119e-01   1.3313961e-01
   1.7850000e+00   1.4103514e-01   1.4604696e-01   1.3575524e-01
   1.7950000e+00   1.4396732e-01   1.4905907e-01   1.3860233e-01
   1.8050000e+00   1.4716980e-01   1.5231962e-01   1.4174111e-01
   1.8150000e+00   1.5093941e-01   1.5617554e-01   1.4541705e-01
   1.8250000e+00   1.5482942e-01   1.6013589e-01   1.4922993e-01
   1.8350000e+00   1.5672467e-01   1.6206591e-01   1.5108632e-01
   1.8450000e+00   1.5548122e-01   1.6080156e-01   1.4986628e-01
   1.8550000e+00   1.5126151e-01   1.5649021e-01   1.4574541e-01
   1.8650000e+00   1.3917547e-01   1.4417461e-01   1.3391286e-01
   1.8750000e+00   1.1788518e-01   1.2237766e-01   1.1317013e-01
   1.8850000e+00   9.6494725e-02   1.0040965e-01   9.2401408e-02
   1.8950000e+00   7.4138726e-02   7.7365566e-02   7.0781993e-02
   1.9050000e+00   5.5417446e-02   5.7961462e-02   5.2784772e-02
   1.9150000e+00   3.8505987e-02   4.0338253e-02   3.6622939e-02
   1.9250000e+00   2.8889499e-02   3.0254591e-02   2.7495140e-02
   1.9350000e+00   2.2244373e-02   2.3244925e-02   2.1229109e-02
   1.9450000e+00   1.8475732e-02   1.9246573e-02   1.7698106e-02
   1.9550000e+00   1.6291025e-02   1.6916824e-02   1.5662868e-02
   1.9650000e+00   1.5006018e-02   1.5540946e-02   1.4471158e-02
   1.9750000e+00   1.4354335e-02   1.4841672e-02   1.3868219e-02
   1.9850000e+00   1.4040886e-02   1.4505276e-02   1.3578234e-02
   1.9950000e+00   1.3994259e-02   1.4456183e-02   1.3534140e-02
   2.0050000e+00   1.4106918e-02   1.4578680e-02   1.3636724e-02
   2.0150000e+00   1.4395488e-02   1.4890547e-02   1.3901439e-02
   2.0250000e+00   1.4761940e-02   1.5285649e-02   1.4238550e-02
   2.0350000e+00   1.5221331e-02   1.5779581e-02   1.4662490e-02
   2.0450000e+00   1.5879660e-02   1.6486330e-02   1.5271112e-02
   2.0550000e+00   1.6892626e-02   1.7570036e-02   1.6211254e-02
   2.0650000e+00   1.8210617e-02   1.8976113e-02   1.7438411e-02
   2.0750000e+00   2.0143324e-02   2.1031254e-02   1.9244572e-02
   2.0850000e+00   2.2653978e-02   2.3692358e-02   2.1599380e-02
   2.0950000e+00   2.6060186e-02   2.7288534e-02   2.4808083e-02
   2.1050000e+00   3.0716238e-02   3.2188124e-02   2.9210344e-02
   2.1150000e+00   3.5608482e-02   3.7319974e-02   3.3852154e-02
   2.1250000e+00   4.2203250e-02   4.4214940e-02   4.0131909e-02
   2.1350000e+00   4.9601943e-02   5.1929015e-02   4.7199077e-02
   2.1450000e+00   5.7315218e-02   5.9945076e-02   5.4592059e-02
   2.1550000e+00   6.5420297e-02   6.8350969e-02   6.2378397e-02
   2.1650000e+00   7.3320264e-02   7.6525151e-02   6.9986733e-02
   2.1750000e+00   8.1347610e-02   8.4821767e-02   7.7727766e-02
   2.1850000e+00   8.8813171e-02   9.2510632e-02   8.4953485e-02
   2.1950000e+00   9.5870902e-02   9.9778990e-02   9.1786539e-02
   2.2050000e+00   1.0183994e-01   1.0592019e-01   9.7571076e-02
   2.2150000e+00   1.0863657e-01   1.1290229e-01   1.0416658e-01
   2.2250000e+00   1.1444883e-01   1.1886846e-01   1.0981385e-01
   2.2350000e+00   1.1933709e-01   1.2387342e-01   1.1457574e-01
   2.2450000e+00   1.2250629e-01   1.2712532e-01   1.1765646e-01
   2.2550000e+00   1.2104068e-01   1.2561995e-01   1.1623384e-01
   2.2650000e+00   1.1800208e-01   1.2251627e-01   1.1326495e-01
   2.2750000e+00   1.1166674e-01   1.1600874e-01   1.0711489e-01
   2.2850000e+00   1.0428197e-01   1.0843194e-01   9.9936486e-02
   2.2950000e+00   9.5639538e-02   9.9544680e-02   9.1557002e-02
   2.3050000e+00   8.6497832e-02   9.0130524e-02   8.2708486e-02
   2.3150000e+00   7.8168582e-02   8.1527367e-02   7.4669429e-02
   2.3250000e+00   7.0675072e-02   7.3803672e-02   6.7423783e-02
   2.3350000e+00   6.4235824e-02   6.7136041e-02   6.1226929e-02
   2.3450000e+00   5.8771662e-02   6.1470290e-02   5.5975655e-02
   2.3550000e+00   5.4368391e-02   5.6896029e-02   5.1753750e-02
   2.3650000e+00   5.1071411e-02   5.3478450e-02   4.8584443e-02
   2.3750000e+00   4.8408063e-02   5.0701672e-02   4.6039777e-02
   2.3850000e+00   4.6466661e-02   4.8680912e-02   4.4181933e-02
   2.3950000e+00   4.4796123e-02   4.6942204e-02   4.2583008e-02
   2.4050000e+00   4.3331709e-02   4.5420247e-02   4.1179555e-02
   2.4150000e+00   4.2044509e-02   4.4072627e-02   3.9954981e-02
   2.4250000e+00   4.0909887e-02   4.2892184e-02   3.8868926e-02
   2.4350000e+00   3.9685974e-02   4.1617420e-02   3.7698394e-02
   2.4450000e+00   3.8407104e-02   4.0280559e-02   3.6479806e-02
   2.4550000e+00   3.7224968e-02   3.9053760e-02   3.5345419e-02
   2.4650000e+00   3.6049226e-02   3.7821863e-02   3.4228155e-02
   2.4750000e+00   3.4995339e-02   3.6720355e-02   3.3223929e-02
   2.4850000e+00   3.3994738e-02   3.5674679e-02   3.2270332e-02
   2.4950000e+00   3.3010197e-02   3.4646482e-02   3.1331484e-02
   2.5050000e+00   3.2336775e-02   3.3942395e-02   3.0689813e-02
   2.5150000e+00   3.1894600e-02   3.3483390e-02   3.0265592e-02
   2.5250000e+00   3.1630945e-02   3.3208944e-02   3.0013032e-02
   2.5350000e+00   3.1595500e-02   3.3175420e-02   2.9975853e-02
   2.5450000e+00   3.1508224e-02   3.3082260e-02   2.9894046e-02
   2.5550000e+00   3.1690647e-02   3.3273913e-02   3.0066264e-02
   2.5650000e+00   3.2109727e-02   3.3715697e-02   3.0461736e-02
   2.5750000e+00   3.2137976e-02   3.3746575e-02   3.0487657e-02
   2.5850000e+00   3.2051630e-02   3.3663056e-02   3.0398366e-02
   2.5950000e+00   3.1444688e-02   3.3025353e-02   2.9822531e-02
   2.6050000e+00   3.0356279e-02   3.1889037e-02   2.8784388e-02
   2.6150000e+00   2.8966039e-02   3.0435108e-02   2.7460948e-02
   2.6250000e+00   2.6243723e-02   2.7583149e-02   2.4873335e-02
   2.6350000e+00   2.2768549e-02   2.3936601e-02   2.1576194e-02
   2.6450000e+00   2.0001240e-02   2.1027923e-02   1.8955517e-02
   2.6550000e+00   1.7746352e-02   1.8653561e-02   1.6824142e-02
   2.6650000e+00   1.5896971e-02   1.6705231e-02   1.5076986e-02
   2.6750000e+00   1.4338468e-02   1.5061005e-02   1.3606795e-02
   2.6850000e+00   1.0399819e-02   1.0883512e-02   9.9135499e-03
   2.6950000e+00   8.1956813e-03   8.5364552e-03   7.8555380e-03
   2.7050000e+00   6.8213938e-03   7.0699103e-03   6.5750482e-03
   2.7150000e+00   5.8917105e-03   6.0775806e-03   5.7086610e-03
   2.7250000e+00   5.2178561e-03   5.3598340e-03   5.0788952e-03
   2.7350000e+00   4.0849049e-03   4.1373488e-03   4.0348224e-03
   2.7450000e+00   3.5798666e-03   3.6034421e-03   3.5576899e-03
   2.7550000e+00   3.2268640e-03   3.2394941e-03   3.2150224e-03
   2.7650000e+00   2.9253605e-03   2.9333526e-03   2.9178094e-03
   2.7750000e+00   2.6482431e-03   2.6540966e-03   2.6426337e-03
   2.7850000e+00   2.3300376e-03   2.3341077e-03   2.3260176e-03
   2.7950000e+00   2.0216190e-03   2.0251195e-03   2.0180901e-03
   2.8050000e+00   1.7489287e-03   1.7523150e-03   1.7454946e-03
   2.8150000e+00   1.5163000e-03   1.5197311e-03   1.5128221e-03
   2.8250000e+00   1.3489838e-03   1.3524605e-03   1.3454545e-03
   2.8350000e+00   1.2958142e-03   1.2992393e-03   1.2923220e-03
   2.8450000e+00   1.4332885e-03   1.4366479e-03   1.4298474e-03
   2.8550000e+00   1.8454896e-03   1.8489199e-03   1.8419669e-03
   2.8650000e+00   2.5729490e-03   2.5765625e-03   2.5692368e-03
   2.8750000e+00   3.8851650e-03   3.8889462e-03   3.8812854e-03
   2.8850000e+00   5.6050976e-03   5.6088753e-03   5.6012304e-03
   2.8950000e+00   7.8273258e-03   7.8308185e-03   7.8237636e-03
   2.9050000e+00   1.0131348e-02   1.0134309e-02   1.0128345e-02
   2.9150000e+00   1.2517212e-02   1.2519460e-02   1.2514955e-02
   2.9250000e+00   1.4426175e-02   1.4427643e-02   1.4424730e-02
   2.9350000e+00   1.6298184e-02   1.6298849e-02   1.6297576e-02
   2.9450000e+00   1.7535523e-02   1.7535552e-02   1.7535577e-02
   2.9550000e+00   1.8883114e-02   1.8882478e-02   1.8883860e-02
   2.9650000e+00   2.0317794e-02   2.0316465e-02   2.0319260e-02
   2.9750000e+00   2.1974269e-02   2.1972150e-02   2.1976557e-02
   2.9850000e+00   2.3726941e-02   2.3723975e-02   2.3730110e-02
   2.9950000e+00   2.5892429e-02   2.5888376e-02   2.5896730e-02
   3.0050000e+00   2.8139487e-02   2.8134264e-02   2.8145004e-02
   3.0150000e+00   3.0516878e-02   3.0510320e-02   3.0523782e-02
   3.0250000e+00   3.2944463e-02   3.2936463e-02   3.2952866e-02
   3.0350000e+00   3.5435745e-02   3.5426161e-02   3.5445795e-02
   3.0450000e+00   3.7910141e-02   3.7898832e-02   3.7921984e-02
   3.0550000e+00   4.0467185e-02   4.0453973e-02   4.0481007e-02
   3.0650000e+00   4.1583209e-02   4.1568729e-02   4.1598353e-02
   3.0750000e+00   4.2414489e-02   4.2398894e-02   4.2430794e-02
   3.0850000e+00   4.2023126e-02   4.2007196e-02   4.2039783e-02
   3.0950000e+00   4.1682661e-02   4.1666448e-02   4.1699617e-02
   3.1050000e+00   4.0639364e-02   4.0623432e-02   4.0656031e-02
   3.1150000e+00   3.9800514e-02   3.9784799e-02   3.9816956e-02
   3.1250000e+00   3.9182994e-02   3.9167458e-02   3.9199254e-02
   3.1350000e+00   3.8743127e-02   3.8727687e-02   3.8759288e-02
   3.1450000e+00   3.8231433e-02   3.8216164e-02   3.8247418e-02
   3.1550000e+00   3.7885255e-02   3.7870078e-02   3.7901146e-02
   3.1650000e+00   3.7116182e-02   3.7101390e-02   3.7131674e-02
   3.1750000e+00   3.6522121e-02   3.6507625e-02   3.6537307e-02
   3.1850000e+00   3.5434343e-02   3.5420478e-02   3.5448872e-02
   3.1950000e+00   3.4499239e-02   3.4485924e-02   3.4513198e-02
   3.2050000e+00   3.3316675e-02   3.3304073e-02   3.3329891e-02
   3.2150000e+00   3.2228214e-02   3.2216271e-02   3.2240743e-02
   3.2250000e+00   3.1266760e-02   3.1255396e-02   3.1278687e-02
   3.2350000e+00   3.0347613e-02   3.0336802e-02   3.0358964e-02
   3.2450000e+00   2.9602343e-02   2.9591978e-02   2.9613229e-02
   3.2550000e+00   2.8899440e-02   2.8889496e-02   2.8909889e-02
   3.2650000e+00   2.8110322e-02   2.8100851e-02   2.8120278e-02
   3.2750000e+00   2.7320998e-02   2.7312001e-02   2.7330459e-02
   3.2850000e+00   2.6636356e-02   2.6627765e-02   2.6645395e-02
   3.2950000e+00   2.6013803e-02   2.6005577e-02   2.6022461e-02
   3.3050000e+00   2.5453853e-02   2.5445955e-02   2.5462169e-02
   3.3150000e+00   2.4957260e-02   2.4949655e-02   2.4965272e-02
   3.3250000e+00   2.4473770e-02   2.4466449e-02   2.4481486e-02
   3.3350000e+00   2.4007342e-02   2.4000295e-02   2.4014773e-02
   3.3450000e+00   2.3547442e-02   2.3540665e-02   2.3554592e-02
   3.3550000e+00   2.3105428e-02   2.3098909e-02   2.3112309e-02
   3.3650000e+00   2.2668536e-02   2.2662272e-02   2.2675150e-02
   3.3750000e+00   2.2259901e-02   2.2253876e-02   2.2266268e-02
   3.3850000e+00   2.1860270e-02   2.1854477e-02   2.1866395e-02
   3.3950000e+00   2.1488481e-02   2.1482904e-02   2.1494380e-02
   3.4050000e+00   2.1143660e-02   2.1138285e-02   2.1149351e-02
   3.4150000e+00   2.0808492e-02   2.0803314e-02   2.0813978e-02
   3.4250000e+00   2.0505693e-02   2.0500696e-02   2.0510991e-02
   3.4350000e+00   2.0204427e-02   2.0199619e-02   2.0209533e-02
   3.4450000e+00   1.9927527e-02   1.9922904e-02   1.9932446e-02
   3.4550000e+00   1.9654402e-02   1.9649985e-02   1.9659118e-02
   3.4650000e+00   1.9395759e-02   1.9391577e-02   1.9400251e-02
   3.4750000e+00   1.9151430e-02   1.9147529e-02   1.9155658e-02
   3.4850000e+00   1.8910293e-02   1.8906781e-02   1.8914167e-02
   3.4950000e+00   1.8687695e-02   1.8684649e-02   1.8691152e-02
   3.5050000e+00   1.8466587e-02   1.8464222e-02   1.8469437e-02
   3.5150000e+00   1.8261660e-02   1.8260190e-02   1.8263715e-02
   3.5250000e+00   1.8068317e-02   1.8068038e-02   1.8069313e-02
   3.5350000e+00   1.7879634e-02   1.7881066e-02   1.7879102e-02
   3.5450000e+00   1.7708524e-02   1.7711878e-02   1.7706264e-02
   3.5550000e+00   1.7541491e-02   1.7547492e-02   1.7536837e-02
   3.5650000e+00   1.7392986e-02   1.7401782e-02   1.7385788e-02
   3.5750000e+00   1.7256988e-02   1.7268668e-02   1.7247147e-02
   3.5850000e+00   1.7125290e-02   1.7140552e-02   1.7112153e-02
   3.5950000e+00   1.6999285e-02   1.7019030e-02   1.6981997e-02
   3.6050000e+00   1.6880598e-02   1.6905937e-02   1.6858100e-02
   3.6150000e+00   1.6771777e-02   1.6804173e-02   1.6742668e-02
   3.6250000e+00   1.6675856e-02   1.6716465e-02   1.6639000e-02
   3.6350000e+00   1.6586557e-02   1.6630362e-02   1.6546669e-02
   3.6450000e+00   1.6499300e-02   1.6546581e-02   1.6456111e-02
   3.6550000e+00   1.6413809e-02   1.6464735e-02   1.6367145e-02
   3.6650000e+00   1.6330689e-02   1.6385586e-02   1.6280237e-02
   3.6750000e+00   1.6249876e-02   1.6308982e-02   1.6195394e-02
   3.6850000e+00   1.6171746e-02   1.6235410e-02   1.6112896e-02
   3.6950000e+00   1.6096216e-02   1.6164707e-02   1.6032730e-02
   3.7050000e+00   1.6024072e-02   1.6097789e-02   1.5955551e-02
   3.7150000e+00   1.5955102e-02   1.6034383e-02   1.5881209e-02
   3.7250000e+00   1.5889915e-02   1.5975208e-02   1.5810213e-02
   3.7350000e+00   1.5814763e-02   1.5903785e-02   1.5731436e-02
   3.7450000e+00   1.5710394e-02   1.5797364e-02   1.5629041e-02
   3.7550000e+00   1.5606267e-02   1.5691192e-02   1.5526880e-02
   3.7650000e+00   1.5502925e-02   1.5585870e-02   1.5425435e-02
   3.7750000e+00   1.5400163e-02   1.5481202e-02   1.5324500e-02
   3.7850000e+00   1.5288377e-02   1.5363743e-02   1.5218178e-02
   3.7950000e+00   1.5180275e-02   1.5250358e-02   1.5115143e-02
   3.8050000e+00   1.5075991e-02   1.5141304e-02   1.5015430e-02
   3.8150000e+00   1.4974481e-02   1.5035337e-02   1.4918181e-02
   3.8250000e+00   1.4876187e-02   1.4933017e-02   1.4823727e-02
   3.8350000e+00   1.4780054e-02   1.4833097e-02   1.4731195e-02
   3.8450000e+00   1.4686354e-02   1.4735954e-02   1.4640769e-02
   3.8550000e+00   1.4603432e-02   1.4648950e-02   1.4561720e-02
   3.8650000e+00   1.4525579e-02   1.4567160e-02   1.4487589e-02
   3.8750000e+00   1.4450732e-02   1.4488805e-02   1.4416053e-02
   3.8850000e+00   1.4378174e-02   1.4413049e-02   1.4346505e-02
   3.8950000e+00   1.4307923e-02   1.4339932e-02   1.4278944e-02
   3.9050000e+00   1.4239432e-02   1.4268816e-02   1.4212909e-02
   3.9150000e+00   1.4172683e-02   1.4199705e-02   1.4148366e-02
   3.9250000e+00   1.4107449e-02   1.4132333e-02   1.4085122e-02
   3.9350000e+00   1.4043432e-02   1.4066352e-02   1.4022931e-02
   3.9450000e+00   1.3980688e-02   1.4001841e-02   1.3961824e-02
   3.9550000e+00   1.3918917e-02   1.3938448e-02   1.3901552e-02
   3.9650000e+00   1.3858151e-02   1.3876215e-02   1.3842138e-02
   3.9750000e+00   1.3806384e-02   1.3822935e-02   1.3791764e-02
   3.9850000e+00   1.3761090e-02   1.3776179e-02   1.3747812e-02
   3.9950000e+00   1.3716712e-02   1.3730491e-02   1.3704635e-02
   4.0050000e+00   1.3673093e-02   1.3685681e-02   1.3662103e-02
   4.0150000e+00   1.3630183e-02   1.3641699e-02   1.3620170e-02
   4.0250000e+00   1.3587894e-02   1.3598442e-02   1.3578760e-02
   4.0350000e+00   1.3546152e-02   1.3555823e-02   1.3537812e-02
   4.0450000e+00   1.3504914e-02   1.3513793e-02   1.3497290e-02
   4.0550000e+00   1.3464101e-02   1.3472258e-02   1.3457127e-02
   4.0650000e+00   1.3423690e-02   1.3431194e-02   1.3417302e-02
   4.0750000e+00   1.3383643e-02   1.3390556e-02   1.3377785e-02
   4.0850000e+00   1.3343904e-02   1.3350277e-02   1.3338528e-02
   4.0950000e+00   1.3304461e-02   1.3310344e-02   1.3299521e-02
   4.1050000e+00   1.3270771e-02   1.3276198e-02   1.3266238e-02
   4.1150000e+00   1.3240980e-02   1.3245982e-02   1.3236823e-02
   4.1250000e+00   1.3211411e-02   1.3216028e-02   1.3207595e-02
   4.1350000e+00   1.3182037e-02   1.3186302e-02   1.3178532e-02
   4.1450000e+00   1.3152848e-02   1.3156792e-02   1.3149624e-02
   4.1550000e+00   1.3123827e-02   1.3127480e-02   1.3120859e-02
   4.1650000e+00   1.3094956e-02   1.3098342e-02   1.3092221e-02
   4.1750000e+00   1.3066225e-02   1.3069367e-02   1.3063702e-02
   4.1850000e+00   1.3037625e-02   1.3040546e-02   1.3035295e-02
   4.1950000e+00   1.3009145e-02   1.3011862e-02   1.3006990e-02
   4.2050000e+00   1.2980776e-02   1.2983308e-02   1.2978782e-02
   4.2150000e+00   1.2952511e-02   1.2954873e-02   1.2950662e-02
   4.2250000e+00   1.2924343e-02   1.2926550e-02   1.2922626e-02
   4.2350000e+00   1.2896267e-02   1.2898333e-02   1.2894670e-02
   4.2450000e+00   1.2874074e-02   1.2875928e-02   1.2872660e-02
   4.2550000e+00   1.2855937e-02   1.2857555e-02   1.2854726e-02
   4.2650000e+00   1.2837998e-02   1.2839413e-02   1.2836961e-02
   4.2750000e+00   1.2820234e-02   1.2821474e-02   1.2819347e-02
   4.2850000e+00   1.2802627e-02   1.2803715e-02   1.2801868e-02
   4.2950000e+00   1.2785162e-02   1.2786119e-02   1.2784512e-02
   4.3050000e+00   1.2767825e-02   1.2768670e-02   1.2767270e-02
   4.3150000e+00   1.2750608e-02   1.2751356e-02   1.2750133e-02
   4.3250000e+00   1.2733501e-02   1.2734165e-02   1.2733094e-02
   4.3350000e+00   1.2716495e-02   1.2717088e-02   1.2716147e-02
   4.3450000e+00   1.2699586e-02   1.2700116e-02   1.2699287e-02
   4.3550000e+00   1.2691803e-02   1.2692261e-02   1.2691564e-02
   4.3650000e+00   1.2688010e-02   1.2688400e-02   1.2687828e-02
   4.3750000e+00   1.2684333e-02   1.2684664e-02   1.2684199e-02
   4.3850000e+00   1.2680766e-02   1.2681047e-02   1.2680672e-02
   4.3950000e+00   1.2689971e-02   1.2690205e-02   1.2689917e-02
   4.4050000e+00   1.2702427e-02   1.2702619e-02   1.2702411e-02
   4.4150000e+00   1.2714964e-02   1.2715117e-02   1.2714980e-02
   4.4250000e+00   1.2727578e-02   1.2727697e-02   1.2727624e-02
   4.4350000e+00   1.2740267e-02   1.2740356e-02   1.2740339e-02
   4.4450000e+00   1.2754537e-02   1.2754598e-02   1.2754632e-02
   4.4550000e+00   1.2782414e-02   1.2782453e-02   1.2782532e-02
   4.4650000e+00   1.2810318e-02   1.2810333e-02   1.2810458e-02
   4.4750000e+00   1.2838247e-02   1.2838239e-02   1.2838409e-02
   4.4850000e+00   1.2866201e-02   1.2866172e-02   1.2866385e-02
   4.4950000e+00   1.2894180e-02   1.2894129e-02   1.2894385e-02
   4.5050000e+00   1.2922184e-02   1.2922112e-02   1.2922410e-02
   4.5150000e+00   1.2955520e-02   1.2955439e-02   1.2955756e-02
   4.5250000e+00   1.2988885e-02   1.2988797e-02   1.2989132e-02
   4.5350000e+00   1.3022281e-02   1.3022185e-02   1.3022537e-02
   4.5450000e+00   1.3055706e-02   1.3055605e-02   1.3055973e-02
   4.5550000e+00   1.3087381e-02   1.3087290e-02   1.3087643e-02
   4.5650000e+00   1.3112687e-02   1.3112618e-02   1.3112933e-02
   4.5750000e+00   1.3132065e-02   1.3132028e-02   1.3132287e-02
   4.5850000e+00   1.3136307e-02   1.3136320e-02   1.3136486e-02
   4.5950000e+00   1.3125422e-02   1.3125507e-02   1.3125538e-02
   4.6050000e+00   1.3114661e-02   1.3114829e-02   1.3114705e-02
   4.6150000e+00   1.3104033e-02   1.3104298e-02   1.3103994e-02
   4.6250000e+00   1.3093550e-02   1.3093927e-02   1.3093413e-02
   4.6350000e+00   1.3083225e-02   1.3083734e-02   1.3082974e-02
   4.6450000e+00   1.3073075e-02   1.3073739e-02   1.3072690e-02
   4.6550000e+00   1.3063122e-02   1.3063969e-02   1.3062577e-02
   4.6650000e+00   1.3053392e-02   1.3054457e-02   1.3052659e-02
   4.6750000e+00   1.3043919e-02   1.3045244e-02   1.3042960e-02
   4.6850000e+00   1.3034745e-02   1.3036380e-02   1.3033516e-02
   4.6950000e+00   1.3025925e-02   1.3027932e-02   1.3024370e-02
   4.7050000e+00   1.3017526e-02   1.3019983e-02   1.3015577e-02
   4.7150000e+00   1.3009636e-02   1.3012635e-02   1.3007208e-02
   4.7250000e+00   1.2991980e-02   1.2995438e-02   1.2989144e-02
   4.7350000e+00   1.2967686e-02   1.2971524e-02   1.2964511e-02
   4.7450000e+00   1.2943597e-02   1.2947852e-02   1.2940050e-02
   4.7550000e+00   1.2919737e-02   1.2924450e-02   1.2915779e-02
   4.7650000e+00   1.2896129e-02   1.2901346e-02   1.2891719e-02
   4.7750000e+00   1.2872804e-02   1.2878574e-02   1.2867895e-02
   4.7850000e+00   1.2849788e-02   1.2856167e-02   1.2844331e-02
   4.7950000e+00   1.2827121e-02   1.2834173e-02   1.2821058e-02
   4.8050000e+00   1.2804848e-02   1.2812641e-02   1.2798114e-02
   4.8150000e+00   1.2783011e-02   1.2791621e-02   1.2775535e-02
   4.8250000e+00   1.2761662e-02   1.2771175e-02   1.2753367e-02
   4.8350000e+00   1.2740867e-02   1.2751377e-02   1.2731663e-02
   4.8450000e+00   1.2720692e-02   1.2732307e-02   1.2710480e-02
   4.8550000e+00   1.2701222e-02   1.2714060e-02   1.2689890e-02
   4.8650000e+00   1.2682549e-02   1.2696743e-02   1.2669973e-02
   4.8750000e+00   1.2664778e-02   1.2680474e-02   1.2650819e-02
   4.8850000e+00   1.2648007e-02   1.2665369e-02   1.2632513e-02
   4.8950000e+00   1.2632405e-02   1.2651618e-02   1.2615198e-02
   4.9050000e+00   1.2617133e-02   1.2638278e-02   1.2598133e-02
   4.9150000e+00   1.2593635e-02   1.2615679e-02   1.2573798e-02
   4.9250000e+00   1.2570389e-02   1.2593365e-02   1.2549682e-02
   4.9350000e+00   1.2547402e-02   1.2571349e-02   1.2525789e-02
   4.9450000e+00   1.2524692e-02   1.2549650e-02   1.2502133e-02
   4.9550000e+00   1.2502272e-02   1.2528284e-02   1.2478728e-02
   4.9650000e+00   1.2480167e-02   1.2507275e-02   1.2455596e-02
   4.9750000e+00   1.2458368e-02   1.2486614e-02   1.2432731e-02
   4.9850000e+00   1.2436866e-02   1.2466289e-02   1.2410122e-02
   4.9950000e+00   1.2415746e-02   1.2446403e-02   1.2387843e-02
