   3.0500000e-01   9.7991419e-01   9.8117676e-01   9.7847761e-01
   3.1500000e-01   9.7981922e-01   9.8109149e-01   9.7837193e-01
   3.2500000e-01   9.7973706e-01   9.8101658e-01   9.7828124e-01
   3.3500000e-01   9.7964652e-01   9.8093035e-01   9.7818618e-01
   3.4500000e-01   9.7956286e-01   9.8085340e-01   9.7809457e-01
   3.5500000e-01   9.7945666e-01   9.8075362e-01   9.7798145e-01
   3.6500000e-01   9.7942458e-01   9.8072449e-01   9.7794584e-01
   3.7500000e-01   9.7934775e-01   9.8065338e-01   9.7786299e-01
   3.8500000e-01   9.7927716e-01   9.8058716e-01   9.7778787e-01
   3.9500000e-01   9.7921886e-01   9.8053286e-01   9.7772460e-01
   4.0500000e-01   9.7917347e-01   9.8048875e-01   9.7767722e-01
   4.1500000e-01   9.7912495e-01   9.8044630e-01   9.7762191e-01
   4.2500000e-01   9.7909051e-01   9.8041477e-01   9.7758460e-01
   4.3500000e-01   9.7904658e-01   9.8037224e-01   9.7753890e-01
   4.4500000e-01   9.7898089e-01   9.8030933e-01   9.7747018e-01
   4.5500000e-01   9.7891331e-01   9.8024569e-01   9.7739776e-01
   4.6500000e-01   9.7881201e-01   9.8014545e-01   9.7729567e-01
   4.7500000e-01   9.7873403e-01   9.8006923e-01   9.7721521e-01
   4.8500000e-01   9.7861557e-01   9.7995225e-01   9.7709524e-01
   4.9500000e-01   9.7844281e-01   9.7978263e-01   9.7691874e-01
   5.0500000e-01   9.7822152e-01   9.7956608e-01   9.7669310e-01
   5.1500000e-01   9.7797948e-01   9.7932045e-01   9.7645480e-01
   5.2500000e-01   9.7769167e-01   9.7903164e-01   9.7616765e-01
   5.3500000e-01   9.7734237e-01   9.7868896e-01   9.7581070e-01
   5.4500000e-01   9.7698468e-01   9.7833715e-01   9.7544614e-01
   5.5500000e-01   9.7653486e-01   9.7789139e-01   9.7499258e-01
   5.6500000e-01   9.7608709e-01   9.7744556e-01   9.7454199e-01
   5.7500000e-01   9.7557826e-01   9.7693910e-01   9.7403133e-01
   5.8500000e-01   9.7498760e-01   9.7634317e-01   9.7344651e-01
   5.9500000e-01   9.7445250e-01   9.7581054e-01   9.7290776e-01
   6.0500000e-01   9.7376315e-01   9.7513312e-01   9.7220708e-01
   6.1500000e-01   9.7256016e-01   9.7398314e-01   9.7093973e-01
   6.2500000e-01   9.7162683e-01   9.7301074e-01   9.7005360e-01
   6.3500000e-01   9.7045767e-01   9.7184686e-01   9.6888120e-01
   6.4500000e-01   9.6919489e-01   9.7062112e-01   9.6758087e-01
   6.5500000e-01   9.6738683e-01   9.6880508e-01   9.6578846e-01
   6.6500000e-01   9.6673144e-01   9.6819103e-01   9.6507945e-01
   6.7500000e-01   9.6559656e-01   9.6707734e-01   9.6391807e-01
   6.8500000e-01   9.6390154e-01   9.6530156e-01   9.6231873e-01
   6.9500000e-01   9.6145031e-01   9.6282188e-01   9.5985894e-01
   7.0500000e-01   9.5974081e-01   9.6129100e-01   9.5800174e-01
   7.1500000e-01   9.5722595e-01   9.5879583e-01   9.5545097e-01
   7.2500000e-01   9.5567966e-01   9.5732298e-01   9.5383950e-01
   7.3500000e-01   9.5397017e-01   9.5564093e-01   9.5209819e-01
   7.4500000e-01   9.5063127e-01   9.5240538e-01   9.4864682e-01
   7.5500000e-01   9.4679085e-01   9.4862622e-01   9.4475675e-01
   7.6500000e-01   9.4277483e-01   9.4472333e-01   9.4060944e-01
   7.7500000e-01   9.3791564e-01   9.3995772e-01   9.3564613e-01
   7.8500000e-01   9.3337928e-01   9.3555611e-01   9.3097222e-01
   7.9500000e-01   9.2942104e-01   9.3176313e-01   9.2682990e-01
   8.0500000e-01   9.2639365e-01   9.2879410e-01   9.2373027e-01
   8.1500000e-01   9.2665665e-01   9.2906486e-01   9.2399543e-01
   8.2500000e-01   9.2564121e-01   9.2802458e-01   9.2300709e-01
   8.3500000e-01   9.2422712e-01   9.2669301e-01   9.2153218e-01
   8.4500000e-01   9.1930417e-01   9.2179848e-01   9.1661548e-01
   8.5500000e-01   9.1552567e-01   9.1824679e-01   9.1253065e-01
   8.6500000e-01   9.0784376e-01   9.1078035e-01   9.0460973e-01
   8.7500000e-01   8.9858160e-01   9.0179969e-01   8.9503470e-01
   8.8500000e-01   8.8897470e-01   8.9234915e-01   8.8525151e-01
   8.9500000e-01   8.8320063e-01   8.8682508e-01   8.7922659e-01
   9.0500000e-01   8.8035519e-01   8.8416584e-01   8.7618681e-01
   9.1500000e-01   8.7829650e-01   8.8205438e-01   8.7415688e-01
   9.2500000e-01   8.7485244e-01   8.7878951e-01   8.7052696e-01
   9.3500000e-01   8.7064468e-01   8.7468330e-01   8.6622069e-01
   9.4500000e-01   8.6591023e-01   8.7009696e-01   8.6131861e-01
   9.5500000e-01   8.5655325e-01   8.6092273e-01   8.5175925e-01
   9.6500000e-01   8.4301912e-01   8.4790513e-01   8.3766261e-01
   9.7500000e-01   8.2863576e-01   8.3385870e-01   8.2291630e-01
   9.8500000e-01   8.1423187e-01   8.1959585e-01   8.0833268e-01
   9.9500000e-01   7.9925825e-01   8.0526569e-01   7.9268877e-01
   1.0050000e+00   7.8185556e-01   7.8806798e-01   7.7503867e-01
   1.0150000e+00   7.6791998e-01   7.7481424e-01   7.6038902e-01
   1.0250000e+00   7.6040746e-01   7.6724161e-01   7.5293098e-01
   1.0350000e+00   7.6062368e-01   7.6754553e-01   7.5304510e-01
   1.0450000e+00   7.6470582e-01   7.7165290e-01   7.5712180e-01
   1.0550000e+00   7.7403665e-01   7.8071025e-01   7.6675935e-01
   1.0650000e+00   7.8360598e-01   7.8991300e-01   7.7671353e-01
   1.0750000e+00   7.9009825e-01   7.9641017e-01   7.8319660e-01
   1.0850000e+00   7.9402475e-01   8.0023007e-01   7.8723769e-01
   1.0950000e+00   7.9554651e-01   8.0169149e-01   7.8882528e-01
   1.1050000e+00   7.9546761e-01   8.0158120e-01   7.8878051e-01
   1.1150000e+00   7.9293906e-01   7.9916983e-01   7.8612289e-01
   1.1250000e+00   7.8670591e-01   7.9300172e-01   7.7982665e-01
   1.1350000e+00   7.7758005e-01   7.8422506e-01   7.7032929e-01
   1.1450000e+00   7.7256162e-01   7.7919743e-01   7.6531112e-01
   1.1550000e+00   7.5653990e-01   7.6350885e-01   7.4891341e-01
   1.1650000e+00   7.3176767e-01   7.3950155e-01   7.2331845e-01
   1.1750000e+00   7.0472104e-01   7.1293994e-01   6.9576697e-01
   1.1850000e+00   6.8124933e-01   6.8996096e-01   6.7176440e-01
   1.1950000e+00   6.5963757e-01   6.6880825e-01   6.4965751e-01
   1.2050000e+00   6.3276283e-01   6.4248055e-01   6.2221771e-01
   1.2150000e+00   6.0291667e-01   6.1305318e-01   5.9192927e-01
   1.2250000e+00   5.8535572e-01   5.9586369e-01   5.7398747e-01
   1.2350000e+00   5.7255188e-01   5.8320741e-01   5.6104453e-01
   1.2450000e+00   5.6335382e-01   5.7409078e-01   5.5174962e-01
   1.2550000e+00   5.5876920e-01   5.6957059e-01   5.4709348e-01
   1.2650000e+00   5.5620231e-01   5.6702295e-01   5.4450656e-01
   1.2750000e+00   5.5652140e-01   5.6736498e-01   5.4480904e-01
   1.2850000e+00   5.5972345e-01   5.7050185e-01   5.4807627e-01
   1.2950000e+00   5.6141041e-01   5.7217148e-01   5.4977543e-01
   1.3050000e+00   5.6294283e-01   5.7369449e-01   5.5132154e-01
   1.3150000e+00   5.6423582e-01   5.7498381e-01   5.5261755e-01
   1.3250000e+00   5.6484759e-01   5.7562256e-01   5.5320621e-01
   1.3350000e+00   5.6455178e-01   5.7528283e-01   5.5295366e-01
   1.3450000e+00   5.6233227e-01   5.7315621e-01   5.5064251e-01
   1.3550000e+00   5.5849591e-01   5.6932218e-01   5.4680520e-01
   1.3650000e+00   5.5484678e-01   5.6574146e-01   5.4308975e-01
   1.3750000e+00   5.4706167e-01   5.5808218e-01   5.3517297e-01
   1.3850000e+00   5.3524245e-01   5.4636462e-01   5.2325541e-01
   1.3950000e+00   5.1747570e-01   5.2876522e-01   5.0531868e-01
   1.4050000e+00   4.5518350e-01   4.6697795e-01   4.4255012e-01
   1.4150000e+00   3.6140936e-01   3.7335628e-01   3.4872346e-01
   1.4250000e+00   2.7081187e-01   2.8201616e-01   2.5905097e-01
   1.4350000e+00   2.0349422e-01   2.1350893e-01   1.9308552e-01
   1.4450000e+00   1.5778582e-01   1.6655561e-01   1.4874466e-01
   1.4550000e+00   1.1953048e-01   1.2693862e-01   1.1195805e-01
   1.4650000e+00   9.1179331e-02   9.7342186e-02   8.4933311e-02
   1.4750000e+00   7.2134798e-02   7.7312312e-02   6.6923612e-02
   1.4850000e+00   6.1472480e-02   6.6037629e-02   5.6900864e-02
   1.4950000e+00   5.7566671e-02   6.1887415e-02   5.3247122e-02
   1.5050000e+00   5.9649463e-02   6.4097005e-02   5.5198125e-02
   1.5150000e+00   6.2638595e-02   6.7273483e-02   5.7993650e-02
   1.5250000e+00   6.5652967e-02   7.0462616e-02   6.0825600e-02
   1.5350000e+00   6.9910352e-02   7.4967232e-02   6.4825537e-02
   1.5450000e+00   7.5136585e-02   8.0486812e-02   6.9745897e-02
   1.5550000e+00   8.0972325e-02   8.6635577e-02   7.5254484e-02
   1.5650000e+00   8.7640613e-02   9.3639902e-02   8.1569322e-02
   1.5750000e+00   9.5754011e-02   1.0214235e-01   8.9269519e-02
   1.5850000e+00   1.0508567e-01   1.1190266e-01   9.8148027e-02
   1.5950000e+00   1.1199439e-01   1.1909319e-01   1.0475335e-01
   1.6050000e+00   1.1874524e-01   1.2613363e-01   1.1119667e-01
   1.6150000e+00   1.2533335e-01   1.3298419e-01   1.1750348e-01
   1.6250000e+00   1.2937193e-01   1.3717668e-01   1.2137648e-01
   1.6350000e+00   1.3359883e-01   1.4158251e-01   1.2541304e-01
   1.6450000e+00   1.3804571e-01   1.4616779e-01   1.2970565e-01
   1.6550000e+00   1.4334603e-01   1.5168086e-01   1.3478238e-01
   1.6650000e+00   1.4927927e-01   1.5779637e-01   1.4051912e-01
   1.6750000e+00   1.5609792e-01   1.6484618e-01   1.4708312e-01
   1.6850000e+00   1.6262873e-01   1.7160373e-01   1.5337573e-01
   1.6950000e+00   1.6866174e-01   1.7779185e-01   1.5923685e-01
   1.7050000e+00   1.7525174e-01   1.8461381e-01   1.6557361e-01
   1.7150000e+00   1.8137031e-01   1.9086688e-01   1.7153951e-01
   1.7250000e+00   1.8795228e-01   1.9764953e-01   1.7790567e-01
   1.7350000e+00   1.9362344e-01   2.0344746e-01   1.8343230e-01
   1.7450000e+00   1.9789314e-01   2.0783634e-01   1.8757765e-01
   1.7550000e+00   2.0270615e-01   2.1274472e-01   1.9227202e-01
   1.7650000e+00   2.0664032e-01   2.1676406e-01   1.9611326e-01
   1.7750000e+00   2.0999511e-01   2.2020430e-01   1.9937512e-01
   1.7850000e+00   2.1322215e-01   2.2351746e-01   2.0251563e-01
   1.7950000e+00   2.1709809e-01   2.2746268e-01   2.0629972e-01
   1.8050000e+00   2.2102406e-01   2.3149121e-01   2.1011940e-01
   1.8150000e+00   2.2576342e-01   2.3632680e-01   2.1474940e-01
   1.8250000e+00   2.3051907e-01   2.4119296e-01   2.1938492e-01
   1.8350000e+00   2.3269054e-01   2.4337747e-01   2.2153692e-01
   1.8450000e+00   2.3132342e-01   2.4202982e-01   2.2016216e-01
   1.8550000e+00   2.2596050e-01   2.3653381e-01   2.1494488e-01
   1.8650000e+00   2.1135276e-01   2.2160657e-01   2.0067317e-01
   1.8750000e+00   1.8392598e-01   1.9348949e-01   1.7401671e-01
   1.8850000e+00   1.5554520e-01   1.6431866e-01   1.4651457e-01
   1.8950000e+00   1.2438899e-01   1.3205680e-01   1.1654788e-01
   1.9050000e+00   9.6435307e-02   1.0290236e-01   8.9876641e-02
   1.9150000e+00   6.9373976e-02   7.4438412e-02   6.4286719e-02
   1.9250000e+00   5.2762909e-02   5.6821076e-02   4.8718232e-02
   1.9350000e+00   4.0408904e-02   4.3618861e-02   3.7234401e-02
   1.9450000e+00   3.2896300e-02   3.5536425e-02   3.0302565e-02
   1.9550000e+00   2.8281409e-02   3.0544796e-02   2.6069153e-02
   1.9650000e+00   2.5430959e-02   2.7447080e-02   2.3467654e-02
   1.9750000e+00   2.3947177e-02   2.5831103e-02   2.2116877e-02
   1.9850000e+00   2.3230139e-02   2.5049969e-02   2.1464390e-02
   1.9950000e+00   2.3139201e-02   2.4950740e-02   2.1381386e-02
   2.0050000e+00   2.3426024e-02   2.5265296e-02   2.1640424e-02
   2.0150000e+00   2.4127268e-02   2.6033228e-02   2.2275231e-02
   2.0250000e+00   2.4994983e-02   2.6978955e-02   2.3063840e-02
   2.0350000e+00   2.6056870e-02   2.8137588e-02   2.4029029e-02
   2.0450000e+00   2.7552109e-02   2.9764710e-02   2.5391450e-02
   2.0550000e+00   2.9761696e-02   3.2159927e-02   2.7413082e-02
   2.0650000e+00   3.2555007e-02   3.5182905e-02   2.9974413e-02
   2.0750000e+00   3.6504239e-02   3.9442526e-02   3.3608740e-02
   2.0850000e+00   4.1433308e-02   4.4733927e-02   3.8166862e-02
   2.0950000e+00   4.7833052e-02   5.1583124e-02   4.4107136e-02
   2.1050000e+00   5.6252944e-02   6.0558152e-02   5.1956016e-02
   2.1150000e+00   6.4742629e-02   6.9560788e-02   5.9911723e-02
   2.1250000e+00   7.5737356e-02   8.1183729e-02   7.0255050e-02
   2.1350000e+00   8.7685459e-02   9.3757933e-02   8.1543930e-02
   2.1450000e+00   9.9572850e-02   1.0620664e-01   9.2837501e-02
   2.1550000e+00   1.1180149e-01   1.1899331e-01   1.0447949e-01
   2.1650000e+00   1.2336791e-01   1.3103918e-01   1.1553465e-01
   2.1750000e+00   1.3490804e-01   1.4300269e-01   1.2661094e-01
   2.1850000e+00   1.4521793e-01   1.5369511e-01   1.3652047e-01
   2.1950000e+00   1.5505140e-01   1.6386086e-01   1.4598523e-01
   2.2050000e+00   1.6320210e-01   1.7227447e-01   1.5384827e-01
   2.2150000e+00   1.7208141e-01   1.8139402e-01   1.6247000e-01
   2.2250000e+00   1.7976188e-01   1.8926982e-01   1.6992572e-01
   2.2350000e+00   1.8623262e-01   1.9595687e-01   1.7616397e-01
   2.2450000e+00   1.9048526e-01   2.0036686e-01   1.8026036e-01
   2.2550000e+00   1.8855252e-01   1.9836632e-01   1.7839180e-01
   2.2650000e+00   1.8458195e-01   1.9426907e-01   1.7455938e-01
   2.2750000e+00   1.7627996e-01   1.8578857e-01   1.6647189e-01
   2.2850000e+00   1.6625271e-01   1.7537841e-01   1.5684159e-01
   2.2950000e+00   1.5453902e-01   1.6329141e-01   1.4553386e-01
   2.3050000e+00   1.4214568e-01   1.5052459e-01   1.3355156e-01
   2.3150000e+00   1.3016360e-01   1.3809693e-01   1.2205491e-01
   2.3250000e+00   1.1976741e-01   1.2731024e-01   1.1207047e-01
   2.3350000e+00   1.1038011e-01   1.1756754e-01   1.0307022e-01
   2.3450000e+00   1.0206284e-01   1.0885067e-01   9.5169817e-02
   2.3550000e+00   9.5410681e-02   1.0191905e-01   8.8820484e-02
   2.3650000e+00   9.0319638e-02   9.6544643e-02   8.4016034e-02
   2.3750000e+00   8.6000145e-02   9.2007022e-02   7.9930446e-02
   2.3850000e+00   8.2986754e-02   8.8866029e-02   7.7059025e-02
   2.3950000e+00   8.0332898e-02   8.6069395e-02   7.4551793e-02
   2.4050000e+00   7.8032360e-02   8.3641619e-02   7.2381394e-02
   2.4150000e+00   7.5887911e-02   8.1402568e-02   7.0345066e-02
   2.4250000e+00   7.4078067e-02   7.9480097e-02   6.8646365e-02
   2.4350000e+00   7.2075324e-02   7.7354304e-02   6.6767503e-02
   2.4450000e+00   6.9963447e-02   7.5145333e-02   6.4765545e-02
   2.4550000e+00   6.8111154e-02   7.3168389e-02   6.3032504e-02
   2.4650000e+00   6.6142798e-02   7.1100940e-02   6.1170989e-02
   2.4750000e+00   6.4407872e-02   6.9282627e-02   5.9528386e-02
   2.4850000e+00   6.2721893e-02   6.7492180e-02   5.7948339e-02
   2.4950000e+00   6.1051095e-02   6.5714652e-02   5.6386765e-02
   2.5050000e+00   5.9943605e-02   6.4557836e-02   5.5334965e-02
   2.5150000e+00   5.9282375e-02   6.3862254e-02   5.4708185e-02
   2.5250000e+00   5.8794765e-02   6.3321879e-02   5.4267514e-02
   2.5350000e+00   5.8866022e-02   6.3425917e-02   5.4311432e-02
   2.5450000e+00   5.8634564e-02   6.3174553e-02   5.4101782e-02
   2.5550000e+00   5.8825328e-02   6.3347322e-02   5.4307718e-02
   2.5650000e+00   5.9612166e-02   6.4187009e-02   5.5038601e-02
   2.5750000e+00   5.9836750e-02   6.4472913e-02   5.5209549e-02
   2.5850000e+00   5.9685831e-02   6.4278593e-02   5.5093154e-02
   2.5950000e+00   5.8514513e-02   6.3023181e-02   5.4010424e-02
   2.6050000e+00   5.6761198e-02   6.1178734e-02   5.2352336e-02
   2.6150000e+00   5.4513817e-02   5.8824394e-02   5.0220622e-02
   2.6250000e+00   4.9729781e-02   5.3720428e-02   4.5762080e-02
   2.6350000e+00   4.3554035e-02   4.7133825e-02   4.0007349e-02
   2.6450000e+00   3.8530364e-02   4.1755187e-02   3.5341631e-02
   2.6550000e+00   3.4354683e-02   3.7288876e-02   3.1464671e-02
   2.6650000e+00   3.0871951e-02   3.3542404e-02   2.8246378e-02
   2.6750000e+00   2.7884151e-02   3.0327930e-02   2.5488147e-02
   2.6850000e+00   1.9832414e-02   2.1605224e-02   1.8108396e-02
   2.6950000e+00   1.5089982e-02   1.6439688e-02   1.3786687e-02
   2.7050000e+00   1.2016466e-02   1.3075804e-02   1.1000089e-02
   2.7150000e+00   9.8898590e-03   1.0739918e-02   9.0793438e-03
   2.7250000e+00   8.3489995e-03   9.0432045e-03   7.6908477e-03
   2.7350000e+00   5.3000594e-03   5.6400320e-03   4.9855910e-03
   2.7450000e+00   4.0733342e-03   4.2636098e-03   3.9011774e-03
   2.7550000e+00   3.4104665e-03   3.5271892e-03   3.3067741e-03
   2.7650000e+00   2.9680398e-03   3.0454056e-03   2.9002597e-03
   2.7750000e+00   2.6271286e-03   2.6823146e-03   2.5792514e-03
   2.7850000e+00   2.2522491e-03   2.2842721e-03   2.2246578e-03
   2.7950000e+00   1.9372503e-03   1.9589909e-03   1.9183284e-03
   2.8050000e+00   1.6791067e-03   1.6973699e-03   1.6628812e-03
   2.8150000e+00   1.4648974e-03   1.4815980e-03   1.4496802e-03
   2.8250000e+00   1.3078662e-03   1.3221473e-03   1.2944248e-03
   2.8350000e+00   1.2532834e-03   1.2653484e-03   1.2416507e-03
   2.8450000e+00   1.3742248e-03   1.3848491e-03   1.3638274e-03
   2.8550000e+00   1.7506744e-03   1.7609537e-03   1.7405409e-03
   2.8650000e+00   2.4187392e-03   2.4293997e-03   2.4082028e-03
   2.8750000e+00   3.6226563e-03   3.6339351e-03   3.6115146e-03
   2.8850000e+00   5.1981275e-03   5.2097003e-03   5.1867210e-03
   2.8950000e+00   7.2306781e-03   7.2418662e-03   7.2196951e-03
   2.9050000e+00   9.3360771e-03   9.3461905e-03   9.3262056e-03
   2.9150000e+00   1.1515786e-02   1.1524313e-02   1.1507536e-02
   2.9250000e+00   1.3257869e-02   1.3264547e-02   1.3251494e-02
   2.9350000e+00   1.4967076e-02   1.4971826e-02   1.4962656e-02
   2.9450000e+00   1.6095816e-02   1.6099013e-02   1.6092967e-02
   2.9550000e+00   1.7326373e-02   1.7327947e-02   1.7325164e-02
   2.9650000e+00   1.8637595e-02   1.8637481e-02   1.8638095e-02
   2.9750000e+00   2.0152761e-02   2.0150713e-02   2.0155217e-02
   2.9850000e+00   2.1756991e-02   2.1752860e-02   2.1761552e-02
   2.9950000e+00   2.3740124e-02   2.3733303e-02   2.3747405e-02
   3.0050000e+00   2.5799303e-02   2.5789574e-02   2.5809522e-02
   3.0150000e+00   2.7978522e-02   2.7965461e-02   2.7992106e-02
   3.0250000e+00   3.0204768e-02   3.0188095e-02   3.0222000e-02
   3.0350000e+00   3.2490156e-02   3.2469512e-02   3.2511399e-02
   3.0450000e+00   3.4760002e-02   3.4735042e-02   3.4785606e-02
   3.0550000e+00   3.7106238e-02   3.7076530e-02   3.7136643e-02
   3.0650000e+00   3.8123943e-02   3.8091138e-02   3.8157487e-02
   3.0750000e+00   3.8879677e-02   3.8844202e-02   3.8915934e-02
   3.0850000e+00   3.8510101e-02   3.8473936e-02   3.8547072e-02
   3.0950000e+00   3.8188878e-02   3.8152159e-02   3.8226427e-02
   3.1050000e+00   3.7222887e-02   3.7186996e-02   3.7259612e-02
   3.1150000e+00   3.6446422e-02   3.6411191e-02   3.6482493e-02
   3.1250000e+00   3.5875310e-02   3.5840612e-02   3.5910852e-02
   3.1350000e+00   3.5468167e-02   3.5433795e-02   3.5503389e-02
   3.1450000e+00   3.4995542e-02   3.4961672e-02   3.5030263e-02
   3.1550000e+00   3.4675550e-02   3.4641985e-02   3.4709972e-02
   3.1650000e+00   3.3967400e-02   3.3934844e-02   3.4000807e-02
   3.1750000e+00   3.3420587e-02   3.3388818e-02   3.3453204e-02
   3.1850000e+00   3.2420868e-02   3.2390682e-02   3.2451884e-02
   3.1950000e+00   3.1561946e-02   3.1533135e-02   3.1591572e-02
   3.2050000e+00   3.0476411e-02   3.0449354e-02   3.0504261e-02
   3.2150000e+00   2.9477793e-02   2.9452353e-02   2.9504005e-02
   3.2250000e+00   2.8595999e-02   2.8571970e-02   2.8620781e-02
   3.2350000e+00   2.7753366e-02   2.7730687e-02   2.7776781e-02
   3.2450000e+00   2.7070338e-02   2.7048745e-02   2.7092653e-02
   3.2550000e+00   2.6426355e-02   2.6405787e-02   2.6447631e-02
   3.2650000e+00   2.5703629e-02   2.5684208e-02   2.5723741e-02
   3.2750000e+00   2.4980978e-02   2.4962705e-02   2.4999926e-02
   3.2850000e+00   2.4354287e-02   2.4336997e-02   2.4372239e-02
   3.2950000e+00   2.3784530e-02   2.3768124e-02   2.3801587e-02
   3.3050000e+00   2.3272217e-02   2.3256608e-02   2.3288467e-02
   3.3150000e+00   2.2817998e-02   2.2803097e-02   2.2833529e-02
   3.3250000e+00   2.2375862e-02   2.2361651e-02   2.2390694e-02
   3.3350000e+00   2.1949406e-02   2.1935860e-02   2.1963566e-02
   3.3450000e+00   2.1529022e-02   2.1516133e-02   2.1542517e-02
   3.3550000e+00   2.1125060e-02   2.1112805e-02   2.1137916e-02
   3.3650000e+00   2.0725887e-02   2.0714273e-02   2.0738102e-02
   3.3750000e+00   2.0352608e-02   2.0341609e-02   2.0364215e-02
   3.3850000e+00   1.9987686e-02   1.9977326e-02   1.9998672e-02
   3.3950000e+00   1.9648359e-02   1.9638660e-02   1.9658723e-02
   3.4050000e+00   1.9333876e-02   1.9324889e-02   1.9343593e-02
   3.4150000e+00   1.9028613e-02   1.9020503e-02   1.9037568e-02
   3.4250000e+00   1.8753417e-02   1.8746364e-02   1.8761489e-02
   3.4350000e+00   1.8480725e-02   1.8475208e-02   1.8487552e-02
   3.4450000e+00   1.8231466e-02   1.8227928e-02   1.8236711e-02
   3.4550000e+00   1.7988123e-02   1.7987534e-02   1.7991024e-02
   3.4650000e+00   1.7761200e-02   1.7764705e-02   1.7760831e-02
   3.4750000e+00   1.7551564e-02   1.7560587e-02   1.7546750e-02
   3.4850000e+00   1.7352547e-02   1.7369631e-02   1.7341162e-02
   3.4950000e+00   1.7174829e-02   1.7201074e-02   1.7155868e-02
   3.5050000e+00   1.7010700e-02   1.7049712e-02   1.6981044e-02
   3.5150000e+00   1.6871722e-02   1.6926163e-02   1.6828972e-02
   3.5250000e+00   1.6756135e-02   1.6829123e-02   1.6697436e-02
   3.5350000e+00   1.6666785e-02   1.6763781e-02   1.6587184e-02
   3.5450000e+00   1.6597670e-02   1.6718712e-02   1.6496861e-02
   3.5550000e+00   1.6558577e-02   1.6709673e-02   1.6431005e-02
   3.5650000e+00   1.6536057e-02   1.6715995e-02   1.6382548e-02
   3.5750000e+00   1.6522583e-02   1.6729795e-02   1.6344333e-02
   3.5850000e+00   1.6534646e-02   1.6773628e-02   1.6327407e-02
   3.5950000e+00   1.6577441e-02   1.6852942e-02   1.6336563e-02
   3.6050000e+00   1.6657755e-02   1.6975792e-02   1.6377497e-02
   3.6150000e+00   1.6786110e-02   1.7153891e-02   1.6459457e-02
   3.6250000e+00   1.6950665e-02   1.7371618e-02   1.6574015e-02
   3.6350000e+00   1.6963441e-02   1.7404082e-02   1.6568242e-02
   3.6450000e+00   1.6984333e-02   1.7445338e-02   1.6569752e-02
   3.6550000e+00   1.7008986e-02   1.7490626e-02   1.6574790e-02
   3.6650000e+00   1.7046503e-02   1.7551219e-02   1.6590444e-02
   3.6750000e+00   1.7087931e-02   1.7615222e-02   1.6610282e-02
   3.6850000e+00   1.7141039e-02   1.7692702e-02   1.6640088e-02
   3.6950000e+00   1.7202730e-02   1.7779971e-02   1.6677337e-02
   3.7050000e+00   1.7273911e-02   1.7877009e-02   1.6723554e-02
   3.7150000e+00   1.7355992e-02   1.7986722e-02   1.6779102e-02
   3.7250000e+00   1.7453021e-02   1.8113558e-02   1.6847504e-02
   3.7350000e+00   1.7476125e-02   1.8153285e-02   1.6854429e-02
   3.7450000e+00   1.7324848e-02   1.7991472e-02   1.6713287e-02
   3.7550000e+00   1.7174338e-02   1.7830403e-02   1.6572847e-02
   3.7650000e+00   1.7023100e-02   1.7667751e-02   1.6432379e-02
   3.7750000e+00   1.6876268e-02   1.7510816e-02   1.6295239e-02
   3.7850000e+00   1.6622977e-02   1.7228877e-02   1.6069469e-02
   3.7950000e+00   1.6378177e-02   1.6955557e-02   1.5851880e-02
   3.8050000e+00   1.6150635e-02   1.6702181e-02   1.5648981e-02
   3.8150000e+00   1.5933077e-02   1.6460190e-02   1.5454719e-02
   3.8250000e+00   1.5727288e-02   1.6230947e-02   1.5271083e-02
   3.8350000e+00   1.5528804e-02   1.6010155e-02   1.5093742e-02
   3.8450000e+00   1.5342871e-02   1.5804080e-02   1.4926914e-02
   3.8550000e+00   1.5145828e-02   1.5582221e-02   1.4753313e-02
   3.8650000e+00   1.4955373e-02   1.5367055e-02   1.4586150e-02
   3.8750000e+00   1.4779179e-02   1.5168339e-02   1.4431130e-02
   3.8850000e+00   1.4612730e-02   1.4980664e-02   1.4284555e-02
   3.8950000e+00   1.4456327e-02   1.4804312e-02   1.4146735e-02
   3.9050000e+00   1.4308018e-02   1.4637421e-02   1.4015755e-02
   3.9150000e+00   1.4168990e-02   1.4481350e-02   1.3892585e-02
   3.9250000e+00   1.4037104e-02   1.4333437e-02   1.3775562e-02
   3.9350000e+00   1.3910826e-02   1.4191996e-02   1.3663324e-02
   3.9450000e+00   1.3791572e-02   1.4058728e-02   1.3556999e-02
   3.9550000e+00   1.3677219e-02   1.3931095e-02   1.3454849e-02
   3.9650000e+00   1.3567975e-02   1.3809315e-02   1.3357074e-02
   3.9750000e+00   1.3464934e-02   1.3693254e-02   1.3265955e-02
   3.9850000e+00   1.3368925e-02   1.3584369e-02   1.3181713e-02
   3.9950000e+00   1.3278318e-02   1.3481794e-02   1.3102004e-02
   4.0050000e+00   1.3192036e-02   1.3384304e-02   1.3025909e-02
   4.0150000e+00   1.3110192e-02   1.3292058e-02   1.2953492e-02
   4.0250000e+00   1.3032272e-02   1.3204419e-02   1.2884341e-02
   4.0350000e+00   1.2957636e-02   1.3120613e-02   1.2817946e-02
   4.0450000e+00   1.2886266e-02   1.3040686e-02   1.2754243e-02
   4.0550000e+00   1.2817855e-02   1.2964333e-02   1.2692943e-02
   4.0650000e+00   1.2752194e-02   1.2891263e-02   1.2633898e-02
   4.0750000e+00   1.2688974e-02   1.2821093e-02   1.2576865e-02
   4.0850000e+00   1.2627888e-02   1.2753494e-02   1.2521567e-02
   4.0950000e+00   1.2568927e-02   1.2688447e-02   1.2467997e-02
   4.1050000e+00   1.2516429e-02   1.2630107e-02   1.2420656e-02
   4.1150000e+00   1.2468687e-02   1.2576776e-02   1.2377832e-02
   4.1250000e+00   1.2422629e-02   1.2525487e-02   1.2336367e-02
   4.1350000e+00   1.2378145e-02   1.2476127e-02   1.2296155e-02
   4.1450000e+00   1.2335075e-02   1.2428488e-02   1.2257083e-02
   4.1550000e+00   1.2293275e-02   1.2382382e-02   1.2219037e-02
   4.1650000e+00   1.2252637e-02   1.2337695e-02   1.2181922e-02
   4.1750000e+00   1.2213111e-02   1.2294369e-02   1.2145695e-02
   4.1850000e+00   1.2174585e-02   1.2252252e-02   1.2110273e-02
   4.1950000e+00   1.2136923e-02   1.2211180e-02   1.2075551e-02
   4.2050000e+00   1.2100114e-02   1.2171153e-02   1.2041509e-02
   4.2150000e+00   1.2064146e-02   1.2132170e-02   1.2008129e-02
   4.2250000e+00   1.2028950e-02   1.2094143e-02   1.1975358e-02
   4.2350000e+00   1.1994437e-02   1.2056956e-02   1.1943132e-02
   4.2450000e+00   1.1961295e-02   1.2019900e-02   1.1913331e-02
   4.2550000e+00   1.1930329e-02   1.1984500e-02   1.1886137e-02
   4.2650000e+00   1.1901103e-02   1.1951259e-02   1.1860312e-02
   4.2750000e+00   1.1873388e-02   1.1919896e-02   1.1835673e-02
   4.2850000e+00   1.1847008e-02   1.1890199e-02   1.1812079e-02
   4.2950000e+00   1.1821835e-02   1.1862015e-02   1.1789422e-02
   4.3050000e+00   1.1797744e-02   1.1835195e-02   1.1767606e-02
   4.3150000e+00   1.1774614e-02   1.1809583e-02   1.1746533e-02
   4.3250000e+00   1.1752328e-02   1.1785037e-02   1.1726116e-02
   4.3350000e+00   1.1730797e-02   1.1761442e-02   1.1706284e-02
   4.3450000e+00   1.1709946e-02   1.1738705e-02   1.1686978e-02
   4.3550000e+00   1.1696910e-02   1.1723579e-02   1.1675650e-02
   4.3650000e+00   1.1687782e-02   1.1712427e-02   1.1668172e-02
   4.3750000e+00   1.1679425e-02   1.1702254e-02   1.1661286e-02
   4.3850000e+00   1.1671750e-02   1.1692953e-02   1.1654926e-02
   4.3950000e+00   1.1676411e-02   1.1696216e-02   1.1660713e-02
   4.4050000e+00   1.1684476e-02   1.1703032e-02   1.1669784e-02
   4.4150000e+00   1.1692959e-02   1.1710379e-02   1.1679176e-02
   4.4250000e+00   1.1701815e-02   1.1718202e-02   1.1688857e-02
   4.4350000e+00   1.1711008e-02   1.1726454e-02   1.1698799e-02
   4.4450000e+00   1.1721987e-02   1.1736616e-02   1.1710428e-02
   4.4550000e+00   1.1746464e-02   1.1760694e-02   1.1735225e-02
   4.4650000e+00   1.1771009e-02   1.1784857e-02   1.1760078e-02
   4.4750000e+00   1.1795620e-02   1.1809101e-02   1.1784984e-02
   4.4850000e+00   1.1820295e-02   1.1833424e-02   1.1809942e-02
   4.4950000e+00   1.1845031e-02   1.1857822e-02   1.1834951e-02
   4.5050000e+00   1.1869828e-02   1.1882294e-02   1.1860008e-02
   4.5150000e+00   1.1901129e-02   1.1913930e-02   1.1891054e-02
   4.5250000e+00   1.1932500e-02   1.1945653e-02   1.1922158e-02
   4.5350000e+00   1.1963943e-02   1.1977464e-02   1.1953321e-02
   4.5450000e+00   1.1995461e-02   1.2009367e-02   1.1984545e-02
   4.5550000e+00   1.2026842e-02   1.2041701e-02   1.2015180e-02
   4.5650000e+00   1.2053094e-02   1.2069159e-02   1.2040482e-02
   4.5750000e+00   1.2074336e-02   1.2091742e-02   1.2060660e-02
   4.5850000e+00   1.2082493e-02   1.2101491e-02   1.2067540e-02
   4.5950000e+00   1.2077720e-02   1.2098608e-02   1.2061239e-02
   4.6050000e+00   1.2073794e-02   1.2096809e-02   1.2055585e-02
   4.6150000e+00   1.2070839e-02   1.2096252e-02   1.2050674e-02
   4.6250000e+00   1.2069006e-02   1.2097125e-02   1.2046621e-02
   4.6350000e+00   1.2068472e-02   1.2099654e-02   1.2043565e-02
   4.6450000e+00   1.2069449e-02   1.2104100e-02   1.2041670e-02
   4.6550000e+00   1.2072182e-02   1.2110766e-02   1.2041129e-02
   4.6650000e+00   1.2076956e-02   1.2120004e-02   1.2042167e-02
   4.6750000e+00   1.2084114e-02   1.2132231e-02   1.2045058e-02
   4.6850000e+00   1.2094069e-02   1.2147952e-02   1.2050133e-02
   4.6950000e+00   1.2107318e-02   1.2167766e-02   1.2057790e-02
   4.7050000e+00   1.2124443e-02   1.2192376e-02   1.2068505e-02
   4.7150000e+00   1.2146137e-02   1.2222605e-02   1.2082842e-02
   4.7250000e+00   1.2153260e-02   1.2236457e-02   1.2084130e-02
   4.7350000e+00   1.2149471e-02   1.2237914e-02   1.2075771e-02
   4.7450000e+00   1.2147380e-02   1.2241443e-02   1.2068772e-02
   4.7550000e+00   1.2147133e-02   1.2247211e-02   1.2063255e-02
   4.7650000e+00   1.2148845e-02   1.2255344e-02   1.2059323e-02
   4.7750000e+00   1.2152673e-02   1.2266024e-02   1.2057111e-02
   4.7850000e+00   1.2158831e-02   1.2279505e-02   1.2056794e-02
   4.7950000e+00   1.2167571e-02   1.2296081e-02   1.2058581e-02
   4.8050000e+00   1.2179085e-02   1.2315961e-02   1.2062647e-02
   4.8150000e+00   1.2193519e-02   1.2339299e-02   1.2069124e-02
   4.8250000e+00   1.2211155e-02   1.2366427e-02   1.2078252e-02
   4.8350000e+00   1.2232458e-02   1.2397905e-02   1.2090407e-02
   4.8450000e+00   1.2257872e-02   1.2434261e-02   1.2105952e-02
   4.8550000e+00   1.2287704e-02   1.2475828e-02   1.2125167e-02
   4.8650000e+00   1.2322258e-02   1.2522927e-02   1.2148335e-02
   4.8750000e+00   1.2361990e-02   1.2576076e-02   1.2175848e-02
   4.8850000e+00   1.2407508e-02   1.2636006e-02   1.2208203e-02
   4.8950000e+00   1.2459568e-02   1.2703568e-02   1.2246058e-02
   4.9050000e+00   1.2513289e-02   1.2772875e-02   1.2285444e-02
   4.9150000e+00   1.2522191e-02   1.2788660e-02   1.2287990e-02
   4.9250000e+00   1.2532031e-02   1.2805484e-02   1.2291368e-02
   4.9350000e+00   1.2543303e-02   1.2823992e-02   1.2295940e-02
   4.9450000e+00   1.2556174e-02   1.2844391e-02   1.2301835e-02
   4.9550000e+00   1.2570385e-02   1.2866324e-02   1.2308880e-02
   4.9650000e+00   1.2585775e-02   1.2889563e-02   1.2316974e-02
   4.9750000e+00   1.2602428e-02   1.2914245e-02   1.2326160e-02
   4.9850000e+00   1.2620647e-02   1.2940782e-02   1.2336643e-02
   4.9950000e+00   1.2640760e-02   1.2969509e-02   1.2348736e-02
