   3.0500000e-01   9.3418739e-01   9.3682727e-01   9.3157538e-01
   3.1500000e-01   9.3389686e-01   9.3654066e-01   9.3128167e-01
   3.2500000e-01   9.3358068e-01   9.3624005e-01   9.3095021e-01
   3.3500000e-01   9.3332751e-01   9.3599697e-01   9.3068676e-01
   3.4500000e-01   9.3302568e-01   9.3570810e-01   9.3037246e-01
   3.5500000e-01   9.3274378e-01   9.3543239e-01   9.3008455e-01
   3.6500000e-01   9.3259401e-01   9.3529288e-01   9.2992451e-01
   3.7500000e-01   9.3238831e-01   9.3509103e-01   9.2971498e-01
   3.8500000e-01   9.3218710e-01   9.3489681e-01   9.2950684e-01
   3.9500000e-01   9.3198720e-01   9.3470535e-01   9.2929876e-01
   4.0500000e-01   9.3184738e-01   9.3457168e-01   9.2915322e-01
   4.1500000e-01   9.3166690e-01   9.3439888e-01   9.2896525e-01
   4.2500000e-01   9.3156636e-01   9.3430316e-01   9.2885979e-01
   4.3500000e-01   9.3146117e-01   9.3420366e-01   9.2874894e-01
   4.4500000e-01   9.3133776e-01   9.3408317e-01   9.2862268e-01
   4.5500000e-01   9.3118056e-01   9.3393201e-01   9.2845981e-01
   4.6500000e-01   9.3107211e-01   9.3382322e-01   9.2835147e-01
   4.7500000e-01   9.3095610e-01   9.3371522e-01   9.2822792e-01
   4.8500000e-01   9.3088241e-01   9.3364300e-01   9.2815224e-01
   4.9500000e-01   9.3067919e-01   9.3344615e-01   9.2794301e-01
   5.0500000e-01   9.3049893e-01   9.3326635e-01   9.2776235e-01
   5.1500000e-01   9.3036310e-01   9.3313510e-01   9.2762186e-01
   5.2500000e-01   9.3017499e-01   9.3295138e-01   9.2742933e-01
   5.3500000e-01   9.2991946e-01   9.3269069e-01   9.2717950e-01
   5.4500000e-01   9.2961280e-01   9.3239724e-01   9.2686017e-01
   5.5500000e-01   9.2932053e-01   9.3210336e-01   9.2656931e-01
   5.6500000e-01   9.2911778e-01   9.3190573e-01   9.2636159e-01
   5.7500000e-01   9.2881026e-01   9.3159593e-01   9.2605590e-01
   5.8500000e-01   9.2847772e-01   9.3127687e-01   9.2571018e-01
   5.9500000e-01   9.2820557e-01   9.3100229e-01   9.2544094e-01
   6.0500000e-01   9.2776202e-01   9.3055642e-01   9.2499835e-01
   6.1500000e-01   9.2689544e-01   9.2969804e-01   9.2412780e-01
   6.2500000e-01   9.2646798e-01   9.2927918e-01   9.2368813e-01
   6.3500000e-01   9.2587711e-01   9.2868164e-01   9.2310426e-01
   6.4500000e-01   9.2506587e-01   9.2786594e-01   9.2229835e-01
   6.5500000e-01   9.2413231e-01   9.2694184e-01   9.2135537e-01
   6.6500000e-01   9.2348284e-01   9.2630771e-01   9.2069060e-01
   6.7500000e-01   9.2270890e-01   9.2553779e-01   9.1991487e-01
   6.8500000e-01   9.2221286e-01   9.2503145e-01   9.1942439e-01
   6.9500000e-01   9.2057406e-01   9.2338277e-01   9.1779879e-01
   7.0500000e-01   9.1923268e-01   9.2206202e-01   9.1643559e-01
   7.1500000e-01   9.1734849e-01   9.2020632e-01   9.1452572e-01
   7.2500000e-01   9.1632951e-01   9.1918282e-01   9.1350957e-01
   7.3500000e-01   9.1511238e-01   9.1795769e-01   9.1230142e-01
   7.4500000e-01   9.1261739e-01   9.1547428e-01   9.0979507e-01
   7.5500000e-01   9.0991126e-01   9.1278047e-01   9.0707603e-01
   7.6500000e-01   9.0649745e-01   9.0939112e-01   9.0364050e-01
   7.7500000e-01   9.0251716e-01   9.0544355e-01   8.9962849e-01
   7.8500000e-01   8.9865201e-01   9.0159611e-01   8.9574559e-01
   7.9500000e-01   8.9475257e-01   8.9772327e-01   8.9182572e-01
   8.0500000e-01   8.9209745e-01   8.9507553e-01   8.8916152e-01
   8.1500000e-01   8.9212741e-01   8.9513146e-01   8.8916726e-01
   8.2500000e-01   8.9150499e-01   8.9450873e-01   8.8854350e-01
   8.3500000e-01   8.9062710e-01   8.9358557e-01   8.8770478e-01
   8.4500000e-01   8.8694727e-01   8.8989672e-01   8.8402968e-01
   8.5500000e-01   8.8118899e-01   8.8430747e-01   8.7811879e-01
   8.6500000e-01   8.7316766e-01   8.7636763e-01   8.7002286e-01
   8.7500000e-01   8.6286243e-01   8.6619436e-01   8.5959174e-01
   8.8500000e-01   8.5274161e-01   8.5619091e-01   8.4935592e-01
   8.9500000e-01   8.4630664e-01   8.4978723e-01   8.4289166e-01
   9.0500000e-01   8.4261321e-01   8.4612241e-01   8.3917685e-01
   9.1500000e-01   8.3997200e-01   8.4359488e-01   8.3642354e-01
   9.2500000e-01   8.3571603e-01   8.3937779e-01   8.3213344e-01
   9.3500000e-01   8.3111491e-01   8.3482514e-01   8.2748395e-01
   9.4500000e-01   8.2540534e-01   8.2918320e-01   8.2171278e-01
   9.5500000e-01   8.1419893e-01   8.1819274e-01   8.1029858e-01
   9.6500000e-01   7.9710140e-01   8.0133955e-01   7.9297269e-01
   9.7500000e-01   7.7995647e-01   7.8445132e-01   7.7558162e-01
   9.8500000e-01   7.6349222e-01   7.6823621e-01   7.5887245e-01
   9.9500000e-01   7.4450309e-01   7.4948633e-01   7.3966157e-01
   1.0050000e+00   7.2360167e-01   7.2900305e-01   7.1835420e-01
   1.0150000e+00   7.0526907e-01   7.1092682e-01   6.9978425e-01
   1.0250000e+00   6.9751326e-01   7.0327031e-01   6.9192787e-01
   1.0350000e+00   6.9679002e-01   7.0261061e-01   6.9114671e-01
   1.0450000e+00   7.0177507e-01   7.0745733e-01   6.9626561e-01
   1.0550000e+00   7.1350183e-01   7.1901120e-01   7.0815160e-01
   1.0650000e+00   7.2539642e-01   7.3076298e-01   7.2018076e-01
   1.0750000e+00   7.3259449e-01   7.3780542e-01   7.2753706e-01
   1.0850000e+00   7.3694172e-01   7.4215866e-01   7.3187364e-01
   1.0950000e+00   7.3893688e-01   7.4411604e-01   7.3390633e-01
   1.1050000e+00   7.3888766e-01   7.4408648e-01   7.3383803e-01
   1.1150000e+00   7.3582774e-01   7.4101696e-01   7.3079251e-01
   1.1250000e+00   7.2877029e-01   7.3408797e-01   7.2360482e-01
   1.1350000e+00   7.1720300e-01   7.2268048e-01   7.1188838e-01
   1.1450000e+00   7.1168944e-01   7.1725982e-01   7.0628166e-01
   1.1550000e+00   6.9258212e-01   6.9839482e-01   6.8694943e-01
   1.1650000e+00   6.6145789e-01   6.6777908e-01   6.5534096e-01
   1.1750000e+00   6.3080303e-01   6.3743826e-01   6.2438474e-01
   1.1850000e+00   6.0310739e-01   6.1008781e-01   5.9636415e-01
   1.1950000e+00   5.7824502e-01   5.8543596e-01   5.7130793e-01
   1.2050000e+00   5.4704194e-01   5.5458201e-01   5.3977842e-01
   1.2150000e+00   5.1432547e-01   5.2205120e-01   5.0689627e-01
   1.2250000e+00   4.9415205e-01   5.0205097e-01   4.8656607e-01
   1.2350000e+00   4.8065800e-01   4.8860934e-01   4.7302150e-01
   1.2450000e+00   4.7063575e-01   4.7864227e-01   4.6295266e-01
   1.2550000e+00   4.6546393e-01   4.7351067e-01   4.5774377e-01
   1.2650000e+00   4.6283195e-01   4.7088047e-01   4.5511145e-01
   1.2750000e+00   4.6322738e-01   4.7125507e-01   4.5552865e-01
   1.2850000e+00   4.6669476e-01   4.7472494e-01   4.5898861e-01
   1.2950000e+00   4.6846160e-01   4.7647456e-01   4.6077443e-01
   1.3050000e+00   4.7015011e-01   4.7815250e-01   4.6247278e-01
   1.3150000e+00   4.7140527e-01   4.7941157e-01   4.6372373e-01
   1.3250000e+00   4.7203164e-01   4.8003144e-01   4.6435519e-01
   1.3350000e+00   4.7187354e-01   4.7987464e-01   4.6419558e-01
   1.3450000e+00   4.6916123e-01   4.7718239e-01   4.6146589e-01
   1.3550000e+00   4.6520169e-01   4.7324642e-01   4.5748397e-01
   1.3650000e+00   4.6125821e-01   4.6931757e-01   4.5352609e-01
   1.3750000e+00   4.5284447e-01   4.6091050e-01   4.4511261e-01
   1.3850000e+00   4.4020440e-01   4.4834721e-01   4.3240213e-01
   1.3950000e+00   4.2163863e-01   4.2979720e-01   4.1382989e-01
   1.4050000e+00   3.5766234e-01   3.6578588e-01   3.4991747e-01
   1.4150000e+00   2.6654422e-01   2.7414958e-01   2.5934693e-01
   1.4250000e+00   1.8597763e-01   1.9250004e-01   1.7985248e-01
   1.4350000e+00   1.3086677e-01   1.3620950e-01   1.2588728e-01
   1.4450000e+00   9.6330017e-02   1.0068663e-01   9.2294964e-02
   1.4550000e+00   6.9502202e-02   7.2907794e-02   6.6368404e-02
   1.4650000e+00   5.1017064e-02   5.3648353e-02   4.8610633e-02
   1.4750000e+00   3.9398888e-02   4.1474434e-02   3.7510856e-02
   1.4850000e+00   3.3252221e-02   3.5000930e-02   3.1667455e-02
   1.4950000e+00   3.1077875e-02   3.2704837e-02   2.9605766e-02
   1.5050000e+00   3.2241339e-02   3.3933863e-02   3.0708485e-02
   1.5150000e+00   3.3902945e-02   3.5688336e-02   3.2284174e-02
   1.5250000e+00   3.5622813e-02   3.7502007e-02   3.3917102e-02
   1.5350000e+00   3.8081170e-02   4.0089383e-02   3.6255774e-02
   1.5450000e+00   4.1141913e-02   4.3308427e-02   3.9169351e-02
   1.5550000e+00   4.4652252e-02   4.6990996e-02   4.2519210e-02
   1.5650000e+00   4.8766630e-02   5.1298636e-02   4.6453058e-02
   1.5750000e+00   5.3841953e-02   5.6605957e-02   5.1311498e-02
   1.5850000e+00   5.9842294e-02   6.2865340e-02   5.7068817e-02
   1.5950000e+00   6.4424516e-02   6.7635553e-02   6.1474094e-02
   1.6050000e+00   6.8893942e-02   7.2283987e-02   6.5775210e-02
   1.6150000e+00   7.3361979e-02   7.6922750e-02   7.0082009e-02
   1.6250000e+00   7.6124639e-02   7.9789648e-02   7.2746287e-02
   1.6350000e+00   7.8979946e-02   8.2749377e-02   7.5503275e-02
   1.6450000e+00   8.2114740e-02   8.6000063e-02   7.8528049e-02
   1.6550000e+00   8.5777241e-02   8.9792811e-02   8.2067328e-02
   1.6650000e+00   9.0135106e-02   9.4290979e-02   8.6291038e-02
   1.6750000e+00   9.4937968e-02   9.9257478e-02   9.0939460e-02
   1.6850000e+00   9.9686088e-02   1.0415565e-01   9.5544205e-02
   1.6950000e+00   1.0425774e-01   1.0886371e-01   9.9984674e-02
   1.7050000e+00   1.0892587e-01   1.1368009e-01   1.0451323e-01
   1.7150000e+00   1.1366225e-01   1.1855155e-01   1.0911914e-01
   1.7250000e+00   1.1860724e-01   1.2363191e-01   1.1393491e-01
   1.7350000e+00   1.2294010e-01   1.2809153e-01   1.1814628e-01
   1.7450000e+00   1.2631561e-01   1.3154507e-01   1.2144588e-01
   1.7550000e+00   1.2993390e-01   1.3527309e-01   1.2496013e-01
   1.7650000e+00   1.3308099e-01   1.3849549e-01   1.2803407e-01
   1.7750000e+00   1.3570103e-01   1.4117976e-01   1.3059216e-01
   1.7850000e+00   1.3833764e-01   1.4386985e-01   1.3317616e-01
   1.7950000e+00   1.4122902e-01   1.4685030e-01   1.3598357e-01
   1.8050000e+00   1.4439420e-01   1.5008077e-01   1.3908520e-01
   1.8150000e+00   1.4811611e-01   1.5389938e-01   1.4271413e-01
   1.8250000e+00   1.5196184e-01   1.5782419e-01   1.4648290e-01
   1.8350000e+00   1.5383549e-01   1.5973710e-01   1.4831764e-01
   1.8450000e+00   1.5260572e-01   1.5848372e-01   1.4711135e-01
   1.8550000e+00   1.4843729e-01   1.5421267e-01   1.4304099e-01
   1.8650000e+00   1.3649496e-01   1.4201203e-01   1.3135169e-01
   1.8750000e+00   1.1549588e-01   1.2044672e-01   1.1089503e-01
   1.8850000e+00   9.4433597e-02   9.8740888e-02   9.0446674e-02
   1.8950000e+00   7.2462554e-02   7.6005776e-02   6.9200356e-02
   1.9050000e+00   5.4106895e-02   5.6895067e-02   5.1553826e-02
   1.9150000e+00   3.7563103e-02   3.9566891e-02   3.5741557e-02
   1.9250000e+00   2.8176957e-02   2.9667382e-02   2.6830788e-02
   1.9350000e+00   2.1703651e-02   2.2794349e-02   2.0725373e-02
   1.9450000e+00   1.8038865e-02   1.8878095e-02   1.7290767e-02
   1.9550000e+00   1.5917468e-02   1.6598093e-02   1.5313958e-02
   1.9650000e+00   1.4671092e-02   1.5252439e-02   1.4157729e-02
   1.9750000e+00   1.4039378e-02   1.4568761e-02   1.3573082e-02
   1.9850000e+00   1.3735552e-02   1.4239888e-02   1.3291903e-02
   1.9950000e+00   1.3690136e-02   1.4191777e-02   1.3248934e-02
   2.0050000e+00   1.3798961e-02   1.4311342e-02   1.3348032e-02
   2.0150000e+00   1.4078163e-02   1.4615979e-02   1.3604204e-02
   2.0250000e+00   1.4432944e-02   1.5002041e-02   1.3930655e-02
   2.0350000e+00   1.4878023e-02   1.5484849e-02   1.4341485e-02
   2.0450000e+00   1.5516117e-02   1.6175840e-02   1.4931552e-02
   2.0550000e+00   1.6498857e-02   1.7235909e-02   1.5843873e-02
   2.0650000e+00   1.7778516e-02   1.8611905e-02   1.7035650e-02
   2.0750000e+00   1.9656741e-02   2.0624116e-02   1.8791347e-02
   2.0850000e+00   2.2098935e-02   2.3231074e-02   2.1082519e-02
   2.0950000e+00   2.5416088e-02   2.6756492e-02   2.4208041e-02
   2.1050000e+00   2.9955201e-02   3.1562852e-02   2.8500650e-02
   2.1150000e+00   3.4729629e-02   3.6600519e-02   3.3031526e-02
   2.1250000e+00   4.1172912e-02   4.3374094e-02   3.9167955e-02
   2.1350000e+00   4.8409395e-02   5.0957981e-02   4.6081090e-02
   2.1450000e+00   5.5962468e-02   5.8845288e-02   5.3321046e-02
   2.1550000e+00   6.3906593e-02   6.7121881e-02   6.0953160e-02
   2.1650000e+00   7.1657152e-02   7.5176008e-02   6.8417738e-02
   2.1750000e+00   7.9537965e-02   8.3355151e-02   7.6017572e-02
   2.1850000e+00   8.6876213e-02   9.0941552e-02   8.3119634e-02
   2.1950000e+00   9.3816258e-02   9.8115495e-02   8.9838606e-02
   2.2050000e+00   9.9688729e-02   1.0417945e-01   9.5529252e-02
   2.2150000e+00   1.0637971e-01   1.1107735e-01   1.0202139e-01
   2.2250000e+00   1.1210456e-01   1.1697364e-01   1.0758340e-01
   2.2350000e+00   1.1692324e-01   1.2192265e-01   1.1227688e-01
   2.2450000e+00   1.2004631e-01   1.2513790e-01   1.1531262e-01
   2.2550000e+00   1.1860230e-01   1.2364949e-01   1.1391113e-01
   2.2650000e+00   1.1560451e-01   1.2057907e-01   1.1098233e-01
   2.2750000e+00   1.0936455e-01   1.1414716e-01   1.0492539e-01
   2.2850000e+00   1.0209113e-01   1.0665978e-01   9.7855779e-02
   2.2950000e+00   9.3586815e-02   9.7882984e-02   8.9610783e-02
   2.3050000e+00   8.4598324e-02   8.8591448e-02   8.0911245e-02
   2.3150000e+00   7.6417644e-02   8.0107338e-02   7.3015271e-02
   2.3250000e+00   6.9057253e-02   7.2491302e-02   6.5898866e-02
   2.3350000e+00   6.2741557e-02   6.5922915e-02   5.9820682e-02
   2.3450000e+00   5.7385527e-02   6.0344206e-02   5.4672904e-02
   2.3550000e+00   5.3072601e-02   5.5842360e-02   5.0537435e-02
   2.3650000e+00   4.9842178e-02   5.2478784e-02   4.7431896e-02
   2.3750000e+00   4.7236562e-02   4.9748268e-02   4.4941959e-02
   2.3850000e+00   4.5336796e-02   4.7761031e-02   4.3123737e-02
   2.3950000e+00   4.3702193e-02   4.6051333e-02   4.1558975e-02
   2.4050000e+00   4.2268906e-02   4.4554571e-02   4.0185262e-02
   2.4150000e+00   4.1011361e-02   4.3230663e-02   3.8988561e-02
   2.4250000e+00   3.9901310e-02   4.2070075e-02   3.7925954e-02
   2.4350000e+00   3.8704274e-02   4.0817068e-02   3.6780951e-02
   2.4450000e+00   3.7454652e-02   3.9503741e-02   3.5589924e-02
   2.4550000e+00   3.6297688e-02   3.8297457e-02   3.4479694e-02
   2.4650000e+00   3.5149672e-02   3.7087750e-02   3.3388516e-02
   2.4750000e+00   3.4120060e-02   3.6005814e-02   3.2407195e-02
   2.4850000e+00   3.3142552e-02   3.4978785e-02   3.1475389e-02
   2.4950000e+00   3.2180616e-02   3.3968864e-02   3.0557926e-02
   2.5050000e+00   3.1522847e-02   3.3277452e-02   2.9930972e-02
   2.5150000e+00   3.1090232e-02   3.2826266e-02   2.9515903e-02
   2.5250000e+00   3.0832400e-02   3.2556609e-02   2.9268830e-02
   2.5350000e+00   3.0796947e-02   3.2523200e-02   2.9231753e-02
   2.5450000e+00   3.0712031e-02   3.2431948e-02   2.9152008e-02
   2.5550000e+00   3.0889851e-02   3.2620015e-02   2.9319801e-02
   2.5650000e+00   3.1298244e-02   3.3053314e-02   2.9705267e-02
   2.5750000e+00   3.1325527e-02   3.3083387e-02   2.9730366e-02
   2.5850000e+00   3.1239565e-02   3.3000520e-02   2.9641571e-02
   2.5950000e+00   3.0647360e-02   3.2374720e-02   2.9079396e-02
   2.6050000e+00   2.9584064e-02   3.1258748e-02   2.8065023e-02
   2.6150000e+00   2.8226604e-02   2.9831276e-02   2.6772551e-02
   2.6250000e+00   2.5569839e-02   2.7032308e-02   2.4246556e-02
   2.6350000e+00   2.2180364e-02   2.3454937e-02   2.1029836e-02
   2.6450000e+00   1.9482931e-02   2.0602609e-02   1.8474576e-02
   2.6550000e+00   1.7286271e-02   1.8275165e-02   1.6397546e-02
   2.6650000e+00   1.5485095e-02   1.6365715e-02   1.4695343e-02
   2.6750000e+00   1.3967895e-02   1.4754781e-02   1.3263569e-02
   2.6850000e+00   1.0139445e-02   1.0665409e-02   9.6722680e-03
   2.6950000e+00   7.9994809e-03   8.3695138e-03   7.6732911e-03
   2.7050000e+00   6.6660326e-03   6.9355335e-03   6.4301997e-03
   2.7150000e+00   5.7640517e-03   5.9653730e-03   5.5890937e-03
   2.7250000e+00   5.1099298e-03   5.2635359e-03   4.9773106e-03
   2.7350000e+00   4.0137115e-03   4.0702015e-03   3.9661914e-03
   2.7450000e+00   3.5224483e-03   3.5477734e-03   3.5014784e-03
   2.7550000e+00   3.1769733e-03   3.1905312e-03   3.1657823e-03
   2.7650000e+00   2.8808495e-03   2.8894389e-03   2.8736986e-03
   2.7750000e+00   2.6082126e-03   2.6145185e-03   2.6028821e-03
   2.7850000e+00   2.2950100e-03   2.2994177e-03   2.2911629e-03
   2.7950000e+00   1.9911980e-03   1.9950028e-03   1.9878056e-03
   2.8050000e+00   1.7225050e-03   1.7261897e-03   1.7191995e-03
   2.8150000e+00   1.4932613e-03   1.4969944e-03   1.4899142e-03
   2.8250000e+00   1.3283785e-03   1.3321623e-03   1.3249814e-03
   2.8350000e+00   1.2759961e-03   1.2797268e-03   1.2726315e-03
   2.8450000e+00   1.4114738e-03   1.4151361e-03   1.4081550e-03
   2.8550000e+00   1.8176410e-03   1.8213825e-03   1.8142417e-03
   2.8650000e+00   2.5344755e-03   2.5384173e-03   2.5308926e-03
   2.8750000e+00   3.8276771e-03   3.8318014e-03   3.8239334e-03
   2.8850000e+00   5.5229563e-03   5.5270759e-03   5.5192259e-03
   2.8950000e+00   7.7137559e-03   7.7175630e-03   7.7103221e-03
   2.9050000e+00   9.9856711e-03   9.9888959e-03   9.9827795e-03
   2.9150000e+00   1.2338773e-02   1.2341218e-02   1.2336604e-02
   2.9250000e+00   1.4221901e-02   1.4223492e-02   1.4220519e-02
   2.9350000e+00   1.6068862e-02   1.6069574e-02   1.6068291e-02
   2.9450000e+00   1.7289823e-02   1.7289840e-02   1.7289893e-02
   2.9550000e+00   1.8619704e-02   1.8618992e-02   1.8620445e-02
   2.9650000e+00   2.0035677e-02   2.0034208e-02   2.0037116e-02
   2.9750000e+00   2.1670745e-02   2.1668410e-02   2.1672982e-02
   2.9850000e+00   2.3400995e-02   2.3397732e-02   2.3404086e-02
   2.9950000e+00   2.5539108e-02   2.5534653e-02   2.5543296e-02
   3.0050000e+00   2.7758137e-02   2.7752400e-02   2.7763505e-02
   3.0150000e+00   3.0106303e-02   3.0099103e-02   3.0113017e-02
   3.0250000e+00   3.2504491e-02   3.2495710e-02   3.2512662e-02
   3.0350000e+00   3.4966076e-02   3.4955557e-02   3.4975845e-02
   3.0450000e+00   3.7411459e-02   3.7399048e-02   3.7422969e-02
   3.0550000e+00   3.9939010e-02   3.9924511e-02   3.9952444e-02
   3.0650000e+00   4.1042454e-02   4.1026563e-02   4.1057172e-02
   3.0750000e+00   4.1864480e-02   4.1847366e-02   4.1880326e-02
   3.0850000e+00   4.1477766e-02   4.1460284e-02   4.1493954e-02
   3.0950000e+00   4.1141352e-02   4.1123560e-02   4.1157830e-02
   3.1050000e+00   4.0110113e-02   4.0092630e-02   4.0126310e-02
   3.1150000e+00   3.9281015e-02   3.9263771e-02   3.9296994e-02
   3.1250000e+00   3.8670699e-02   3.8653650e-02   3.8686499e-02
   3.1350000e+00   3.8235990e-02   3.8219048e-02   3.8251695e-02
   3.1450000e+00   3.7730293e-02   3.7713539e-02   3.7745827e-02
   3.1550000e+00   3.7388193e-02   3.7371539e-02   3.7403636e-02
   3.1650000e+00   3.6628140e-02   3.6611908e-02   3.6643195e-02
   3.1750000e+00   3.6041077e-02   3.6025170e-02   3.6055835e-02
   3.1850000e+00   3.4966137e-02   3.4950924e-02   3.4980257e-02
   3.1950000e+00   3.4042136e-02   3.4027525e-02   3.4055701e-02
   3.2050000e+00   3.2873689e-02   3.2859861e-02   3.2886532e-02
   3.2150000e+00   3.1798308e-02   3.1785204e-02   3.1810485e-02
   3.2250000e+00   3.0848480e-02   3.0836010e-02   3.0860071e-02
   3.2350000e+00   2.9940508e-02   2.9928646e-02   2.9951539e-02
   3.2450000e+00   2.9204344e-02   2.9192971e-02   2.9214924e-02
   3.2550000e+00   2.8510067e-02   2.8499156e-02   2.8520222e-02
   3.2650000e+00   2.7730676e-02   2.7720284e-02   2.7740352e-02
   3.2750000e+00   2.6951126e-02   2.6941254e-02   2.6960322e-02
   3.2850000e+00   2.6275000e-02   2.6265573e-02   2.6283786e-02
   3.2950000e+00   2.5660222e-02   2.5651196e-02   2.5668639e-02
   3.3050000e+00   2.5107290e-02   2.5098624e-02   2.5115375e-02
   3.3150000e+00   2.4616941e-02   2.4608595e-02   2.4624730e-02
   3.3250000e+00   2.4139548e-02   2.4131513e-02   2.4147049e-02
   3.3350000e+00   2.3679018e-02   2.3671283e-02   2.3686243e-02
   3.3450000e+00   2.3224949e-02   2.3217510e-02   2.3231901e-02
   3.3550000e+00   2.2788555e-02   2.2781399e-02   2.2795246e-02
   3.3650000e+00   2.2357232e-02   2.2350357e-02   2.2363664e-02
   3.3750000e+00   2.1953820e-02   2.1947205e-02   2.1960012e-02
   3.3850000e+00   2.1559308e-02   2.1552949e-02   2.1565265e-02
   3.3950000e+00   2.1192293e-02   2.1186170e-02   2.1198032e-02
   3.4050000e+00   2.0851910e-02   2.0846007e-02   2.0857446e-02
   3.4150000e+00   2.0521063e-02   2.0515377e-02   2.0526401e-02
   3.4250000e+00   2.0222174e-02   2.0216686e-02   2.0227330e-02
   3.4350000e+00   1.9924804e-02   1.9919523e-02   1.9929774e-02
   3.4450000e+00   1.9651489e-02   1.9646409e-02   1.9656280e-02
   3.4550000e+00   1.9381901e-02   1.9377044e-02   1.9386497e-02
   3.4650000e+00   1.9126605e-02   1.9122001e-02   1.9130987e-02
   3.4750000e+00   1.8885430e-02   1.8881128e-02   1.8889562e-02
   3.4850000e+00   1.8647386e-02   1.8643501e-02   1.8651186e-02
   3.4950000e+00   1.8427627e-02   1.8424238e-02   1.8431034e-02
   3.5050000e+00   1.8209295e-02   1.8206631e-02   1.8212135e-02
   3.5150000e+00   1.8006888e-02   1.8005177e-02   1.8008985e-02
   3.5250000e+00   1.7815852e-02   1.7815408e-02   1.7816959e-02
   3.5350000e+00   1.7629304e-02   1.7630684e-02   1.7628982e-02
   3.5450000e+00   1.7460051e-02   1.7463482e-02   1.7458111e-02
   3.5550000e+00   1.7294664e-02   1.7300922e-02   1.7290479e-02
   3.5650000e+00   1.7147528e-02   1.7156775e-02   1.7140953e-02
   3.5750000e+00   1.7012710e-02   1.7025045e-02   1.7003650e-02
   3.5850000e+00   1.6881984e-02   1.6898156e-02   1.6869819e-02
   3.5950000e+00   1.6756674e-02   1.6777653e-02   1.6740597e-02
   3.6050000e+00   1.6638337e-02   1.6665323e-02   1.6617342e-02
   3.6150000e+00   1.6529408e-02   1.6563977e-02   1.6502163e-02
   3.6250000e+00   1.6432943e-02   1.6476350e-02   1.6398363e-02
   3.6350000e+00   1.6344125e-02   1.6390975e-02   1.6306670e-02
   3.6450000e+00   1.6257260e-02   1.6307853e-02   1.6216676e-02
   3.6550000e+00   1.6172098e-02   1.6226620e-02   1.6128215e-02
   3.6650000e+00   1.6089202e-02   1.6148005e-02   1.6041724e-02
   3.6750000e+00   1.6008528e-02   1.6071872e-02   1.5957220e-02
   3.6850000e+00   1.5930422e-02   1.5998683e-02   1.5874965e-02
   3.6950000e+00   1.5854821e-02   1.5928291e-02   1.5794955e-02
   3.7050000e+00   1.5782468e-02   1.5861582e-02   1.5717813e-02
   3.7150000e+00   1.5713170e-02   1.5798294e-02   1.5643401e-02
   3.7250000e+00   1.5647503e-02   1.5739123e-02   1.5572202e-02
   3.7350000e+00   1.5572515e-02   1.5668169e-02   1.5493761e-02
   3.7450000e+00   1.5470011e-02   1.5563448e-02   1.5393133e-02
   3.7550000e+00   1.5367744e-02   1.5458972e-02   1.5292737e-02
   3.7650000e+00   1.5266237e-02   1.5355328e-02   1.5193033e-02
   3.7750000e+00   1.5165286e-02   1.5252320e-02   1.5093819e-02
   3.7850000e+00   1.5056283e-02   1.5137190e-02   1.4990014e-02
   3.7950000e+00   1.4950824e-02   1.5026031e-02   1.4889372e-02
   3.8050000e+00   1.4849016e-02   1.4919076e-02   1.4791908e-02
   3.8150000e+00   1.4749875e-02   1.4815128e-02   1.4696814e-02
   3.8250000e+00   1.4653809e-02   1.4714721e-02   1.4604393e-02
   3.8350000e+00   1.4559820e-02   1.4616652e-02   1.4513821e-02
   3.8450000e+00   1.4468156e-02   1.4521278e-02   1.4425261e-02
   3.8550000e+00   1.4387266e-02   1.4435992e-02   1.4348042e-02
   3.8650000e+00   1.4311342e-02   1.4355830e-02   1.4275645e-02
   3.8750000e+00   1.4238289e-02   1.4279001e-02   1.4205726e-02
   3.8850000e+00   1.4167423e-02   1.4204696e-02   1.4137708e-02
   3.8950000e+00   1.4098759e-02   1.4132951e-02   1.4071588e-02
   3.9050000e+00   1.4031776e-02   1.4063148e-02   1.4006926e-02
   3.9150000e+00   1.3966454e-02   1.3995290e-02   1.3943687e-02
   3.9250000e+00   1.3902575e-02   1.3929117e-02   1.3881688e-02
   3.9350000e+00   1.3839860e-02   1.3864293e-02   1.3820695e-02
   3.9450000e+00   1.3778356e-02   1.3800894e-02   1.3760733e-02
   3.9550000e+00   1.3717780e-02   1.3738579e-02   1.3701570e-02
   3.9650000e+00   1.3658160e-02   1.3677388e-02   1.3643223e-02
   3.9750000e+00   1.3607429e-02   1.3625035e-02   1.3593802e-02
   3.9850000e+00   1.3563069e-02   1.3579110e-02   1.3550707e-02
   3.9950000e+00   1.3519581e-02   1.3534219e-02   1.3508347e-02
   4.0050000e+00   1.3476814e-02   1.3490179e-02   1.3466601e-02
   4.0150000e+00   1.3434721e-02   1.3446940e-02   1.3425425e-02
   4.0250000e+00   1.3393218e-02   1.3404402e-02   1.3384747e-02
   4.0350000e+00   1.3352234e-02   1.3362481e-02   1.3344508e-02
   4.0450000e+00   1.3311729e-02   1.3321130e-02   1.3304674e-02
   4.0550000e+00   1.3271628e-02   1.3280259e-02   1.3265181e-02
   4.0650000e+00   1.3231907e-02   1.3239842e-02   1.3226010e-02
   4.0750000e+00   1.3192533e-02   1.3199838e-02   1.3187131e-02
   4.0850000e+00   1.3153452e-02   1.3160181e-02   1.3148500e-02
   4.0950000e+00   1.3114651e-02   1.3120859e-02   1.3110107e-02
   4.1050000e+00   1.3081519e-02   1.3087240e-02   1.3077354e-02
   4.1150000e+00   1.3052225e-02   1.3057494e-02   1.3048411e-02
   4.1250000e+00   1.3023142e-02   1.3028001e-02   1.3019646e-02
   4.1350000e+00   1.2994244e-02   1.2998728e-02   1.2991037e-02
   4.1450000e+00   1.2965520e-02   1.2969665e-02   1.2962576e-02
   4.1550000e+00   1.2936958e-02   1.2940792e-02   1.2934251e-02
   4.1650000e+00   1.2908537e-02   1.2912089e-02   1.2906048e-02
   4.1750000e+00   1.2880250e-02   1.2883543e-02   1.2877957e-02
   4.1850000e+00   1.2852087e-02   1.2855145e-02   1.2849974e-02
   4.1950000e+00   1.2824039e-02   1.2826881e-02   1.2822088e-02
   4.2050000e+00   1.2796097e-02   1.2798743e-02   1.2794294e-02
   4.2150000e+00   1.2768253e-02   1.2770719e-02   1.2766585e-02
   4.2250000e+00   1.2740502e-02   1.2742805e-02   1.2738956e-02
   4.2350000e+00   1.2712839e-02   1.2714993e-02   1.2711404e-02
   4.2450000e+00   1.2690994e-02   1.2692923e-02   1.2689728e-02
   4.2550000e+00   1.2673155e-02   1.2674834e-02   1.2672077e-02
   4.2650000e+00   1.2655504e-02   1.2656967e-02   1.2654587e-02
   4.2750000e+00   1.2638019e-02   1.2639298e-02   1.2637240e-02
   4.2850000e+00   1.2620684e-02   1.2621803e-02   1.2620024e-02
   4.2950000e+00   1.2603485e-02   1.2604466e-02   1.2602925e-02
   4.3050000e+00   1.2586409e-02   1.2587271e-02   1.2585936e-02
   4.3150000e+00   1.2569447e-02   1.2570207e-02   1.2569047e-02
   4.3250000e+00   1.2552590e-02   1.2553263e-02   1.2552254e-02
   4.3350000e+00   1.2535832e-02   1.2536429e-02   1.2535549e-02
   4.3450000e+00   1.2519167e-02   1.2519699e-02   1.2518929e-02
   4.3550000e+00   1.2511505e-02   1.2511962e-02   1.2511322e-02
   4.3650000e+00   1.2507779e-02   1.2508162e-02   1.2507647e-02
   4.3750000e+00   1.2504164e-02   1.2504487e-02   1.2504077e-02
   4.3850000e+00   1.2500655e-02   1.2500926e-02   1.2500605e-02
   4.3950000e+00   1.2509744e-02   1.2509965e-02   1.2509731e-02
   4.4050000e+00   1.2522039e-02   1.2522215e-02   1.2522061e-02
   4.4150000e+00   1.2534413e-02   1.2534548e-02   1.2534464e-02
   4.4250000e+00   1.2546862e-02   1.2546961e-02   1.2546940e-02
   4.4350000e+00   1.2559384e-02   1.2559451e-02   1.2559487e-02
   4.4450000e+00   1.2573463e-02   1.2573502e-02   1.2573589e-02
   4.4550000e+00   1.2600966e-02   1.2600978e-02   1.2601112e-02
   4.4650000e+00   1.2628493e-02   1.2628481e-02   1.2628661e-02
   4.4750000e+00   1.2656045e-02   1.2656009e-02   1.2656234e-02
   4.4850000e+00   1.2683622e-02   1.2683562e-02   1.2683832e-02
   4.4950000e+00   1.2711224e-02   1.2711141e-02   1.2711454e-02
   4.5050000e+00   1.2738851e-02   1.2738744e-02   1.2739100e-02
   4.5150000e+00   1.2771733e-02   1.2771617e-02   1.2771993e-02
   4.5250000e+00   1.2804645e-02   1.2804520e-02   1.2804916e-02
   4.5350000e+00   1.2837587e-02   1.2837454e-02   1.2837868e-02
   4.5450000e+00   1.2870558e-02   1.2870417e-02   1.2870849e-02
   4.5550000e+00   1.2901799e-02   1.2901669e-02   1.2902087e-02
   4.5650000e+00   1.2926755e-02   1.2926648e-02   1.2927029e-02
   4.5750000e+00   1.2945863e-02   1.2945788e-02   1.2946115e-02
   4.5850000e+00   1.2950037e-02   1.2950015e-02   1.2950249e-02
   4.5950000e+00   1.2939285e-02   1.2939340e-02   1.2939439e-02
   4.6050000e+00   1.2928653e-02   1.2928796e-02   1.2928740e-02
   4.6150000e+00   1.2918150e-02   1.2918396e-02   1.2918160e-02
   4.6250000e+00   1.2907786e-02   1.2908151e-02   1.2907705e-02
   4.6350000e+00   1.2897574e-02   1.2898079e-02   1.2897388e-02
   4.6450000e+00   1.2887531e-02   1.2888199e-02   1.2887219e-02
   4.6550000e+00   1.2877675e-02   1.2878537e-02   1.2877216e-02
   4.6650000e+00   1.2868032e-02   1.2869125e-02   1.2867397e-02
   4.6750000e+00   1.2858633e-02   1.2860002e-02   1.2857789e-02
   4.6850000e+00   1.2849520e-02   1.2851217e-02   1.2848424e-02
   4.6950000e+00   1.2840741e-02   1.2842834e-02   1.2839341e-02
   4.7050000e+00   1.2832361e-02   1.2834931e-02   1.2830595e-02
   4.7150000e+00   1.2824463e-02   1.2827610e-02   1.2822252e-02
   4.7250000e+00   1.2806950e-02   1.2810586e-02   1.2804357e-02
   4.7350000e+00   1.2782907e-02   1.2786947e-02   1.2779997e-02
   4.7450000e+00   1.2759057e-02   1.2763542e-02   1.2755799e-02
   4.7550000e+00   1.2735424e-02   1.2740397e-02   1.2731782e-02
   4.7650000e+00   1.2712031e-02   1.2717540e-02   1.2707966e-02
   4.7750000e+00   1.2688904e-02   1.2695005e-02   1.2684373e-02
   4.7850000e+00   1.2666072e-02   1.2672822e-02   1.2661026e-02
   4.7950000e+00   1.2643570e-02   1.2651038e-02   1.2637956e-02
   4.8050000e+00   1.2621441e-02   1.2629700e-02   1.2615198e-02
   4.8150000e+00   1.2599725e-02   1.2608858e-02   1.2592787e-02
   4.8250000e+00   1.2578472e-02   1.2588569e-02   1.2570765e-02
   4.8350000e+00   1.2557745e-02   1.2568908e-02   1.2549183e-02
   4.8450000e+00   1.2537605e-02   1.2549950e-02   1.2528097e-02
   4.8550000e+00   1.2518135e-02   1.2531789e-02   1.2507575e-02
   4.8650000e+00   1.2499422e-02   1.2514526e-02   1.2487691e-02
   4.8750000e+00   1.2481565e-02   1.2498279e-02   1.2468533e-02
   4.8850000e+00   1.2464659e-02   1.2483157e-02   1.2450181e-02
   4.8950000e+00   1.2448864e-02   1.2469347e-02   1.2432773e-02
   4.9050000e+00   1.2433376e-02   1.2455932e-02   1.2415594e-02
   4.9150000e+00   1.2410002e-02   1.2433522e-02   1.2391430e-02
   4.9250000e+00   1.2386869e-02   1.2411390e-02   1.2367475e-02
   4.9350000e+00   1.2363982e-02   1.2389545e-02   1.2343733e-02
   4.9450000e+00   1.2341360e-02   1.2368009e-02   1.2320217e-02
   4.9550000e+00   1.2319014e-02   1.2346795e-02   1.2296941e-02
   4.9650000e+00   1.2296970e-02   1.2325928e-02   1.2273926e-02
   4.9750000e+00   1.2275218e-02   1.2305398e-02   1.2251166e-02
   4.9850000e+00   1.2253749e-02   1.2285196e-02   1.2228651e-02
   4.9950000e+00   1.2232645e-02   1.2265418e-02   1.2206451e-02
