   3.0500000e-01   9.6494936e-01   9.6728293e-01   9.6240730e-01
   3.1500000e-01   9.6477225e-01   9.6711897e-01   9.6221807e-01
   3.2500000e-01   9.6461575e-01   9.6697647e-01   9.6204619e-01
   3.3500000e-01   9.6447226e-01   9.6683968e-01   9.6189493e-01
   3.4500000e-01   9.6431733e-01   9.6669792e-01   9.6172566e-01
   3.5500000e-01   9.6414360e-01   9.6653285e-01   9.6154334e-01
   3.6500000e-01   9.6407946e-01   9.6647557e-01   9.6147105e-01
   3.7500000e-01   9.6394998e-01   9.6635269e-01   9.6133544e-01
   3.8500000e-01   9.6383426e-01   9.6624303e-01   9.6121315e-01
   3.9500000e-01   9.6373032e-01   9.6614771e-01   9.6109980e-01
   4.0500000e-01   9.6365869e-01   9.6608138e-01   9.6102175e-01
   4.1500000e-01   9.6356536e-01   9.6599724e-01   9.6091903e-01
   4.2500000e-01   9.6351129e-01   9.6594684e-01   9.6086107e-01
   4.3500000e-01   9.6345591e-01   9.6589526e-01   9.6080116e-01
   4.4500000e-01   9.6337571e-01   9.6581896e-01   9.6071698e-01
   4.5500000e-01   9.6328780e-01   9.6573889e-01   9.6062093e-01
   4.6500000e-01   9.6319400e-01   9.6564491e-01   9.6052751e-01
   4.7500000e-01   9.6313445e-01   9.6559174e-01   9.6046027e-01
   4.8500000e-01   9.6306110e-01   9.6551917e-01   9.6038655e-01
   4.9500000e-01   9.6291859e-01   9.6538321e-01   9.6023680e-01
   5.0500000e-01   9.6275454e-01   9.6522201e-01   9.6007062e-01
   5.1500000e-01   9.6262658e-01   9.6509353e-01   9.5994171e-01
   5.2500000e-01   9.6245260e-01   9.6492023e-01   9.5976574e-01
   5.3500000e-01   9.6219850e-01   9.6467376e-01   9.5950652e-01
   5.4500000e-01   9.6196643e-01   9.6445173e-01   9.5926256e-01
   5.5500000e-01   9.6166757e-01   9.6415461e-01   9.5896304e-01
   5.6500000e-01   9.6144603e-01   9.6393702e-01   9.5873672e-01
   5.7500000e-01   9.6111520e-01   9.6360435e-01   9.5840826e-01
   5.8500000e-01   9.6081148e-01   9.6330337e-01   9.5809859e-01
   5.9500000e-01   9.6050128e-01   9.6299618e-01   9.5778577e-01
   6.0500000e-01   9.6002629e-01   9.6252079e-01   9.5731336e-01
   6.1500000e-01   9.5919727e-01   9.6173520e-01   9.5644053e-01
   6.2500000e-01   9.5872491e-01   9.6123412e-01   9.5599393e-01
   6.3500000e-01   9.5803798e-01   9.6054646e-01   9.5530918e-01
   6.4500000e-01   9.5717797e-01   9.5969976e-01   9.5443984e-01
   6.5500000e-01   9.5614589e-01   9.5865331e-01   9.5341448e-01
   6.6500000e-01   9.5559139e-01   9.5813507e-01   9.5282585e-01
   6.7500000e-01   9.5482321e-01   9.5738744e-01   9.5203656e-01
   6.8500000e-01   9.5403961e-01   9.5653419e-01   9.5131677e-01
   6.9500000e-01   9.5235007e-01   9.5487649e-01   9.4959775e-01
   7.0500000e-01   9.5101083e-01   9.5356998e-01   9.4823222e-01
   7.1500000e-01   9.4922325e-01   9.5182129e-01   9.4639690e-01
   7.2500000e-01   9.4808651e-01   9.5069102e-01   9.4526105e-01
   7.3500000e-01   9.4681717e-01   9.4943929e-01   9.4397643e-01
   7.4500000e-01   9.4426987e-01   9.4693702e-01   9.4138934e-01
   7.5500000e-01   9.4146517e-01   9.4413108e-01   9.3858092e-01
   7.6500000e-01   9.3817959e-01   9.4092429e-01   9.3521702e-01
   7.7500000e-01   9.3429876e-01   9.3709734e-01   9.3127809e-01
   7.8500000e-01   9.3049290e-01   9.3334636e-01   9.2742105e-01
   7.9500000e-01   9.2689043e-01   9.2986447e-01   9.2370293e-01
   8.0500000e-01   9.2428635e-01   9.2728998e-01   9.2107539e-01
   8.1500000e-01   9.2448384e-01   9.2750279e-01   9.2124595e-01
   8.2500000e-01   9.2377371e-01   9.2676688e-01   9.2055745e-01
   8.3500000e-01   9.2258196e-01   9.2554263e-01   9.1942279e-01
   8.4500000e-01   9.1871284e-01   9.2160953e-01   9.1560952e-01
   8.5500000e-01   9.1448783e-01   9.1771987e-01   9.1103063e-01
   8.6500000e-01   9.0733686e-01   9.1075235e-01   9.0369104e-01
   8.7500000e-01   8.9844953e-01   9.0212230e-01   8.9453985e-01
   8.8500000e-01   8.8956821e-01   8.9340633e-01   8.8547497e-01
   8.9500000e-01   8.8384793e-01   8.8783775e-01   8.7962525e-01
   9.0500000e-01   8.8077017e-01   8.8490723e-01   8.7641205e-01
   9.1500000e-01   8.7891129e-01   8.8310617e-01   8.7446022e-01
   9.2500000e-01   8.7533210e-01   8.7966358e-01   8.7075598e-01
   9.3500000e-01   8.7134089e-01   8.7574565e-01   8.6668956e-01
   9.4500000e-01   8.6660180e-01   8.7116260e-01   8.6179577e-01
   9.5500000e-01   8.5756640e-01   8.6236808e-01   8.5248294e-01
   9.6500000e-01   8.4369470e-01   8.4900200e-01   8.3811332e-01
   9.7500000e-01   8.2961730e-01   8.3529168e-01   8.2364767e-01
   9.8500000e-01   8.1596586e-01   8.2190572e-01   8.0969161e-01
   9.9500000e-01   8.0042246e-01   8.0691121e-01   7.9362865e-01
   1.0050000e+00   7.8365543e-01   7.9054057e-01   7.7638776e-01
   1.0150000e+00   7.6880733e-01   7.7628166e-01   7.6098434e-01
   1.0250000e+00   7.6207639e-01   7.6957242e-01   7.5419826e-01
   1.0350000e+00   7.6190002e-01   7.6950480e-01   7.5390955e-01
   1.0450000e+00   7.6573442e-01   7.7325267e-01   7.5786942e-01
   1.0550000e+00   7.7525775e-01   7.8245854e-01   7.6771542e-01
   1.0650000e+00   7.8511449e-01   7.9199573e-01   7.7787308e-01
   1.0750000e+00   7.9102224e-01   7.9784986e-01   7.8387488e-01
   1.0850000e+00   7.9490737e-01   8.0164853e-01   7.8783065e-01
   1.0950000e+00   7.9649524e-01   8.0317647e-01   7.8947744e-01
   1.1050000e+00   7.9651464e-01   8.0318001e-01   7.8950189e-01
   1.1150000e+00   7.9383543e-01   8.0060093e-01   7.8674118e-01
   1.1250000e+00   7.8798145e-01   7.9483127e-01   7.8078102e-01
   1.1350000e+00   7.7854055e-01   7.8571693e-01   7.7102407e-01
   1.1450000e+00   7.7392558e-01   7.8115375e-01   7.6633392e-01
   1.1550000e+00   7.5804551e-01   7.6569310e-01   7.5001844e-01
   1.1650000e+00   7.3270456e-01   7.4115912e-01   7.2385478e-01
   1.1750000e+00   7.0625825e-01   7.1521577e-01   6.9689459e-01
   1.1850000e+00   6.8278073e-01   6.9230756e-01   6.7282843e-01
   1.1950000e+00   6.6110323e-01   6.7111714e-01   6.5067724e-01
   1.2050000e+00   6.3412935e-01   6.4473804e-01   6.2308917e-01
   1.2150000e+00   6.0460530e-01   6.1569376e-01   5.9309148e-01
   1.2250000e+00   5.8673241e-01   5.9820859e-01   5.7483317e-01
   1.2350000e+00   5.7416930e-01   5.8577807e-01   5.6214391e-01
   1.2450000e+00   5.6503025e-01   5.7678138e-01   5.5285706e-01
   1.2550000e+00   5.6038407e-01   5.7222887e-01   5.4811557e-01
   1.2650000e+00   5.5787891e-01   5.6974313e-01   5.4559307e-01
   1.2750000e+00   5.5815974e-01   5.7001892e-01   5.4588553e-01
   1.2850000e+00   5.6141525e-01   5.7322008e-01   5.4918843e-01
   1.2950000e+00   5.6305144e-01   5.7484688e-01   5.5083516e-01
   1.3050000e+00   5.6458013e-01   5.7634724e-01   5.5239346e-01
   1.3150000e+00   5.6581459e-01   5.7758085e-01   5.5362736e-01
   1.3250000e+00   5.6635973e-01   5.7812204e-01   5.5418379e-01
   1.3350000e+00   5.6619256e-01   5.7793561e-01   5.5402796e-01
   1.3450000e+00   5.6379105e-01   5.7560857e-01   5.5155900e-01
   1.3550000e+00   5.6011192e-01   5.7195267e-01   5.4784925e-01
   1.3650000e+00   5.5643290e-01   5.6832707e-01   5.4412380e-01
   1.3750000e+00   5.4855562e-01   5.6058037e-01   5.3612963e-01
   1.3850000e+00   5.3686401e-01   5.4902442e-01   5.2429179e-01
   1.3950000e+00   5.1917925e-01   5.3153668e-01   5.0642518e-01
   1.4050000e+00   4.5687527e-01   4.6978242e-01   4.4363144e-01
   1.4150000e+00   3.6271019e-01   3.7584924e-01   3.4935130e-01
   1.4250000e+00   2.7155142e-01   2.8393377e-01   2.5909708e-01
   1.4350000e+00   2.0327609e-01   2.1439105e-01   1.9222275e-01
   1.4450000e+00   1.5687144e-01   1.6662565e-01   1.4726402e-01
   1.4550000e+00   1.1808983e-01   1.2630733e-01   1.1008269e-01
   1.4650000e+00   8.9512919e-02   9.6296455e-02   8.2969602e-02
   1.4750000e+00   7.0488429e-02   7.6134697e-02   6.5088667e-02
   1.4850000e+00   5.9945555e-02   6.4877669e-02   5.5257394e-02
   1.4950000e+00   5.6122492e-02   6.0776683e-02   5.1708634e-02
   1.5050000e+00   5.8170077e-02   6.2971940e-02   5.3609898e-02
   1.5150000e+00   6.1088736e-02   6.6103368e-02   5.6318833e-02
   1.5250000e+00   6.4068892e-02   6.9289181e-02   5.9093754e-02
   1.5350000e+00   6.8270474e-02   7.3775306e-02   6.3012716e-02
   1.5450000e+00   7.3445211e-02   7.9287757e-02   6.7850002e-02
   1.5550000e+00   7.9256821e-02   8.5458163e-02   7.3302035e-02
   1.5650000e+00   8.5938316e-02   9.2527877e-02   7.9591885e-02
   1.5750000e+00   9.4069868e-02   1.0111479e-01   8.7261867e-02
   1.5850000e+00   1.0345766e-01   1.1099113e-01   9.6152507e-02
   1.5950000e+00   1.1047296e-01   1.1834046e-01   1.0282310e-01
   1.6050000e+00   1.1725862e-01   1.2545118e-01   1.0927673e-01
   1.6150000e+00   1.2391894e-01   1.3240822e-01   1.1563209e-01
   1.6250000e+00   1.2800857e-01   1.3667406e-01   1.1953902e-01
   1.6350000e+00   1.3221832e-01   1.4107571e-01   1.2355515e-01
   1.6450000e+00   1.3677996e-01   1.4581165e-01   1.2793036e-01
   1.6550000e+00   1.4208843e-01   1.5134131e-01   1.3301262e-01
   1.6650000e+00   1.4819778e-01   1.5765378e-01   1.3890630e-01
   1.6750000e+00   1.5504639e-01   1.6477039e-01   1.4547617e-01
   1.6850000e+00   1.6164428e-01   1.7159560e-01   1.5183831e-01
   1.6950000e+00   1.6786633e-01   1.7799631e-01   1.5786703e-01
   1.7050000e+00   1.7437727e-01   1.8475865e-01   1.6412092e-01
   1.7150000e+00   1.8070380e-01   1.9124635e-01   1.7026913e-01
   1.7250000e+00   1.8731606e-01   1.9806113e-01   1.7667185e-01
   1.7350000e+00   1.9310376e-01   2.0400394e-01   1.8228785e-01
   1.7450000e+00   1.9743980e-01   2.0844389e-01   1.8651703e-01
   1.7550000e+00   2.0230615e-01   2.1345142e-01   1.9122634e-01
   1.7650000e+00   2.0633640e-01   2.1756864e-01   1.9516175e-01
   1.7750000e+00   2.0971268e-01   2.2102975e-01   1.9844896e-01
   1.7850000e+00   2.1299911e-01   2.2437975e-01   2.0167019e-01
   1.7950000e+00   2.1687823e-01   2.2837462e-01   2.0541998e-01
   1.8050000e+00   2.2083383e-01   2.3241516e-01   2.0928859e-01
   1.8150000e+00   2.2561709e-01   2.3730864e-01   2.1394936e-01
   1.8250000e+00   2.3040222e-01   2.4219463e-01   2.1863014e-01
   1.8350000e+00   2.3269299e-01   2.4450968e-01   2.2088825e-01
   1.8450000e+00   2.3120409e-01   2.4301026e-01   2.1941751e-01
   1.8550000e+00   2.2587636e-01   2.3754840e-01   2.1423211e-01
   1.8650000e+00   2.1095970e-01   2.2235462e-01   1.9961487e-01
   1.8750000e+00   1.8327411e-01   1.9390850e-01   1.7274000e-01
   1.8850000e+00   1.5440246e-01   1.6412360e-01   1.4484185e-01
   1.8950000e+00   1.2279380e-01   1.3128407e-01   1.1451324e-01
   1.9050000e+00   9.4633389e-02   1.0174232e-01   8.7766411e-02
   1.9150000e+00   6.7617032e-02   7.3117646e-02   6.2365669e-02
   1.9250000e+00   5.1265711e-02   5.5609253e-02   4.7160068e-02
   1.9350000e+00   3.9321528e-02   4.2693782e-02   3.6166018e-02
   1.9450000e+00   3.2198131e-02   3.4921266e-02   2.9671225e-02
   1.9550000e+00   2.7895859e-02   3.0193527e-02   2.5778318e-02
   1.9650000e+00   2.5281163e-02   2.7302951e-02   2.3427405e-02
   1.9750000e+00   2.3931180e-02   2.5805631e-02   2.2217847e-02
   1.9850000e+00   2.3279471e-02   2.5082202e-02   2.1634436e-02
   1.9950000e+00   2.3193848e-02   2.4988681e-02   2.1556175e-02
   2.0050000e+00   2.3446538e-02   2.5271996e-02   2.1779731e-02
   2.0150000e+00   2.4071397e-02   2.5969571e-02   2.2335479e-02
   2.0250000e+00   2.4852993e-02   2.6839822e-02   2.3032473e-02
   2.0350000e+00   2.5813819e-02   2.7906694e-02   2.3892253e-02
   2.0450000e+00   2.7175719e-02   2.9415849e-02   2.5113389e-02
   2.0550000e+00   2.9216740e-02   3.1666887e-02   2.6952743e-02
   2.0650000e+00   3.1816774e-02   3.4524599e-02   2.9304862e-02
   2.0750000e+00   3.5533077e-02   3.8591292e-02   3.2682792e-02
   2.0850000e+00   4.0232911e-02   4.3708543e-02   3.6976686e-02
   2.0950000e+00   4.6402357e-02   5.0388755e-02   4.2647678e-02
   2.1050000e+00   5.4594075e-02   5.9214561e-02   5.0217018e-02
   2.1150000e+00   6.2945544e-02   6.8162794e-02   5.7977562e-02
   2.1250000e+00   7.3843855e-02   7.9775199e-02   6.8164640e-02
   2.1350000e+00   8.5739989e-02   9.2396144e-02   7.9333986e-02
   2.1450000e+00   9.7708803e-02   1.0501038e-01   9.0648266e-02
   2.1550000e+00   1.1000228e-01   1.1792586e-01   1.0230889e-01
   2.1650000e+00   1.2167928e-01   1.3014258e-01   1.1343275e-01
   2.1750000e+00   1.3336074e-01   1.4233030e-01   1.2458750e-01
   2.1850000e+00   1.4383828e-01   1.5320152e-01   1.3465764e-01
   2.1950000e+00   1.5373795e-01   1.6348954e-01   1.4415529e-01
   2.2050000e+00   1.6197532e-01   1.7202113e-01   1.5208463e-01
   2.2150000e+00   1.7111569e-01   1.8142284e-01   1.6093926e-01
   2.2250000e+00   1.7892518e-01   1.8947598e-01   1.6848708e-01
   2.2350000e+00   1.8537420e-01   1.9613413e-01   1.7472652e-01
   2.2450000e+00   1.8959839e-01   2.0049404e-01   1.7880944e-01
   2.2550000e+00   1.8765469e-01   1.9849580e-01   1.7692501e-01
   2.2650000e+00   1.8369782e-01   1.9441323e-01   1.7309330e-01
   2.2750000e+00   1.7520781e-01   1.8567468e-01   1.6487794e-01
   2.2850000e+00   1.6524958e-01   1.7536386e-01   1.5527402e-01
   2.2950000e+00   1.5339363e-01   1.6309707e-01   1.4384893e-01
   2.3050000e+00   1.4068363e-01   1.4994883e-01   1.3160666e-01
   2.3150000e+00   1.2863744e-01   1.3738053e-01   1.2010259e-01
   2.3250000e+00   1.1797703e-01   1.2630551e-01   1.0986923e-01
   2.3350000e+00   1.0840831e-01   1.1630299e-01   1.0075368e-01
   2.3450000e+00   1.0010655e-01   1.0756922e-01   9.2887472e-02
   2.3550000e+00   9.3345097e-02   1.0046610e-01   8.6478682e-02
   2.3650000e+00   8.8289227e-02   9.5130456e-02   8.1696920e-02
   2.3750000e+00   8.4012119e-02   9.0591030e-02   7.7683897e-02
   2.3850000e+00   8.0944513e-02   8.7353289e-02   7.4791068e-02
   2.3950000e+00   7.8290877e-02   8.4543911e-02   7.2293455e-02
   2.4050000e+00   7.5989546e-02   8.2109150e-02   7.0123618e-02
   2.4150000e+00   7.3841504e-02   7.9821521e-02   6.8119364e-02
   2.4250000e+00   7.2044326e-02   7.7917505e-02   6.6426387e-02
   2.4350000e+00   7.0069485e-02   7.5816447e-02   6.4574932e-02
   2.4450000e+00   6.7948047e-02   7.3557305e-02   6.2593573e-02
   2.4550000e+00   6.6103076e-02   7.1605175e-02   6.0850730e-02
   2.4650000e+00   6.4127010e-02   6.9499814e-02   5.9006815e-02
   2.4750000e+00   6.2377615e-02   6.7637011e-02   5.7372212e-02
   2.4850000e+00   6.0712743e-02   6.5859416e-02   5.5818478e-02
   2.4950000e+00   5.9076128e-02   6.4108318e-02   5.4292802e-02
   2.5050000e+00   5.7948247e-02   6.2907057e-02   5.3240211e-02
   2.5150000e+00   5.7259486e-02   6.2183143e-02   5.2586744e-02
   2.5250000e+00   5.6819975e-02   6.1706961e-02   5.2179954e-02
   2.5350000e+00   5.6817645e-02   6.1722367e-02   5.2163839e-02
   2.5450000e+00   5.6627790e-02   6.1506490e-02   5.1998528e-02
   2.5550000e+00   5.6908668e-02   6.1786375e-02   5.2273560e-02
   2.5650000e+00   5.7658473e-02   6.2598424e-02   5.2962981e-02
   2.5750000e+00   5.7758961e-02   6.2733387e-02   5.3038003e-02
   2.5850000e+00   5.7668291e-02   6.2631297e-02   5.2951114e-02
   2.5950000e+00   5.6580224e-02   6.1445894e-02   5.1956161e-02
   2.6050000e+00   5.4790259e-02   5.9545698e-02   5.0277651e-02
   2.6150000e+00   5.2478463e-02   5.7091243e-02   4.8112042e-02
   2.6250000e+00   4.7802292e-02   5.2064556e-02   4.3776469e-02
   2.6350000e+00   4.1748770e-02   4.5547270e-02   3.8174555e-02
   2.6450000e+00   3.6848343e-02   4.0256635e-02   3.3652560e-02
   2.6550000e+00   3.2781065e-02   3.5852196e-02   2.9912413e-02
   2.6650000e+00   2.9417977e-02   3.2201310e-02   2.6825707e-02
   2.6750000e+00   2.6542129e-02   2.9071164e-02   2.4193798e-02
   2.6850000e+00   1.8953986e-02   2.0746335e-02   1.7306504e-02
   2.6950000e+00   1.4552781e-02   1.5885336e-02   1.3339661e-02
   2.7050000e+00   1.1742113e-02   1.2764070e-02   1.0820061e-02
   2.7150000e+00   9.8184556e-03   1.0619707e-02   9.1016515e-03
   2.7250000e+00   8.4307215e-03   9.0707822e-03   7.8627253e-03
   2.7350000e+00   5.8467871e-03   6.1306261e-03   5.6033258e-03
   2.7450000e+00   4.8035226e-03   4.9491731e-03   4.6819198e-03
   2.7550000e+00   4.1945825e-03   4.2781348e-03   4.1260544e-03
   2.7650000e+00   3.7434576e-03   3.7964347e-03   3.7003398e-03
   2.7750000e+00   3.3626464e-03   3.3995543e-03   3.3325701e-03
   2.7850000e+00   2.9351736e-03   2.9567354e-03   2.9172349e-03
   2.7950000e+00   2.5424255e-03   2.5580280e-03   2.5290373e-03
   2.8050000e+00   2.2033903e-03   2.2174873e-03   2.1910849e-03
   2.8150000e+00   1.9168768e-03   1.9308198e-03   1.9045616e-03
   2.8250000e+00   1.7102309e-03   1.7235310e-03   1.6982299e-03
   2.8350000e+00   1.6428407e-03   1.6550734e-03   1.6315873e-03
   2.8450000e+00   1.8106951e-03   1.8220623e-03   1.8000970e-03
   2.8550000e+00   2.3194198e-03   2.3307055e-03   2.3088269e-03
   2.8650000e+00   3.2180160e-03   3.2298084e-03   3.2069253e-03
   2.8750000e+00   4.8353839e-03   4.8477962e-03   4.8237239e-03
   2.8850000e+00   6.9489558e-03   6.9615335e-03   6.9371760e-03
   2.8950000e+00   9.6702308e-03   9.6821445e-03   9.6591298e-03
   2.9050000e+00   1.2481541e-02   1.2492016e-02   1.2471853e-02
   2.9150000e+00   1.5383058e-02   1.5391531e-02   1.5375315e-02
   2.9250000e+00   1.7696509e-02   1.7702738e-02   1.7690931e-02
   2.9350000e+00   1.9959950e-02   1.9963864e-02   1.9956603e-02
   2.9450000e+00   2.1452186e-02   2.1454259e-02   2.1450610e-02
   2.9550000e+00   2.3075427e-02   2.3075583e-02   2.3075696e-02
   2.9650000e+00   2.4801163e-02   2.4799332e-02   2.4803345e-02
   2.9750000e+00   2.6790486e-02   2.6786390e-02   2.6794846e-02
   2.9850000e+00   2.8891383e-02   2.8884866e-02   2.8898073e-02
   2.9950000e+00   3.1481238e-02   3.1471615e-02   3.1490913e-02
   3.0050000e+00   3.4161944e-02   3.4148989e-02   3.4174821e-02
   3.0150000e+00   3.6990154e-02   3.6973406e-02   3.7006674e-02
   3.0250000e+00   3.9869981e-02   3.9849149e-02   3.9890426e-02
   3.0350000e+00   4.2816723e-02   4.2791422e-02   4.2841459e-02
   3.0450000e+00   4.5734328e-02   4.5704188e-02   4.5763715e-02
   3.0550000e+00   4.8740353e-02   4.8704904e-02   4.8774845e-02
   3.0650000e+00   5.0044452e-02   5.0005494e-02   5.0082328e-02
   3.0750000e+00   5.1012756e-02   5.0970745e-02   5.1053583e-02
   3.0850000e+00   5.0546154e-02   5.0503260e-02   5.0587849e-02
   3.0950000e+00   5.0140204e-02   5.0096580e-02   5.0182619e-02
   3.1050000e+00   4.8909907e-02   4.8867102e-02   4.8951551e-02
   3.1150000e+00   4.7919700e-02   4.7877542e-02   4.7960737e-02
   3.1250000e+00   4.7190482e-02   4.7148853e-02   4.7231021e-02
   3.1350000e+00   4.6670392e-02   4.6629068e-02   4.6710649e-02
   3.1450000e+00   4.6065832e-02   4.6025015e-02   4.6105609e-02
   3.1550000e+00   4.5656342e-02   4.5615817e-02   4.5695849e-02
   3.1650000e+00   4.4748408e-02   4.4708972e-02   4.4786875e-02
   3.1750000e+00   4.4046586e-02   4.4007995e-02   4.4084245e-02
   3.1850000e+00   4.2761592e-02   4.2724758e-02   4.2797563e-02
   3.1950000e+00   4.1655901e-02   4.1620597e-02   4.1690401e-02
   3.2050000e+00   4.0256406e-02   4.0223077e-02   4.0289004e-02
   3.2150000e+00   3.8966821e-02   3.8935320e-02   3.8997659e-02
   3.2250000e+00   3.7826502e-02   3.7796602e-02   3.7855796e-02
   3.2350000e+00   3.6735315e-02   3.6706951e-02   3.6763128e-02
   3.2450000e+00   3.5849758e-02   3.5822633e-02   3.5876378e-02
   3.2550000e+00   3.5013924e-02   3.4987969e-02   3.5039415e-02
   3.2650000e+00   3.4074856e-02   3.4050218e-02   3.4099078e-02
   3.2750000e+00   3.3134775e-02   3.3111457e-02   3.3157724e-02
   3.2850000e+00   3.2318687e-02   3.2296501e-02   3.2340545e-02
   3.2950000e+00   3.1576056e-02   3.1554888e-02   3.1596930e-02
   3.3050000e+00   3.0907688e-02   3.0887440e-02   3.0927677e-02
   3.3150000e+00   3.0314621e-02   3.0295191e-02   3.0333820e-02
   3.3250000e+00   2.9736900e-02   2.9718268e-02   2.9755331e-02
   3.3350000e+00   2.9179275e-02   2.9161411e-02   2.9196966e-02
   3.3450000e+00   2.8629189e-02   2.8612084e-02   2.8646149e-02
   3.3550000e+00   2.8100231e-02   2.8083854e-02   2.8116489e-02
   3.3650000e+00   2.7577163e-02   2.7561510e-02   2.7592724e-02
   3.3750000e+00   2.7087690e-02   2.7072714e-02   2.7102602e-02
   3.3850000e+00   2.6608803e-02   2.6594499e-02   2.6623075e-02
   3.3950000e+00   2.6163110e-02   2.6149445e-02   2.6176776e-02
   3.4050000e+00   2.5749615e-02   2.5736571e-02   2.5762705e-02
   3.4150000e+00   2.5347626e-02   2.5335240e-02   2.5360120e-02
   3.4250000e+00   2.4984452e-02   2.4972747e-02   2.4996353e-02
   3.4350000e+00   2.4623260e-02   2.4612402e-02   2.4634460e-02
   3.4450000e+00   2.4291528e-02   2.4281669e-02   2.4301934e-02
   3.4550000e+00   2.3964916e-02   2.3956456e-02   2.3974255e-02
   3.4650000e+00   2.3656585e-02   2.3650042e-02   2.3664496e-02
   3.4750000e+00   2.3366755e-02   2.3362834e-02   2.3372728e-02
   3.4850000e+00   2.3083310e-02   2.3083350e-02   2.3086362e-02
   3.4950000e+00   2.2823887e-02   2.2828656e-02   2.2823417e-02
   3.5050000e+00   2.2570849e-02   2.2582522e-02   2.2565189e-02
   3.5150000e+00   2.2341614e-02   2.2362045e-02   2.2329288e-02
   3.5250000e+00   2.2131943e-02   2.2163448e-02   2.2111075e-02
   3.5350000e+00   2.1937550e-02   2.1984100e-02   2.1904919e-02
   3.5450000e+00   2.1767362e-02   2.1829755e-02   2.1722165e-02
   3.5550000e+00   2.1614536e-02   2.1697528e-02   2.1552804e-02
   3.5650000e+00   2.1485391e-02   2.1588936e-02   2.1406965e-02
   3.5750000e+00   2.1371631e-02   2.1495315e-02   2.1276672e-02
   3.5850000e+00   2.1274070e-02   2.1421780e-02   2.1159236e-02
   3.5950000e+00   2.1197147e-02   2.1373501e-02   2.1058366e-02
   3.6050000e+00   2.1145621e-02   2.1356121e-02   2.0978052e-02
   3.6150000e+00   2.1127477e-02   2.1379101e-02   2.0924917e-02
   3.6250000e+00   2.1140196e-02   2.1437255e-02   2.0898573e-02
   3.6350000e+00   2.1081168e-02   2.1395266e-02   2.0824810e-02
   3.6450000e+00   2.1028554e-02   2.1360857e-02   2.0756363e-02
   3.6550000e+00   2.0979781e-02   2.1330608e-02   2.0691401e-02
   3.6650000e+00   2.0939053e-02   2.1310301e-02   2.0632891e-02
   3.6750000e+00   2.0903477e-02   2.1295457e-02   2.0579079e-02
   3.6850000e+00   2.0876152e-02   2.1290492e-02   2.0532078e-02
   3.6950000e+00   2.0855437e-02   2.1293194e-02   2.0490746e-02
   3.7050000e+00   2.0843714e-02   2.1306043e-02   2.0457201e-02
   3.7150000e+00   2.0840183e-02   2.1328414e-02   2.0430668e-02
   3.7250000e+00   2.0847540e-02   2.1363698e-02   2.0413228e-02
   3.7350000e+00   2.0808759e-02   2.1341338e-02   2.0359676e-02
   3.7450000e+00   2.0652320e-02   2.1175141e-02   2.0211869e-02
   3.7550000e+00   2.0496398e-02   2.1009587e-02   2.0064480e-02
   3.7650000e+00   2.0341627e-02   2.0844916e-02   1.9918345e-02
   3.7750000e+00   2.0188913e-02   2.0682947e-02   1.9773788e-02
   3.7850000e+00   1.9971107e-02   2.0438439e-02   1.9579652e-02
   3.7950000e+00   1.9762019e-02   2.0203505e-02   1.9393282e-02
   3.8050000e+00   1.9564938e-02   1.9982999e-02   1.9216784e-02
   3.8150000e+00   1.9375336e-02   1.9771251e-02   1.9046626e-02
   3.8250000e+00   1.9195396e-02   1.9570760e-02   1.8884592e-02
   3.8350000e+00   1.9021049e-02   1.9376734e-02   1.8727361e-02
   3.8450000e+00   1.8854896e-02   1.9192737e-02   1.8576748e-02
   3.8550000e+00   1.8691453e-02   1.9007656e-02   1.8432052e-02
   3.8650000e+00   1.8535702e-02   1.8830576e-02   1.8294707e-02
   3.8750000e+00   1.8389831e-02   1.8665422e-02   1.8165438e-02
   3.8850000e+00   1.8251100e-02   1.8508770e-02   1.8042077e-02
   3.8950000e+00   1.8119830e-02   1.8361000e-02   1.7924874e-02
   3.9050000e+00   1.7994136e-02   1.8219934e-02   1.7812257e-02
   3.9150000e+00   1.7874574e-02   1.8086377e-02   1.7704574e-02
   3.9250000e+00   1.7760097e-02   1.7958937e-02   1.7601048e-02
   3.9350000e+00   1.7649562e-02   1.7836232e-02   1.7500757e-02
   3.9450000e+00   1.7543639e-02   1.7719197e-02   1.7404160e-02
   3.9550000e+00   1.7441065e-02   1.7606236e-02   1.7310273e-02
   3.9650000e+00   1.7342039e-02   1.7497580e-02   1.7219255e-02
   3.9750000e+00   1.7253012e-02   1.7398532e-02   1.7138556e-02
   3.9850000e+00   1.7172529e-02   1.7308218e-02   1.7066219e-02
   3.9950000e+00   1.7095541e-02   1.7222227e-02   1.6996659e-02
   4.0050000e+00   1.7021347e-02   1.7139680e-02   1.6929330e-02
   4.0150000e+00   1.6949915e-02   1.7060579e-02   1.6864179e-02
   4.0250000e+00   1.6880937e-02   1.6984545e-02   1.6800958e-02
   4.0350000e+00   1.6814069e-02   1.6911128e-02   1.6739407e-02
   4.0450000e+00   1.6749202e-02   1.6840219e-02   1.6679427e-02
   4.0550000e+00   1.6686055e-02   1.6771490e-02   1.6620784e-02
   4.0650000e+00   1.6624549e-02   1.6704834e-02   1.6563419e-02
   4.0750000e+00   1.6564522e-02   1.6640041e-02   1.6507209e-02
   4.0850000e+00   1.6505739e-02   1.6576824e-02   1.6451964e-02
   4.0950000e+00   1.6448185e-02   1.6515174e-02   1.6397670e-02
   4.1050000e+00   1.6398204e-02   1.6461313e-02   1.6350766e-02
   4.1150000e+00   1.6353536e-02   1.6412980e-02   1.6308993e-02
   4.1250000e+00   1.6309818e-02   1.6365865e-02   1.6267950e-02
   4.1350000e+00   1.6266952e-02   1.6319852e-02   1.6227556e-02
   4.1450000e+00   1.6224877e-02   1.6274855e-02   1.6187767e-02
   4.1550000e+00   1.6183520e-02   1.6230780e-02   1.6148529e-02
   4.1650000e+00   1.6142801e-02   1.6187528e-02   1.6109779e-02
   4.1750000e+00   1.6102683e-02   1.6145056e-02   1.6071485e-02
   4.1850000e+00   1.6063122e-02   1.6103302e-02   1.6033618e-02
   4.1950000e+00   1.6024050e-02   1.6062174e-02   1.5996126e-02
   4.2050000e+00   1.5985443e-02   1.6021647e-02   1.5958989e-02
   4.2150000e+00   1.5947271e-02   1.5981689e-02   1.5922181e-02
   4.2250000e+00   1.5909503e-02   1.5942258e-02   1.5885679e-02
   4.2350000e+00   1.5872104e-02   1.5903304e-02   1.5849460e-02
   4.2450000e+00   1.5840341e-02   1.5869268e-02   1.5819422e-02
   4.2550000e+00   1.5812973e-02   1.5839356e-02   1.5793982e-02
   4.2650000e+00   1.5786496e-02   1.5810618e-02   1.5769209e-02
   4.2750000e+00   1.5760792e-02   1.5782896e-02   1.5745015e-02
   4.2850000e+00   1.5735765e-02   1.5756066e-02   1.5721330e-02
   4.2950000e+00   1.5711338e-02   1.5730030e-02   1.5698095e-02
   4.3050000e+00   1.5687446e-02   1.5704702e-02   1.5675260e-02
   4.3150000e+00   1.5664029e-02   1.5680001e-02   1.5652783e-02
   4.3250000e+00   1.5641033e-02   1.5655855e-02   1.5630624e-02
   4.3350000e+00   1.5618413e-02   1.5632203e-02   1.5608751e-02
   4.3450000e+00   1.5596133e-02   1.5608997e-02   1.5587137e-02
   4.3550000e+00   1.5584762e-02   1.5596603e-02   1.5576503e-02
   4.3650000e+00   1.5578341e-02   1.5589203e-02   1.5570785e-02
   4.3750000e+00   1.5572301e-02   1.5582304e-02   1.5565360e-02
   4.3850000e+00   1.5566602e-02   1.5575848e-02   1.5560198e-02
   4.3950000e+00   1.5576607e-02   1.5585201e-02   1.5570669e-02
   4.4050000e+00   1.5590702e-02   1.5598716e-02   1.5585177e-02
   4.4150000e+00   1.5605011e-02   1.5612506e-02   1.5599855e-02
   4.4250000e+00   1.5619516e-02   1.5626546e-02   1.5614691e-02
   4.4350000e+00   1.5634203e-02   1.5640814e-02   1.5629674e-02
   4.4450000e+00   1.5650913e-02   1.5657164e-02   1.5646639e-02
   4.4550000e+00   1.5684426e-02   1.5690483e-02   1.5680297e-02
   4.4650000e+00   1.5717983e-02   1.5723854e-02   1.5713993e-02
   4.4750000e+00   1.5751584e-02   1.5757276e-02   1.5747728e-02
   4.4850000e+00   1.5785226e-02   1.5790747e-02   1.5781499e-02
   4.4950000e+00   1.5818910e-02   1.5824265e-02   1.5815308e-02
   4.5050000e+00   1.5852634e-02   1.5857831e-02   1.5849151e-02
   4.5150000e+00   1.5893280e-02   1.5898586e-02   1.5889734e-02
   4.5250000e+00   1.5933973e-02   1.5939396e-02   1.5930360e-02
   4.5350000e+00   1.5974715e-02   1.5980262e-02   1.5971029e-02
   4.5450000e+00   1.6015506e-02   1.6021185e-02   1.6011741e-02
   4.5550000e+00   1.6054606e-02   1.6060667e-02   1.6050589e-02
   4.5650000e+00   1.6086208e-02   1.6092773e-02   1.6081845e-02
   4.5750000e+00   1.6110768e-02   1.6117916e-02   1.6106001e-02
   4.5850000e+00   1.6117244e-02   1.6125118e-02   1.6111961e-02
   4.5950000e+00   1.6105703e-02   1.6114473e-02   1.6099773e-02
   4.6050000e+00   1.6094571e-02   1.6104368e-02   1.6087898e-02
   4.6150000e+00   1.6083907e-02   1.6094880e-02   1.6076377e-02
   4.6250000e+00   1.6073780e-02   1.6086105e-02   1.6065261e-02
   4.6350000e+00   1.6064274e-02   1.6078158e-02   1.6054610e-02
   4.6450000e+00   1.6055492e-02   1.6071176e-02   1.6044499e-02
   4.6550000e+00   1.6047557e-02   1.6065322e-02   1.6035017e-02
   4.6650000e+00   1.6040615e-02   1.6060793e-02   1.6026273e-02
   4.6750000e+00   1.6034847e-02   1.6057825e-02   1.6018402e-02
   4.6850000e+00   1.6030476e-02   1.6056709e-02   1.6011568e-02
   4.6950000e+00   1.6027772e-02   1.6057798e-02   1.6005977e-02
   4.7050000e+00   1.6027067e-02   1.6061520e-02   1.6001879e-02
   4.7150000e+00   1.6028766e-02   1.6068391e-02   1.5999586e-02
   4.7250000e+00   1.6016603e-02   1.6060410e-02   1.5984168e-02
   4.7350000e+00   1.5994576e-02   1.6041708e-02   1.5959536e-02
   4.7450000e+00   1.5973478e-02   1.6024209e-02   1.5935609e-02
   4.7550000e+00   1.5953401e-02   1.6008030e-02   1.5912460e-02
   4.7650000e+00   1.5934438e-02   1.5993278e-02   1.5890164e-02
   4.7750000e+00   1.5916696e-02   1.5980087e-02   1.5868808e-02
   4.7850000e+00   1.5900299e-02   1.5968613e-02   1.5848486e-02
   4.7950000e+00   1.5885408e-02   1.5959058e-02   1.5829326e-02
   4.8050000e+00   1.5872176e-02   1.5951604e-02   1.5811453e-02
   4.8150000e+00   1.5860736e-02   1.5946400e-02   1.5794980e-02
   4.8250000e+00   1.5851275e-02   1.5943677e-02   1.5780058e-02
   4.8350000e+00   1.5844060e-02   1.5943776e-02   1.5766896e-02
   4.8450000e+00   1.5839361e-02   1.5947034e-02   1.5755701e-02
   4.8550000e+00   1.5837437e-02   1.5953752e-02   1.5746695e-02
   4.8650000e+00   1.5838565e-02   1.5964246e-02   1.5740114e-02
   4.8750000e+00   1.5843079e-02   1.5978915e-02   1.5736234e-02
   4.8850000e+00   1.5851344e-02   1.5998214e-02   1.5735341e-02
   4.8950000e+00   1.5863915e-02   1.6022811e-02   1.5737895e-02
   4.9050000e+00   1.5877899e-02   1.6049066e-02   1.5741608e-02
   4.9150000e+00   1.5864190e-02   1.6040883e-02   1.5723246e-02
   4.9250000e+00   1.5851234e-02   1.6033578e-02   1.5705518e-02
   4.9350000e+00   1.5839199e-02   1.6027409e-02   1.5688525e-02
   4.9450000e+00   1.5828164e-02   1.6022486e-02   1.5672328e-02
   4.9550000e+00   1.5818085e-02   1.6018710e-02   1.5656914e-02
   4.9650000e+00   1.5808959e-02   1.6016047e-02   1.5642302e-02
   4.9750000e+00   1.5800771e-02   1.6014494e-02   1.5628471e-02
   4.9850000e+00   1.5793584e-02   1.6014174e-02   1.5615445e-02
   4.9950000e+00   1.5787697e-02   1.6015433e-02   1.5603473e-02
