   3.0500000e-01   8.9687402e-01   9.0962636e-01   8.8304922e-01
   3.1500000e-01   8.9640039e-01   9.0920674e-01   8.8254335e-01
   3.2500000e-01   8.9596728e-01   9.0884079e-01   8.8203812e-01
   3.3500000e-01   8.9558908e-01   9.0849194e-01   8.8162246e-01
   3.4500000e-01   8.9516416e-01   9.0812934e-01   8.8113376e-01
   3.5500000e-01   8.9471056e-01   9.0770958e-01   8.8065240e-01
   3.6500000e-01   8.9452759e-01   9.0756220e-01   8.8042501e-01
   3.7500000e-01   8.9418996e-01   9.0724897e-01   8.8007074e-01
   3.8500000e-01   8.9388536e-01   9.0697016e-01   8.7973782e-01
   3.9500000e-01   8.9360404e-01   9.0672935e-01   8.7941546e-01
   4.0500000e-01   8.9341316e-01   9.0656496e-01   8.7919334e-01
   4.1500000e-01   8.9316407e-01   9.0635713e-01   8.7890640e-01
   4.2500000e-01   8.9302499e-01   9.0623560e-01   8.7874796e-01
   4.3500000e-01   8.9289386e-01   9.0612374e-01   8.7859263e-01
   4.4500000e-01   8.9271460e-01   9.0596024e-01   8.7839966e-01
   4.5500000e-01   8.9251274e-01   9.0579531e-01   8.7816451e-01
   4.6500000e-01   8.9234017e-01   9.0561663e-01   8.7799900e-01
   4.7500000e-01   8.9225383e-01   9.0556610e-01   8.7787027e-01
   4.8500000e-01   8.9219198e-01   9.0550619e-01   8.7780754e-01
   4.9500000e-01   8.9196687e-01   9.0531167e-01   8.7755091e-01
   5.0500000e-01   8.9175388e-01   9.0510685e-01   8.7733592e-01
   5.1500000e-01   8.9167593e-01   9.0503539e-01   8.7723955e-01
   5.2500000e-01   8.9152780e-01   9.0489015e-01   8.7707688e-01
   5.3500000e-01   8.9122534e-01   9.0461004e-01   8.7678574e-01
   5.4500000e-01   8.9100765e-01   9.0444303e-01   8.7650389e-01
   5.5500000e-01   8.9070030e-01   9.0413562e-01   8.7620719e-01
   5.6500000e-01   8.9068436e-01   9.0414286e-01   8.7616136e-01
   5.7500000e-01   8.9036961e-01   9.0380579e-01   8.7587130e-01
   5.8500000e-01   8.9023549e-01   9.0372036e-01   8.7566523e-01
   5.9500000e-01   8.9006893e-01   9.0355892e-01   8.7550360e-01
   6.0500000e-01   8.8960999e-01   9.0306302e-01   8.7508734e-01
   6.1500000e-01   8.8916512e-01   9.0267384e-01   8.7458569e-01
   6.2500000e-01   8.8876348e-01   9.0226108e-01   8.7418193e-01
   6.3500000e-01   8.8836544e-01   9.0187392e-01   8.7378974e-01
   6.4500000e-01   8.8771658e-01   9.0123794e-01   8.7314641e-01
   6.5500000e-01   8.8721032e-01   9.0069103e-01   8.7265161e-01
   6.6500000e-01   8.8676997e-01   9.0029845e-01   8.7216845e-01
   6.7500000e-01   8.8627663e-01   8.9985180e-01   8.7163090e-01
   6.8500000e-01   8.8599572e-01   8.9948037e-01   8.7139659e-01
   6.9500000e-01   8.8471197e-01   8.9826427e-01   8.7009349e-01
   7.0500000e-01   8.8390481e-01   8.9746390e-01   8.6926996e-01
   7.1500000e-01   8.8270941e-01   8.9632701e-01   8.6800766e-01
   7.2500000e-01   8.8200913e-01   8.9560277e-01   8.6732272e-01
   7.3500000e-01   8.8104763e-01   8.9465686e-01   8.6639364e-01
   7.4500000e-01   8.7941607e-01   8.9303728e-01   8.6474948e-01
   7.5500000e-01   8.7752907e-01   8.9111394e-01   8.6286297e-01
   7.6500000e-01   8.7514234e-01   8.8878762e-01   8.6044644e-01
   7.7500000e-01   8.7241410e-01   8.8611845e-01   8.5764629e-01
   7.8500000e-01   8.6962934e-01   8.8330304e-01   8.5486819e-01
   7.9500000e-01   8.6689228e-01   8.8068375e-01   8.5205985e-01
   8.0500000e-01   8.6478561e-01   8.7854391e-01   8.4999198e-01
   8.1500000e-01   8.6494841e-01   8.7873783e-01   8.5011572e-01
   8.2500000e-01   8.6456760e-01   8.7829443e-01   8.4974352e-01
   8.3500000e-01   8.6352141e-01   8.7717136e-01   8.4882638e-01
   8.4500000e-01   8.6057206e-01   8.7402550e-01   8.4602265e-01
   8.5500000e-01   8.5683950e-01   8.7076626e-01   8.4184198e-01
   8.6500000e-01   8.5077680e-01   8.6482516e-01   8.3564756e-01
   8.7500000e-01   8.4259317e-01   8.5681888e-01   8.2732579e-01
   8.8500000e-01   8.3445854e-01   8.4870035e-01   8.1911296e-01
   8.9500000e-01   8.2884122e-01   8.4317127e-01   8.1349882e-01
   9.0500000e-01   8.2574579e-01   8.4021261e-01   8.1037252e-01
   9.1500000e-01   8.2385811e-01   8.3842876e-01   8.0825296e-01
   9.2500000e-01   8.2014121e-01   8.3486499e-01   8.0446091e-01
   9.3500000e-01   8.1611682e-01   8.3084432e-01   8.0042907e-01
   9.4500000e-01   8.1105516e-01   8.2596761e-01   7.9524179e-01
   9.5500000e-01   8.0135113e-01   8.1652811e-01   7.8518432e-01
   9.6500000e-01   7.8582508e-01   8.0168005e-01   7.6917540e-01
   9.7500000e-01   7.6980007e-01   7.8612989e-01   7.5268204e-01
   9.8500000e-01   7.5393840e-01   7.7061916e-01   7.3638939e-01
   9.9500000e-01   7.3535871e-01   7.5295223e-01   7.1718464e-01
   1.0050000e+00   7.1515238e-01   7.3352192e-01   6.9600061e-01
   1.0150000e+00   6.9696294e-01   7.1647681e-01   6.7697207e-01
   1.0250000e+00   6.8901781e-01   7.0852750e-01   6.6889454e-01
   1.0350000e+00   6.8864694e-01   7.0843105e-01   6.6826462e-01
   1.0450000e+00   6.9331131e-01   7.1287739e-01   6.7328798e-01
   1.0550000e+00   7.0494088e-01   7.2387315e-01   6.8545798e-01
   1.0650000e+00   7.1686747e-01   7.3522510e-01   6.9779245e-01
   1.0750000e+00   7.2393712e-01   7.4219764e-01   7.0513559e-01
   1.0850000e+00   7.2854062e-01   7.4668949e-01   7.0974357e-01
   1.0950000e+00   7.3042965e-01   7.4847732e-01   7.1171831e-01
   1.1050000e+00   7.3046381e-01   7.4849209e-01   7.1171568e-01
   1.1150000e+00   7.2725925e-01   7.4544802e-01   7.0847963e-01
   1.1250000e+00   7.2027486e-01   7.3859033e-01   7.0127929e-01
   1.1350000e+00   7.0880270e-01   7.2773354e-01   6.8932906e-01
   1.1450000e+00   7.0326311e-01   7.2228828e-01   6.8360982e-01
   1.1550000e+00   6.8403532e-01   7.0386655e-01   6.6366689e-01
   1.1650000e+00   6.5316977e-01   6.7465385e-01   6.3127972e-01
   1.1750000e+00   6.2159529e-01   6.4399474e-01   5.9885917e-01
   1.1850000e+00   5.9363498e-01   6.1715292e-01   5.6984832e-01
   1.1950000e+00   5.6816726e-01   5.9255849e-01   5.4369757e-01
   1.2050000e+00   5.3680765e-01   5.6227979e-01   5.1131601e-01
   1.2150000e+00   5.0326008e-01   5.2942626e-01   4.7724585e-01
   1.2250000e+00   4.8309867e-01   5.0988190e-01   4.5657661e-01
   1.2350000e+00   4.6923424e-01   4.9611397e-01   4.4265985e-01
   1.2450000e+00   4.5914454e-01   4.8620888e-01   4.3241989e-01
   1.2550000e+00   4.5401629e-01   4.8121529e-01   4.2718329e-01
   1.2650000e+00   4.5128746e-01   4.7848644e-01   4.2446618e-01
   1.2750000e+00   4.5161231e-01   4.7879789e-01   4.2482971e-01
   1.2850000e+00   4.5517411e-01   4.8229862e-01   4.2840493e-01
   1.2950000e+00   4.5695118e-01   4.8407961e-01   4.3019185e-01
   1.3050000e+00   4.5863991e-01   4.8573044e-01   4.3190881e-01
   1.3150000e+00   4.5996549e-01   4.8707523e-01   4.3321132e-01
   1.3250000e+00   4.6057430e-01   4.8767280e-01   4.3384495e-01
   1.3350000e+00   4.6040285e-01   4.8746792e-01   4.3367988e-01
   1.3450000e+00   4.5772795e-01   4.8491127e-01   4.3093209e-01
   1.3550000e+00   4.5371914e-01   4.8090493e-01   4.2689745e-01
   1.3650000e+00   4.4970494e-01   4.7693790e-01   4.2286850e-01
   1.3750000e+00   4.4110552e-01   4.6848033e-01   4.1423321e-01
   1.3850000e+00   4.2848190e-01   4.5597351e-01   4.0148230e-01
   1.3950000e+00   4.0960363e-01   4.3719084e-01   3.8264006e-01
   1.4050000e+00   3.4514896e-01   3.7260807e-01   3.1872357e-01
   1.4150000e+00   2.5448359e-01   2.8010798e-01   2.3044868e-01
   1.4250000e+00   1.7551717e-01   1.9722830e-01   1.5569657e-01
   1.4350000e+00   1.2255330e-01   1.4021791e-01   1.0683113e-01
   1.4450000e+00   8.9823790e-02   1.0417389e-01   7.7293782e-02
   1.4550000e+00   6.4569004e-02   7.5810457e-02   5.4943771e-02
   1.4650000e+00   4.7219760e-02   5.5967925e-02   3.9858067e-02
   1.4750000e+00   3.6283093e-02   4.3261664e-02   3.0495437e-02
   1.4850000e+00   3.0442479e-02   3.6386020e-02   2.5563814e-02
   1.4950000e+00   2.8364314e-02   3.3920034e-02   2.3822165e-02
   1.5050000e+00   2.9475859e-02   3.5237572e-02   2.4753812e-02
   1.5150000e+00   3.1066549e-02   3.7126451e-02   2.6086544e-02
   1.5250000e+00   3.2705171e-02   3.9059514e-02   2.7465992e-02
   1.5350000e+00   3.5037448e-02   4.1804916e-02   2.9437356e-02
   1.5450000e+00   3.7943944e-02   4.5214108e-02   3.1900506e-02
   1.5550000e+00   4.1253814e-02   4.9071998e-02   3.4725076e-02
   1.5650000e+00   4.5119616e-02   5.3551070e-02   3.8042790e-02
   1.5750000e+00   4.9903102e-02   5.9078124e-02   4.2158864e-02
   1.5850000e+00   5.5536489e-02   6.5541751e-02   4.7041258e-02
   1.5950000e+00   5.9826822e-02   7.0428155e-02   5.0783201e-02
   1.6050000e+00   6.4032670e-02   7.5221863e-02   5.4454852e-02
   1.6150000e+00   6.8221715e-02   7.9967495e-02   5.8133312e-02
   1.6250000e+00   7.0819271e-02   8.2903626e-02   6.0417279e-02
   1.6350000e+00   7.3511345e-02   8.5959526e-02   6.2784241e-02
   1.6450000e+00   7.6468385e-02   8.9276104e-02   6.5395298e-02
   1.6550000e+00   7.9926168e-02   9.3173765e-02   6.8450633e-02
   1.6650000e+00   8.3980049e-02   9.7671608e-02   7.2077981e-02
   1.6750000e+00   8.8549382e-02   1.0280413e-01   7.6125441e-02
   1.6850000e+00   9.3018993e-02   1.0777429e-01   8.0125208e-02
   1.6950000e+00   9.7299087e-02   1.1248397e-01   8.3983110e-02
   1.7050000e+00   1.0178663e-01   1.1751823e-01   8.7973862e-02
   1.7150000e+00   1.0624385e-01   1.2239466e-01   9.2009442e-02
   1.7250000e+00   1.1092584e-01   1.2756150e-01   9.6239118e-02
   1.7350000e+00   1.1508019e-01   1.3212157e-01   9.9986153e-02
   1.7450000e+00   1.1823194e-01   1.3554976e-01   1.0287576e-01
   1.7550000e+00   1.2175912e-01   1.3944221e-01   1.0603970e-01
   1.7650000e+00   1.2472849e-01   1.4266231e-01   1.0875944e-01
   1.7750000e+00   1.2722794e-01   1.4538952e-01   1.1103977e-01
   1.7850000e+00   1.2968166e-01   1.4803178e-01   1.1331195e-01
   1.7950000e+00   1.3254977e-01   1.5120394e-01   1.1587757e-01
   1.8050000e+00   1.3553511e-01   1.5443313e-01   1.1863203e-01
   1.8150000e+00   1.3915162e-01   1.5836973e-01   1.2192359e-01
   1.8250000e+00   1.4280073e-01   1.6231435e-01   1.2529172e-01
   1.8350000e+00   1.4457293e-01   1.6419646e-01   1.2693812e-01
   1.8450000e+00   1.4342033e-01   1.6297977e-01   1.2586217e-01
   1.8550000e+00   1.3936065e-01   1.5854741e-01   1.2216393e-01
   1.8650000e+00   1.2808425e-01   1.4640620e-01   1.1175508e-01
   1.8750000e+00   1.0801741e-01   1.2437892e-01   9.3580766e-02
   1.8850000e+00   8.8071211e-02   1.0229561e-01   7.5687869e-02
   1.8950000e+00   6.7445064e-02   7.9158226e-02   5.7404079e-02
   1.9050000e+00   5.0193005e-02   5.9453680e-02   4.2381874e-02
   1.9150000e+00   3.4632960e-02   4.1380695e-02   2.9052402e-02
   1.9250000e+00   2.5710708e-02   3.0829219e-02   2.1549588e-02
   1.9350000e+00   1.9450557e-02   2.3297854e-02   1.6378747e-02
   1.9450000e+00   1.5830739e-02   1.8871603e-02   1.3440109e-02
   1.9550000e+00   1.3689883e-02   1.6219000e-02   1.1727765e-02
   1.9650000e+00   1.2408043e-02   1.4612460e-02   1.0715126e-02
   1.9750000e+00   1.1751915e-02   1.3785028e-02   1.0200249e-02
   1.9850000e+00   1.1436223e-02   1.3386398e-02   9.9527983e-03
   1.9950000e+00   1.1393638e-02   1.3334720e-02   9.9175501e-03
   2.0050000e+00   1.1514143e-02   1.3490429e-02   1.0009050e-02
   2.0150000e+00   1.1814623e-02   1.3874770e-02   1.0240553e-02
   2.0250000e+00   1.2192224e-02   1.4355287e-02   1.0533199e-02
   2.0350000e+00   1.2659028e-02   1.4945691e-02   1.0897941e-02
   2.0450000e+00   1.3324061e-02   1.5783746e-02   1.1419616e-02
   2.0550000e+00   1.4330598e-02   1.7040104e-02   1.2217557e-02
   2.0650000e+00   1.5624892e-02   1.8644934e-02   1.3251773e-02
   2.0750000e+00   1.7497499e-02   2.0947597e-02   1.4762351e-02
   2.0850000e+00   1.9901418e-02   2.3876863e-02   1.6719970e-02
   2.0950000e+00   2.3115611e-02   2.7752728e-02   1.9368560e-02
   2.1050000e+00   2.7471304e-02   3.2960480e-02   2.2991317e-02
   2.1150000e+00   3.2014433e-02   3.8341109e-02   2.6805978e-02
   2.1250000e+00   3.8097256e-02   4.5474825e-02   3.1965912e-02
   2.1350000e+00   4.4915026e-02   5.3416403e-02   3.7791696e-02
   2.1450000e+00   5.1980060e-02   6.1547578e-02   4.3897473e-02
   2.1550000e+00   5.9429469e-02   7.0076741e-02   5.0371394e-02
   2.1650000e+00   6.6690025e-02   7.8328287e-02   5.6727633e-02
   2.1750000e+00   7.4118296e-02   8.6736786e-02   6.3249245e-02
   2.1850000e+00   8.0960340e-02   9.4388931e-02   6.9335246e-02
   2.1950000e+00   8.7519667e-02   1.0175660e-01   7.5151320e-02
   2.2050000e+00   9.3073962e-02   1.0795598e-01   8.0099840e-02
   2.2150000e+00   9.9376924e-02   1.1489589e-01   8.5767612e-02
   2.2250000e+00   1.0481610e-01   1.2091710e-01   9.0647568e-02
   2.2350000e+00   1.0935697e-01   1.2594272e-01   9.4750986e-02
   2.2450000e+00   1.1235310e-01   1.2926213e-01   9.7441035e-02
   2.2550000e+00   1.1096121e-01   1.2773011e-01   9.6189493e-02
   2.2650000e+00   1.0814906e-01   1.2462513e-01   9.3636628e-02
   2.2750000e+00   1.0217600e-01   1.1802911e-01   8.8280190e-02
   2.2850000e+00   9.5304952e-02   1.1037810e-01   8.2114677e-02
   2.2950000e+00   8.7266304e-02   1.0142728e-01   7.4937323e-02
   2.3050000e+00   7.8827751e-02   9.2031232e-02   6.7421084e-02
   2.3150000e+00   7.1069890e-02   8.3244619e-02   6.0609088e-02
   2.3250000e+00   6.4296531e-02   7.5660042e-02   5.4589747e-02
   2.3350000e+00   5.8376885e-02   6.8936455e-02   4.9417303e-02
   2.3450000e+00   5.3350958e-02   6.3165964e-02   4.5054411e-02
   2.3550000e+00   4.9308929e-02   5.8537046e-02   4.1552396e-02
   2.3650000e+00   4.6330321e-02   5.5107195e-02   3.8963149e-02
   2.3750000e+00   4.3850485e-02   5.2210907e-02   3.6849713e-02
   2.3850000e+00   4.2075459e-02   5.0161729e-02   3.5323410e-02
   2.3950000e+00   4.0551395e-02   4.8394447e-02   3.4014330e-02
   2.4050000e+00   3.9231447e-02   4.6869260e-02   3.2873262e-02
   2.4150000e+00   3.8020483e-02   4.5443099e-02   3.1855161e-02
   2.4250000e+00   3.6998638e-02   4.4260685e-02   3.0973128e-02
   2.4350000e+00   3.5887015e-02   4.2962118e-02   3.0021483e-02
   2.4450000e+00   3.4703195e-02   4.1571894e-02   2.9020511e-02
   2.4550000e+00   3.3663525e-02   4.0376031e-02   2.8114272e-02
   2.4650000e+00   3.2569635e-02   3.9090170e-02   2.7193229e-02
   2.4750000e+00   3.1603182e-02   3.7957469e-02   2.6374026e-02
   2.4850000e+00   3.0688445e-02   3.6881534e-02   2.5598699e-02
   2.4950000e+00   2.9792214e-02   3.5824970e-02   2.4837756e-02
   2.5050000e+00   2.9175652e-02   3.5101387e-02   2.4316753e-02
   2.5150000e+00   2.8791413e-02   3.4664923e-02   2.3980564e-02
   2.5250000e+00   2.8552463e-02   3.4377512e-02   2.3778086e-02
   2.5350000e+00   2.8539341e-02   3.4382663e-02   2.3755774e-02
   2.5450000e+00   2.8441435e-02   3.4250412e-02   2.3682875e-02
   2.5550000e+00   2.8599798e-02   3.4415043e-02   2.3822688e-02
   2.5650000e+00   2.8997274e-02   3.4896142e-02   2.4150173e-02
   2.5750000e+00   2.9035788e-02   3.4970311e-02   2.4172949e-02
   2.5850000e+00   2.8982705e-02   3.4907525e-02   2.4116696e-02
   2.5950000e+00   2.8401587e-02   3.4195024e-02   2.3640412e-02
   2.6050000e+00   2.7423859e-02   3.3058801e-02   2.2805240e-02
   2.6150000e+00   2.6168892e-02   3.1599060e-02   2.1737467e-02
   2.6250000e+00   2.3682026e-02   2.8642439e-02   1.9647513e-02
   2.6350000e+00   2.0505603e-02   2.4857869e-02   1.6987579e-02
   2.6450000e+00   1.7971495e-02   2.1825769e-02   1.4875227e-02
   2.6550000e+00   1.5896285e-02   1.9329049e-02   1.3155952e-02
   2.6650000e+00   1.4197717e-02   1.7279052e-02   1.1750858e-02
   2.6750000e+00   1.2759805e-02   1.5535428e-02   1.0567299e-02
   2.6850000e+00   9.0473716e-03   1.0966851e-02   7.5595835e-03
   2.6950000e+00   6.9402302e-03   8.3431511e-03   5.8734592e-03
   2.7050000e+00   5.6142950e-03   6.6763816e-03   4.8214895e-03
   2.7150000e+00   4.7156579e-03   5.5396900e-03   4.1113728e-03
   2.7250000e+00   4.0704573e-03   4.7229142e-03   3.6001235e-03
   2.7350000e+00   2.9042797e-03   3.1856315e-03   2.7156881e-03
   2.7450000e+00   2.4298116e-03   2.5714416e-03   2.3400215e-03
   2.7550000e+00   2.1424385e-03   2.2226919e-03   2.0932010e-03
   2.7650000e+00   1.9214240e-03   1.9720127e-03   1.8906325e-03
   2.7750000e+00   1.7300198e-03   1.7652488e-03   1.7082924e-03
   2.7850000e+00   1.5139341e-03   1.5347419e-03   1.5002639e-03
   2.7950000e+00   1.3117172e-03   1.3270334e-03   1.3008944e-03
   2.8050000e+00   1.1356788e-03   1.1496420e-03   1.1254931e-03
   2.8150000e+00   9.8652162e-04   1.0004143e-03   9.7623701e-04
   2.8250000e+00   8.7922377e-04   8.9263711e-04   8.6896505e-04
   2.8350000e+00   8.4463183e-04   8.5711222e-04   8.3476135e-04
   2.8450000e+00   9.3229230e-04   9.4399377e-04   9.2280460e-04
   2.8550000e+00   1.1971053e-03   1.2087944e-03   1.1875076e-03
   2.8650000e+00   1.6657096e-03   1.6779808e-03   1.6555988e-03
   2.8750000e+00   2.5130200e-03   2.5260062e-03   2.5023514e-03
   2.8850000e+00   3.6277348e-03   3.6409742e-03   3.6169309e-03
   2.8950000e+00   5.0752083e-03   5.0878395e-03   5.0650157e-03
   2.9050000e+00   6.5848552e-03   6.5960354e-03   6.5759793e-03
   2.9150000e+00   8.1579534e-03   8.1670461e-03   8.1509267e-03
   2.9250000e+00   9.4234561e-03   9.4301506e-03   9.4185201e-03
   2.9350000e+00   1.0670854e-02   1.0675035e-02   1.0668104e-02
   2.9450000e+00   1.1498532e-02   1.1500690e-02   1.1497533e-02
   2.9550000e+00   1.2403229e-02   1.2403260e-02   1.2404075e-02
   2.9650000e+00   1.3370060e-02   1.3367861e-02   1.3372839e-02
   2.9750000e+00   1.4490983e-02   1.4486214e-02   1.4495990e-02
   2.9850000e+00   1.5682297e-02   1.5674745e-02   1.5689713e-02
   2.9950000e+00   1.7161593e-02   1.7150426e-02   1.7172137e-02
   3.0050000e+00   1.8705196e-02   1.8690095e-02   1.8719141e-02
   3.0150000e+00   2.0347653e-02   2.0328016e-02   2.0365516e-02
   3.0250000e+00   2.2034661e-02   2.2010070e-02   2.2056801e-02
   3.0350000e+00   2.3776186e-02   2.3746108e-02   2.3803065e-02
   3.0450000e+00   2.5516038e-02   2.5479947e-02   2.5548109e-02
   3.0550000e+00   2.7324616e-02   2.7281849e-02   2.7362461e-02
   3.0650000e+00   2.8116788e-02   2.8069648e-02   2.8158430e-02
   3.0750000e+00   2.8708055e-02   2.8657109e-02   2.8753013e-02
   3.0850000e+00   2.8428510e-02   2.8376574e-02   2.8474359e-02
   3.0950000e+00   2.8185596e-02   2.8132845e-02   2.8232185e-02
   3.1050000e+00   2.7443535e-02   2.7391953e-02   2.7489143e-02
   3.1150000e+00   2.6848200e-02   2.6797537e-02   2.6893040e-02
   3.1250000e+00   2.6410695e-02   2.6360768e-02   2.6454917e-02
   3.1350000e+00   2.6099449e-02   2.6049960e-02   2.6143314e-02
   3.1450000e+00   2.5737839e-02   2.5689041e-02   2.5781125e-02
   3.1550000e+00   2.5493485e-02   2.5445091e-02   2.5536441e-02
   3.1650000e+00   2.4951329e-02   2.4904352e-02   2.4993070e-02
   3.1750000e+00   2.4533276e-02   2.4487395e-02   2.4574081e-02
   3.1850000e+00   2.3769183e-02   2.3725544e-02   2.3808049e-02
   3.1950000e+00   2.3113959e-02   2.3072260e-02   2.3151148e-02
   3.2050000e+00   2.2287333e-02   2.2248117e-02   2.2322366e-02
   3.2150000e+00   2.1528604e-02   2.1491668e-02   2.1561656e-02
   3.2250000e+00   2.0860025e-02   2.0825077e-02   2.0891349e-02
   3.2350000e+00   2.0222360e-02   2.0189305e-02   2.0252037e-02
   3.2450000e+00   1.9706380e-02   1.9674845e-02   1.9734737e-02
   3.2550000e+00   1.9220621e-02   1.9190516e-02   1.9247735e-02
   3.2650000e+00   1.8676303e-02   1.8647797e-02   1.8702024e-02
   3.2750000e+00   1.8132935e-02   1.8106026e-02   1.8157269e-02
   3.2850000e+00   1.7662489e-02   1.7636942e-02   1.7685638e-02
   3.2950000e+00   1.7235405e-02   1.7211078e-02   1.7257490e-02
   3.3050000e+00   1.6851860e-02   1.6828632e-02   1.6872991e-02
   3.3150000e+00   1.6512187e-02   1.6489932e-02   1.6532471e-02
   3.3250000e+00   1.6181897e-02   1.6160588e-02   1.6201359e-02
   3.3350000e+00   1.5863654e-02   1.5843252e-02   1.5882328e-02
   3.3450000e+00   1.5550251e-02   1.5530742e-02   1.5568147e-02
   3.3550000e+00   1.5249388e-02   1.5230734e-02   1.5266542e-02
   3.3650000e+00   1.4952360e-02   1.4934553e-02   1.4968780e-02
   3.3750000e+00   1.4674849e-02   1.4657830e-02   1.4690588e-02
   3.3850000e+00   1.4403747e-02   1.4387504e-02   1.4418819e-02
   3.3950000e+00   1.4151796e-02   1.4136287e-02   1.4166246e-02
   3.4050000e+00   1.3918353e-02   1.3903545e-02   1.3932220e-02
   3.4150000e+00   1.3691674e-02   1.3677596e-02   1.3704959e-02
   3.4250000e+00   1.3487095e-02   1.3473752e-02   1.3499828e-02
   3.4350000e+00   1.3283794e-02   1.3271335e-02   1.3295921e-02
   3.4450000e+00   1.3097185e-02   1.3085738e-02   1.3108675e-02
   3.4550000e+00   1.2913466e-02   1.2903399e-02   1.2924169e-02
   3.4650000e+00   1.2739935e-02   1.2731730e-02   1.2749652e-02
   3.4750000e+00   1.2576593e-02   1.2570915e-02   1.2585023e-02
   3.4850000e+00   1.2416339e-02   1.2414467e-02   1.2422871e-02
   3.4950000e+00   1.2269250e-02   1.2271940e-02   1.2273484e-02
   3.5050000e+00   1.2124775e-02   1.2134151e-02   1.2125605e-02
   3.5150000e+00   1.1992732e-02   1.2010640e-02   1.1989127e-02
   3.5250000e+00   1.1870475e-02   1.1899242e-02   1.1861082e-02
   3.5350000e+00   1.1754731e-02   1.1798356e-02   1.1737209e-02
   3.5450000e+00   1.1651998e-02   1.1711384e-02   1.1625604e-02
   3.5550000e+00   1.1556414e-02   1.1636428e-02   1.1518118e-02
   3.5650000e+00   1.1473923e-02   1.1574646e-02   1.1423386e-02
   3.5750000e+00   1.1400107e-02   1.1521235e-02   1.1337239e-02
   3.5850000e+00   1.1333150e-02   1.1478729e-02   1.1255263e-02
   3.5950000e+00   1.1275035e-02   1.1449946e-02   1.1178751e-02
   3.6050000e+00   1.1227887e-02   1.1437943e-02   1.1109149e-02
   3.6150000e+00   1.1195239e-02   1.1447869e-02   1.1048777e-02
   3.6250000e+00   1.1177053e-02   1.1477029e-02   1.0999090e-02
   3.6350000e+00   1.1134798e-02   1.1452527e-02   1.0944848e-02
   3.6450000e+00   1.1095396e-02   1.1432163e-02   1.0892482e-02
   3.6550000e+00   1.1057894e-02   1.1414083e-02   1.0841594e-02
   3.6650000e+00   1.1023826e-02   1.1401393e-02   1.0792886e-02
   3.6750000e+00   1.0992314e-02   1.1391712e-02   1.0746133e-02
   3.6850000e+00   1.0964446e-02   1.1387400e-02   1.0701802e-02
   3.6950000e+00   1.0939625e-02   1.1387269e-02   1.0659675e-02
   3.7050000e+00   1.0918994e-02   1.1392683e-02   1.0620513e-02
   3.7150000e+00   1.0902136e-02   1.1403291e-02   1.0584066e-02
   3.7250000e+00   1.0890133e-02   1.1420913e-02   1.0550932e-02
   3.7350000e+00   1.0859084e-02   1.1407349e-02   1.0507099e-02
   3.7450000e+00   1.0778123e-02   1.1315803e-02   1.0433589e-02
   3.7550000e+00   1.0697422e-02   1.1224662e-02   1.0360273e-02
   3.7650000e+00   1.0617448e-02   1.1134063e-02   1.0287606e-02
   3.7750000e+00   1.0538349e-02   1.1044969e-02   1.0215487e-02
   3.7850000e+00   1.0433370e-02   1.0911438e-02   1.0130750e-02
   3.7950000e+00   1.0332629e-02   1.0783235e-02   1.0049157e-02
   3.8050000e+00   1.0237189e-02   1.0662925e-02   9.9710424e-03
   3.8150000e+00   1.0145189e-02   1.0547448e-02   9.8953432e-03
   3.8250000e+00   1.0057557e-02   1.0438145e-02   9.8225633e-03
   3.8350000e+00   9.9725321e-03   1.0332407e-02   9.7516516e-03
   3.8450000e+00   9.8910515e-03   1.0232144e-02   9.6829956e-03
   3.8550000e+00   9.8131471e-03   1.0131592e-02   9.6204074e-03
   3.8650000e+00   9.7392818e-03   1.0035480e-02   9.5614583e-03
   3.8750000e+00   9.6697167e-03   9.9458424e-03   9.5052791e-03
   3.8850000e+00   9.6033112e-03   9.8608389e-03   9.4511816e-03
   3.8950000e+00   9.5401891e-03   9.7806631e-03   9.3992140e-03
   3.9050000e+00   9.4795148e-03   9.7041291e-03   9.3488507e-03
   3.9150000e+00   9.4214622e-03   9.6316649e-03   9.3001255e-03
   3.9250000e+00   9.3656220e-03   9.5625200e-03   9.2528124e-03
   3.9350000e+00   9.3115098e-03   9.4959482e-03   9.2066213e-03
   3.9450000e+00   9.2593559e-03   9.4324422e-03   9.1616388e-03
   3.9550000e+00   9.2086453e-03   9.3711471e-03   9.1175674e-03
   3.9650000e+00   9.1594603e-03   9.3121849e-03   9.0744487e-03
   3.9750000e+00   9.1159682e-03   9.2585346e-03   9.0372423e-03
   3.9850000e+00   9.0770511e-03   9.2096774e-03   9.0044385e-03
   3.9950000e+00   9.0395987e-03   9.1631482e-03   8.9725190e-03
   4.0050000e+00   9.0033250e-03   9.1184744e-03   8.9413223e-03
   4.0150000e+00   8.9681994e-03   9.0756542e-03   8.9108126e-03
   4.0250000e+00   8.9340907e-03   9.0344831e-03   8.8809070e-03
   4.0350000e+00   8.9008640e-03   8.9947224e-03   8.8515308e-03
   4.0450000e+00   8.8684649e-03   8.9563092e-03   8.8226458e-03
   4.0550000e+00   8.8367697e-03   8.9190667e-03   8.7941746e-03
   4.0650000e+00   8.8057479e-03   8.8829386e-03   8.7660975e-03
   4.0750000e+00   8.7753346e-03   8.8478119e-03   8.7383777e-03
   4.0850000e+00   8.7454307e-03   8.8135323e-03   8.7109578e-03
   4.0950000e+00   8.7160274e-03   8.7800939e-03   8.6838285e-03
   4.1050000e+00   8.6906516e-03   8.7509061e-03   8.6605868e-03
   4.1150000e+00   8.6680682e-03   8.7247311e-03   8.6399985e-03
   4.1250000e+00   8.6458675e-03   8.6992079e-03   8.6196298e-03
   4.1350000e+00   8.6240066e-03   8.6742744e-03   8.5994539e-03
   4.1450000e+00   8.6024634e-03   8.6498850e-03   8.5794596e-03
   4.1550000e+00   8.5812100e-03   8.6259892e-03   8.5596317e-03
   4.1650000e+00   8.5602123e-03   8.6025340e-03   8.5399505e-03
   4.1750000e+00   8.5394549e-03   8.5794963e-03   8.5204064e-03
   4.1850000e+00   8.5189211e-03   8.5568428e-03   8.5009907e-03
   4.1950000e+00   8.4985853e-03   8.5345258e-03   8.4816904e-03
   4.2050000e+00   8.4784365e-03   8.5125305e-03   8.4624984e-03
   4.2150000e+00   8.4584606e-03   8.4908396e-03   8.4434059e-03
   4.2250000e+00   8.4386465e-03   8.4694314e-03   8.4244069e-03
   4.2350000e+00   8.4189812e-03   8.4482792e-03   8.4054953e-03
   4.2450000e+00   8.4027351e-03   8.4298609e-03   8.3903579e-03
   4.2550000e+00   8.3890141e-03   8.4137127e-03   8.3778698e-03
   4.2650000e+00   8.3756398e-03   8.3981877e-03   8.3655744e-03
   4.2750000e+00   8.3625667e-03   8.3832028e-03   8.3534478e-03
   4.2850000e+00   8.3497576e-03   8.3686913e-03   8.3414707e-03
   4.2950000e+00   8.3371829e-03   8.3546016e-03   8.3296271e-03
   4.3050000e+00   8.3248169e-03   8.3408876e-03   8.3179035e-03
   4.3150000e+00   8.3126369e-03   8.3275066e-03   8.3062885e-03
   4.3250000e+00   8.3006231e-03   8.3144202e-03   8.2947723e-03
   4.3350000e+00   8.2887587e-03   8.3015966e-03   8.2833466e-03
   4.3450000e+00   8.2770298e-03   8.2890099e-03   8.2720042e-03
   4.3550000e+00   8.2712931e-03   8.2823252e-03   8.2666999e-03
   4.3650000e+00   8.2682333e-03   8.2783611e-03   8.2640505e-03
   4.3750000e+00   8.2653263e-03   8.2746616e-03   8.2614981e-03
   4.3850000e+00   8.2625572e-03   8.2711975e-03   8.2590354e-03
   4.3950000e+00   8.2683046e-03   8.2763445e-03   8.2650545e-03
   4.4050000e+00   8.2762490e-03   8.2837563e-03   8.2732408e-03
   4.4150000e+00   8.2842832e-03   8.2913144e-03   8.2814897e-03
   4.4250000e+00   8.2924006e-03   8.2990054e-03   8.2897983e-03
   4.4350000e+00   8.3005957e-03   8.3068179e-03   8.2981641e-03
   4.4450000e+00   8.3098694e-03   8.3157621e-03   8.3075857e-03
   4.4550000e+00   8.3282385e-03   8.3339500e-03   8.3260504e-03
   4.4650000e+00   8.3466304e-03   8.3521679e-03   8.3445347e-03
   4.4750000e+00   8.3650447e-03   8.3704149e-03   8.3630384e-03
   4.4850000e+00   8.3834809e-03   8.3886903e-03   8.3815612e-03
   4.4950000e+00   8.4019388e-03   8.4069934e-03   8.4001029e-03
   4.5050000e+00   8.4204180e-03   8.4253236e-03   8.4186635e-03
   4.5150000e+00   8.4425633e-03   8.4475612e-03   8.4407935e-03
   4.5250000e+00   8.4647346e-03   8.4698315e-03   8.4629466e-03
   4.5350000e+00   8.4869321e-03   8.4921350e-03   8.4851228e-03
   4.5450000e+00   8.5091560e-03   8.5144723e-03   8.5073222e-03
   4.5550000e+00   8.5303513e-03   8.5360082e-03   8.5283933e-03
   4.5650000e+00   8.5473968e-03   8.5535113e-03   8.5452567e-03
   4.5750000e+00   8.5605616e-03   8.5672073e-03   8.5581996e-03
   4.5850000e+00   8.5637809e-03   8.5710963e-03   8.5611193e-03
   4.5950000e+00   8.5570781e-03   8.5652267e-03   8.5540264e-03
   4.6050000e+00   8.5505391e-03   8.5596433e-03   8.5470374e-03
   4.6150000e+00   8.5441849e-03   8.5543873e-03   8.5401625e-03
   4.6250000e+00   8.5380411e-03   8.5495090e-03   8.5334141e-03
   4.6350000e+00   8.5321392e-03   8.5450689e-03   8.5268075e-03
   4.6450000e+00   8.5265172e-03   8.5411400e-03   8.5203617e-03
   4.6550000e+00   8.5212213e-03   8.5378087e-03   8.5140999e-03
   4.6650000e+00   8.5163079e-03   8.5351788e-03   8.5080511e-03
   4.6750000e+00   8.5118461e-03   8.5333759e-03   8.5022512e-03
   4.6850000e+00   8.5079213e-03   8.5325541e-03   8.4967452e-03
   4.6950000e+00   8.5046395e-03   8.5329010e-03   8.4915895e-03
   4.7050000e+00   8.5021313e-03   8.5346440e-03   8.4868554e-03
   4.7150000e+00   8.5005576e-03   8.5380573e-03   8.4826319e-03
   4.7250000e+00   8.4918781e-03   8.5334268e-03   8.4717615e-03
   4.7350000e+00   8.4782217e-03   8.5229997e-03   8.4563316e-03
   4.7450000e+00   8.4649317e-03   8.5132120e-03   8.4411065e-03
   4.7550000e+00   8.4520470e-03   8.5041259e-03   8.4261090e-03
   4.7650000e+00   8.4396065e-03   8.4957990e-03   8.4113634e-03
   4.7750000e+00   8.4276557e-03   8.4883024e-03   8.3968971e-03
   4.7850000e+00   8.4162434e-03   8.4817191e-03   8.3827379e-03
   4.7950000e+00   8.4054358e-03   8.4761564e-03   8.3689248e-03
   4.8050000e+00   8.3952993e-03   8.4717119e-03   8.3554992e-03
   4.8150000e+00   8.3858924e-03   8.4684657e-03   8.3425001e-03
   4.8250000e+00   8.3772953e-03   8.4665415e-03   8.3299775e-03
   4.8350000e+00   8.3696152e-03   8.4661195e-03   8.3179938e-03
   4.8450000e+00   8.3629613e-03   8.4673793e-03   8.3066138e-03
   4.8550000e+00   8.3574496e-03   8.4704829e-03   8.2959145e-03
   4.8650000e+00   8.3532049e-03   8.4756010e-03   8.2859794e-03
   4.8750000e+00   8.3503725e-03   8.4829459e-03   8.2769040e-03
   4.8850000e+00   8.3491019e-03   8.4927613e-03   8.2687798e-03
   4.8950000e+00   8.3496336e-03   8.5054041e-03   8.2617613e-03
   4.9050000e+00   8.3507731e-03   8.5189368e-03   8.2551007e-03
   4.9150000e+00   8.3403571e-03   8.5141110e-03   8.2411191e-03
   4.9250000e+00   8.3302771e-03   8.5097575e-03   8.2273642e-03
   4.9350000e+00   8.3205819e-03   8.5060098e-03   8.2138492e-03
   4.9450000e+00   8.3113028e-03   8.5029250e-03   8.2005917e-03
   4.9550000e+00   8.3024356e-03   8.5004548e-03   8.1876004e-03
   4.9650000e+00   8.2939922e-03   8.4985818e-03   8.1748929e-03
   4.9750000e+00   8.2859601e-03   8.4973038e-03   8.1624599e-03
   4.9850000e+00   8.2783499e-03   8.4966828e-03   8.1502960e-03
   4.9950000e+00   8.2712931e-03   8.4969055e-03   8.1384842e-03
