   3.0500000e-01   9.8350405e-01   9.8546708e-01   9.8133140e-01
   3.1500000e-01   9.8342851e-01   9.8539590e-01   9.8125176e-01
   3.2500000e-01   9.8334200e-01   9.8532306e-01   9.8115041e-01
   3.3500000e-01   9.8327365e-01   9.8526388e-01   9.8107103e-01
   3.4500000e-01   9.8319138e-01   9.8519300e-01   9.8097679e-01
   3.5500000e-01   9.8311633e-01   9.8512412e-01   9.8089479e-01
   3.6500000e-01   9.8307452e-01   9.8509111e-01   9.8084298e-01
   3.7500000e-01   9.8302076e-01   9.8504170e-01   9.8078400e-01
   3.8500000e-01   9.8296640e-01   9.8499382e-01   9.8072244e-01
   3.9500000e-01   9.8290752e-01   9.8494237e-01   9.8065543e-01
   4.0500000e-01   9.8286052e-01   9.8490079e-01   9.8060340e-01
   4.1500000e-01   9.8279335e-01   9.8484081e-01   9.8052910e-01
   4.2500000e-01   9.8275768e-01   9.8480897e-01   9.8048784e-01
   4.3500000e-01   9.8269247e-01   9.8474862e-01   9.8041722e-01
   4.4500000e-01   9.8260224e-01   9.8466118e-01   9.8032377e-01
   4.5500000e-01   9.8248537e-01   9.8455000e-01   9.8020120e-01
   4.6500000e-01   9.8234649e-01   9.8441180e-01   9.8006105e-01
   4.7500000e-01   9.8215457e-01   9.8422625e-01   9.7986302e-01
   4.8500000e-01   9.8190752e-01   9.8398006e-01   9.7961349e-01
   4.9500000e-01   9.8156793e-01   9.8364942e-01   9.7926538e-01
   5.0500000e-01   9.8115484e-01   9.8323632e-01   9.7885207e-01
   5.1500000e-01   9.8067922e-01   9.8276376e-01   9.7837148e-01
   5.2500000e-01   9.8009356e-01   9.8218702e-01   9.7777773e-01
   5.3500000e-01   9.7939252e-01   9.8149811e-01   9.7706733e-01
   5.4500000e-01   9.7861272e-01   9.8073314e-01   9.7627452e-01
   5.5500000e-01   9.7777500e-01   9.7990749e-01   9.7542318e-01
   5.6500000e-01   9.7679090e-01   9.7893337e-01   9.7443321e-01
   5.7500000e-01   9.7585409e-01   9.7802007e-01   9.7347263e-01
   5.8500000e-01   9.7477952e-01   9.7695469e-01   9.7238367e-01
   5.9500000e-01   9.7370653e-01   9.7591047e-01   9.7128758e-01
   6.0500000e-01   9.7243964e-01   9.7468419e-01   9.6998245e-01
   6.1500000e-01   9.6942489e-01   9.7175345e-01   9.6700093e-01
   6.2500000e-01   9.6836377e-01   9.7078593e-01   9.6573123e-01
   6.3500000e-01   9.6649626e-01   9.6893233e-01   9.6385863e-01
   6.4500000e-01   9.6428696e-01   9.6677584e-01   9.6160759e-01
   6.5500000e-01   9.6129007e-01   9.6397765e-01   9.5844294e-01
   6.6500000e-01   9.5965761e-01   9.6248262e-01   9.5665973e-01
   6.7500000e-01   9.5772523e-01   9.6059382e-01   9.5473630e-01
   6.8500000e-01   9.5626548e-01   9.5910673e-01   9.5322490e-01
   6.9500000e-01   9.5261769e-01   9.5555509e-01   9.4952125e-01
   7.0500000e-01   9.4933744e-01   9.5255130e-01   9.4593728e-01
   7.1500000e-01   9.4519352e-01   9.4873834e-01   9.4149898e-01
   7.2500000e-01   9.4307030e-01   9.4666345e-01   9.3930120e-01
   7.3500000e-01   9.4067599e-01   9.4438538e-01   9.3679866e-01
   7.4500000e-01   9.3577742e-01   9.3975193e-01   9.3163433e-01
   7.5500000e-01   9.3088859e-01   9.3512771e-01   9.2646209e-01
   7.6500000e-01   9.2505008e-01   9.2967817e-01   9.2022919e-01
   7.7500000e-01   9.1868197e-01   9.2368063e-01   9.1347406e-01
   7.8500000e-01   9.1284104e-01   9.1812830e-01   9.0733294e-01
   7.9500000e-01   9.0718252e-01   9.1278898e-01   9.0138379e-01
   8.0500000e-01   9.0355505e-01   9.0932197e-01   8.9757070e-01
   8.1500000e-01   9.0348264e-01   9.0937005e-01   8.9737975e-01
   8.2500000e-01   9.0259885e-01   9.0849236e-01   8.9648600e-01
   8.3500000e-01   9.0159951e-01   9.0736821e-01   8.9555509e-01
   8.4500000e-01   8.9668251e-01   9.0261936e-01   8.9042073e-01
   8.5500000e-01   8.8910480e-01   8.9583789e-01   8.8210868e-01
   8.6500000e-01   8.7920134e-01   8.8646205e-01   8.7169532e-01
   8.7500000e-01   8.6702110e-01   8.7502453e-01   8.5872802e-01
   8.8500000e-01   8.5547953e-01   8.6408885e-01   8.4653980e-01
   8.9500000e-01   8.4845537e-01   8.5728204e-01   8.3927961e-01
   9.0500000e-01   8.4441280e-01   8.5340370e-01   8.3510453e-01
   9.1500000e-01   8.4143826e-01   8.5080592e-01   8.3173478e-01
   9.2500000e-01   8.3689346e-01   8.4643744e-01   8.2702300e-01
   9.3500000e-01   8.3197329e-01   8.4173093e-01   8.2186580e-01
   9.4500000e-01   8.2595464e-01   8.3597748e-01   8.1559263e-01
   9.5500000e-01   8.1411563e-01   8.2488497e-01   8.0299843e-01
   9.6500000e-01   7.9644574e-01   8.0804663e-01   7.8450567e-01
   9.7500000e-01   7.7891278e-01   7.9133303e-01   7.6614260e-01
   9.8500000e-01   7.6218868e-01   7.7537876e-01   7.4859599e-01
   9.9500000e-01   7.4306725e-01   7.5696961e-01   7.2879653e-01
   1.0050000e+00   7.2184900e-01   7.3696121e-01   7.0636112e-01
   1.0150000e+00   7.0342855e-01   7.1926877e-01   6.8726506e-01
   1.0250000e+00   6.9563275e-01   7.1176539e-01   6.7914883e-01
   1.0350000e+00   6.9483963e-01   7.1114560e-01   6.7821039e-01
   1.0450000e+00   6.9994556e-01   7.1586014e-01   6.8369406e-01
   1.0550000e+00   7.1173739e-01   7.2716453e-01   6.9592136e-01
   1.0650000e+00   7.2366720e-01   7.3868114e-01   7.0825975e-01
   1.0750000e+00   7.3099716e-01   7.4555456e-01   7.1609474e-01
   1.0850000e+00   7.3527544e-01   7.4984794e-01   7.2033394e-01
   1.0950000e+00   7.3730306e-01   7.5176368e-01   7.2248554e-01
   1.1050000e+00   7.3722771e-01   7.5174294e-01   7.2236707e-01
   1.1150000e+00   7.3422519e-01   7.4871315e-01   7.1940996e-01
   1.1250000e+00   7.2706924e-01   7.4193735e-01   7.1183171e-01
   1.1350000e+00   7.1544264e-01   7.3076843e-01   6.9977446e-01
   1.1450000e+00   7.0987132e-01   7.2546807e-01   6.9390854e-01
   1.1550000e+00   6.9070563e-01   7.0698980e-01   6.7411031e-01
   1.1650000e+00   6.5931195e-01   6.7703844e-01   6.4132004e-01
   1.1750000e+00   6.2861196e-01   6.4724119e-01   6.0972400e-01
   1.1850000e+00   6.0077130e-01   6.2038097e-01   5.8096945e-01
   1.1950000e+00   5.7588882e-01   5.9610026e-01   5.5554373e-01
   1.2050000e+00   5.4450181e-01   5.6571073e-01   5.2325688e-01
   1.2150000e+00   5.1179078e-01   5.3354005e-01   4.9010548e-01
   1.2250000e+00   4.9151472e-01   5.1376187e-01   4.6941970e-01
   1.2350000e+00   4.7801492e-01   5.0042672e-01   4.5575734e-01
   1.2450000e+00   4.6797077e-01   4.9054191e-01   4.4560976e-01
   1.2550000e+00   4.6276562e-01   4.8545504e-01   4.4029681e-01
   1.2650000e+00   4.6014347e-01   4.8283940e-01   4.3768284e-01
   1.2750000e+00   4.6056889e-01   4.8320314e-01   4.3818168e-01
   1.2850000e+00   4.6401175e-01   4.8665542e-01   4.4157322e-01
   1.2950000e+00   4.6579970e-01   4.8838929e-01   4.4343101e-01
   1.3050000e+00   4.6749596e-01   4.9005367e-01   4.4516134e-01
   1.3150000e+00   4.6874033e-01   4.9130818e-01   4.4638889e-01
   1.3250000e+00   4.6937089e-01   4.9192112e-01   4.4703029e-01
   1.3350000e+00   4.6921153e-01   4.9176593e-01   4.4686427e-01
   1.3450000e+00   4.6648524e-01   4.8909737e-01   4.4409243e-01
   1.3550000e+00   4.6250893e-01   4.8519204e-01   4.4005444e-01
   1.3650000e+00   4.5855828e-01   4.8128854e-01   4.3605315e-01
   1.3750000e+00   4.5017351e-01   4.7292529e-01   4.2769214e-01
   1.3850000e+00   4.3746494e-01   4.6044573e-01   4.1479836e-01
   1.3950000e+00   4.1891929e-01   4.4196022e-01   3.9625709e-01
   1.4050000e+00   3.5495237e-01   3.7795653e-01   3.3257695e-01
   1.4150000e+00   2.6393213e-01   2.8556694e-01   2.4333110e-01
   1.4250000e+00   1.8360377e-01   2.0226104e-01   1.6623260e-01
   1.4350000e+00   1.2879250e-01   1.4413939e-01   1.1481393e-01
   1.4450000e+00   9.4550165e-02   1.0709761e-01   8.3329849e-02
   1.4550000e+00   6.8065178e-02   7.7891234e-02   5.9443646e-02
   1.4650000e+00   4.9900550e-02   5.7498343e-02   4.3354402e-02
   1.4750000e+00   3.8542079e-02   4.4534956e-02   3.3460459e-02
   1.4850000e+00   3.2565300e-02   3.7612677e-02   2.8333058e-02
   1.4950000e+00   3.0457249e-02   3.5152182e-02   2.6539102e-02
   1.5050000e+00   3.1584634e-02   3.6469514e-02   2.7496630e-02
   1.5150000e+00   3.3195586e-02   3.8349197e-02   2.8868054e-02
   1.5250000e+00   3.4865389e-02   4.0290441e-02   3.0294992e-02
   1.5350000e+00   3.7257966e-02   4.3056117e-02   3.2352274e-02
   1.5450000e+00   4.0237865e-02   4.6493664e-02   3.4918871e-02
   1.5550000e+00   4.3665582e-02   5.0419043e-02   3.7893903e-02
   1.5650000e+00   4.7691363e-02   5.5002864e-02   4.1408519e-02
   1.5750000e+00   5.2661610e-02   6.0641911e-02   4.5764514e-02
   1.5850000e+00   5.8551480e-02   6.7277881e-02   5.0962456e-02
   1.5950000e+00   6.3057791e-02   7.2325138e-02   5.4962498e-02
   1.6050000e+00   6.7455838e-02   7.7237069e-02   5.8880362e-02
   1.6150000e+00   7.1859430e-02   8.2130777e-02   6.2820115e-02
   1.6250000e+00   7.4582565e-02   8.5152686e-02   6.5261231e-02
   1.6350000e+00   7.7400567e-02   8.8269267e-02   6.7797911e-02
   1.6450000e+00   8.0489579e-02   9.1690504e-02   7.0569241e-02
   1.6550000e+00   8.4104561e-02   9.5677847e-02   7.3829916e-02
   1.6650000e+00   8.8421061e-02   1.0039608e-01   7.7753189e-02
   1.6750000e+00   9.3165329e-02   1.0560598e-01   8.2056538e-02
   1.6850000e+00   9.7865293e-02   1.1073425e-01   8.6337521e-02
   1.6950000e+00   1.0239723e-01   1.1565566e-01   9.0482453e-02
   1.7050000e+00   1.0701358e-01   1.2069124e-01   9.4703523e-02
   1.7150000e+00   1.1170970e-01   1.2577241e-01   9.9012969e-02
   1.7250000e+00   1.1661982e-01   1.3106561e-01   1.0354709e-01
   1.7350000e+00   1.2090655e-01   1.3571167e-01   1.0748163e-01
   1.7450000e+00   1.2427153e-01   1.3929784e-01   1.1061690e-01
   1.7550000e+00   1.2784406e-01   1.4317975e-01   1.1389491e-01
   1.7650000e+00   1.3097486e-01   1.4652374e-01   1.1680693e-01
   1.7750000e+00   1.3357841e-01   1.4930848e-01   1.1922756e-01
   1.7850000e+00   1.3621194e-01   1.5209335e-01   1.2169950e-01
   1.7950000e+00   1.3906100e-01   1.5519238e-01   1.2431484e-01
   1.8050000e+00   1.4221899e-01   1.5853403e-01   1.2728135e-01
   1.8150000e+00   1.4590435e-01   1.6249152e-01   1.3069757e-01
   1.8250000e+00   1.4973824e-01   1.6654767e-01   1.3430010e-01
   1.8350000e+00   1.5160316e-01   1.6852375e-01   1.3604545e-01
   1.8450000e+00   1.5037623e-01   1.6722995e-01   1.3489190e-01
   1.8550000e+00   1.4624259e-01   1.6280903e-01   1.3103935e-01
   1.8650000e+00   1.3434667e-01   1.5018322e-01   1.1990938e-01
   1.8750000e+00   1.1351841e-01   1.2775490e-01   1.0066026e-01
   1.8850000e+00   9.2662427e-02   1.0506892e-01   8.1585655e-02
   1.8950000e+00   7.0953662e-02   8.1174172e-02   6.1971081e-02
   1.9050000e+00   5.2905481e-02   6.0956200e-02   4.5942380e-02
   1.9150000e+00   3.6722769e-02   4.2509218e-02   3.1824991e-02
   1.9250000e+00   2.7607427e-02   3.1907895e-02   2.4036909e-02
   1.9350000e+00   2.1369757e-02   2.4511873e-02   1.8815452e-02
   1.9450000e+00   1.7866850e-02   2.0280152e-02   1.5941652e-02
   1.9550000e+00   1.5854610e-02   1.7808389e-02   1.4320939e-02
   1.9650000e+00   1.4679561e-02   1.6345945e-02   1.3387827e-02
   1.9750000e+00   1.4085878e-02   1.5601925e-02   1.2919710e-02
   1.9850000e+00   1.3800314e-02   1.5243937e-02   1.2694291e-02
   1.9950000e+00   1.3756241e-02   1.5192063e-02   1.2656771e-02
   2.0050000e+00   1.3856131e-02   1.5323041e-02   1.2730727e-02
   2.0150000e+00   1.4115241e-02   1.5655749e-02   1.2928450e-02
   2.0250000e+00   1.4445856e-02   1.6076871e-02   1.3183477e-02
   2.0350000e+00   1.4862483e-02   1.6602751e-02   1.3508215e-02
   2.0450000e+00   1.5461304e-02   1.7354713e-02   1.3978142e-02
   2.0550000e+00   1.6388592e-02   1.8506058e-02   1.4715142e-02
   2.0650000e+00   1.7601379e-02   1.9998025e-02   1.5689487e-02
   2.0750000e+00   1.9390375e-02   2.2175413e-02   1.7144214e-02
   2.0850000e+00   2.1727694e-02   2.4990286e-02   1.9067648e-02
   2.0950000e+00   2.4920327e-02   2.8786690e-02   2.1730922e-02
   2.1050000e+00   2.9308779e-02   3.3949289e-02   2.5435529e-02
   2.1150000e+00   3.3943616e-02   3.9345994e-02   2.9391333e-02
   2.1250000e+00   4.0223629e-02   4.6581123e-02   3.4810155e-02
   2.1350000e+00   4.7299061e-02   5.4658944e-02   4.0975777e-02
   2.1450000e+00   5.4709557e-02   6.3033283e-02   4.7496170e-02
   2.1550000e+00   6.2518073e-02   7.1798107e-02   5.4416397e-02
   2.1650000e+00   7.0152845e-02   8.0304547e-02   6.1232462e-02
   2.1750000e+00   7.7920154e-02   8.8925832e-02   6.8198026e-02
   2.1850000e+00   8.5180013e-02   9.6896377e-02   7.4770957e-02
   2.1950000e+00   9.2041680e-02   1.0442447e-01   8.0998019e-02
   2.2050000e+00   9.7849666e-02   1.1077779e-01   8.6282156e-02
   2.2150000e+00   1.0447156e-01   1.1799034e-01   9.2320610e-02
   2.2250000e+00   1.1014330e-01   1.2414776e-01   9.7525044e-02
   2.2350000e+00   1.1493066e-01   1.2930518e-01   1.0194102e-01
   2.2450000e+00   1.1802277e-01   1.3265742e-01   1.0478529e-01
   2.2550000e+00   1.1659689e-01   1.3110559e-01   1.0348187e-01
   2.2650000e+00   1.1360713e-01   1.2791150e-01   1.0069310e-01
   2.2750000e+00   1.0743701e-01   1.2119690e-01   9.5050292e-02
   2.2850000e+00   1.0022306e-01   1.1337549e-01   8.8428603e-02
   2.2950000e+00   9.1808849e-02   1.0418515e-01   8.0764861e-02
   2.3050000e+00   8.2924619e-02   9.4434050e-02   7.2720012e-02
   2.3150000e+00   7.4858018e-02   8.5502003e-02   6.5458117e-02
   2.3250000e+00   6.7573986e-02   7.7482096e-02   5.8890997e-02
   2.3350000e+00   6.1356773e-02   7.0539558e-02   5.3349308e-02
   2.3450000e+00   5.6088770e-02   6.4632170e-02   4.8669841e-02
   2.3550000e+00   5.1857823e-02   5.9856571e-02   4.4944202e-02
   2.3650000e+00   4.8674443e-02   5.6289133e-02   4.2118601e-02
   2.3750000e+00   4.6127375e-02   5.3383048e-02   3.9892880e-02
   2.3850000e+00   4.4265408e-02   5.1268816e-02   3.8260411e-02
   2.3950000e+00   4.2662276e-02   4.9449200e-02   3.6853104e-02
   2.4050000e+00   4.1254010e-02   4.7857127e-02   3.5615818e-02
   2.4150000e+00   4.0030267e-02   4.6442908e-02   3.4557072e-02
   2.4250000e+00   3.8941012e-02   4.5207152e-02   3.3603534e-02
   2.4350000e+00   3.7767208e-02   4.3871652e-02   3.2576380e-02
   2.4450000e+00   3.6547687e-02   4.2468798e-02   3.1517584e-02
   2.4550000e+00   3.5407657e-02   4.1185030e-02   3.0514603e-02
   2.4650000e+00   3.4291260e-02   3.9890798e-02   2.9554050e-02
   2.4750000e+00   3.3285886e-02   3.8734429e-02   2.8682182e-02
   2.4850000e+00   3.2330908e-02   3.7636496e-02   2.7853498e-02
   2.4950000e+00   3.1390392e-02   3.6557116e-02   2.7037800e-02
   2.5050000e+00   3.0747591e-02   3.5817467e-02   2.6478802e-02
   2.5150000e+00   3.0320993e-02   3.5336744e-02   2.6102818e-02
   2.5250000e+00   3.0067074e-02   3.5048905e-02   2.5877910e-02
   2.5350000e+00   3.0027740e-02   3.5015264e-02   2.5834962e-02
   2.5450000e+00   2.9946440e-02   3.4916578e-02   2.5764099e-02
   2.5550000e+00   3.0117693e-02   3.5118250e-02   2.5904887e-02
   2.5650000e+00   3.0511388e-02   3.5584006e-02   2.6234858e-02
   2.5750000e+00   3.0536944e-02   3.5617272e-02   2.6254983e-02
   2.5850000e+00   3.0442886e-02   3.5532229e-02   2.6154187e-02
   2.5950000e+00   2.9867341e-02   3.4860882e-02   2.5656527e-02
   2.6050000e+00   2.8826742e-02   3.3667646e-02   2.4752706e-02
   2.6150000e+00   2.7501635e-02   3.2139570e-02   2.3608897e-02
   2.6250000e+00   2.4911979e-02   2.9138682e-02   2.1380082e-02
   2.6350000e+00   2.1614809e-02   2.5297426e-02   1.8559446e-02
   2.6450000e+00   1.8996073e-02   2.2229876e-02   1.6331516e-02
   2.6550000e+00   1.6868001e-02   1.9722977e-02   1.4530087e-02
   2.6650000e+00   1.5123604e-02   1.7664754e-02   1.3055799e-02
   2.6750000e+00   1.3656682e-02   1.5926288e-02   1.1820558e-02
   2.6850000e+00   9.9847660e-03   1.1498203e-02   8.7888722e-03
   2.6950000e+00   7.9432289e-03   9.0051351e-03   7.1232911e-03
   2.7050000e+00   6.6741513e-03   7.4454458e-03   6.0917213e-03
   2.7150000e+00   5.8149890e-03   6.3896475e-03   5.3900039e-03
   2.7250000e+00   5.1890314e-03   5.6263912e-03   4.8718785e-03
   2.7350000e+00   4.1604181e-03   4.3196527e-03   4.0534261e-03
   2.7450000e+00   3.6819886e-03   3.7529633e-03   3.6362676e-03
   2.7550000e+00   3.3323471e-03   3.3703149e-03   3.3079118e-03
   2.7650000e+00   3.0262426e-03   3.0503872e-03   3.0101636e-03
   2.7750000e+00   2.7416136e-03   2.7594511e-03   2.7291245e-03
   2.7850000e+00   2.4137139e-03   2.4263453e-03   2.4040157e-03
   2.7950000e+00   2.0941869e-03   2.1051858e-03   2.0852639e-03
   2.8050000e+00   1.8111164e-03   1.8217955e-03   1.8023176e-03
   2.8150000e+00   1.5694204e-03   1.5802377e-03   1.5605249e-03
   2.8250000e+00   1.3955394e-03   1.4065088e-03   1.3865072e-03
   2.8350000e+00   1.3403649e-03   1.3511999e-03   1.3313517e-03
   2.8450000e+00   1.4832414e-03   1.4938983e-03   1.4742678e-03
   2.8550000e+00   1.9112400e-03   1.9221378e-03   1.9020023e-03
   2.8650000e+00   2.6664149e-03   2.6778953e-03   2.6566755e-03
   2.8750000e+00   4.0286187e-03   4.0406183e-03   4.0184812e-03
   2.8850000e+00   5.8138769e-03   5.8258433e-03   5.8038406e-03
   2.8950000e+00   8.1200240e-03   8.1310559e-03   8.1108798e-03
   2.9050000e+00   1.0510320e-02   1.0519634e-02   1.0502737e-02
   2.9150000e+00   1.2984593e-02   1.2991614e-02   1.2979060e-02
   2.9250000e+00   1.4963767e-02   1.4968293e-02   1.4960443e-02
   2.9350000e+00   1.6903946e-02   1.6905901e-02   1.6902893e-02
   2.9450000e+00   1.8186110e-02   1.8186034e-02   1.8186846e-02
   2.9550000e+00   1.9582114e-02   1.9579914e-02   1.9584721e-02
   2.9650000e+00   2.1067896e-02   2.1063488e-02   2.1072450e-02
   2.9750000e+00   2.2782836e-02   2.2775907e-02   2.2789611e-02
   2.9850000e+00   2.4596781e-02   2.4587153e-02   2.4605933e-02
   2.9950000e+00   2.6837188e-02   2.6824097e-02   2.6849387e-02
   3.0050000e+00   2.9161066e-02   2.9144254e-02   2.9176537e-02
   3.0150000e+00   3.1618803e-02   3.1597751e-02   3.1638001e-02
   3.0250000e+00   3.4127422e-02   3.4101788e-02   3.4150644e-02
   3.0350000e+00   3.6700845e-02   3.6670184e-02   3.6728484e-02
   3.0450000e+00   3.9255886e-02   3.9219755e-02   3.9288333e-02
   3.0550000e+00   4.1895242e-02   4.1853077e-02   4.1932997e-02
   3.0650000e+00   4.3047455e-02   4.3001261e-02   4.3088768e-02
   3.0750000e+00   4.3905783e-02   4.3856048e-02   4.3950233e-02
   3.0850000e+00   4.3502960e-02   4.3452147e-02   4.3548386e-02
   3.0950000e+00   4.3152488e-02   4.3100764e-02   4.3198745e-02
   3.1050000e+00   4.2076729e-02   4.2025881e-02   4.2122238e-02
   3.1150000e+00   4.1211644e-02   4.1161475e-02   4.1256579e-02
   3.1250000e+00   4.0574705e-02   4.0525093e-02   4.0619167e-02
   3.1350000e+00   4.0121004e-02   4.0071690e-02   4.0165221e-02
   3.1450000e+00   3.9593087e-02   3.9544308e-02   3.9636848e-02
   3.1550000e+00   3.9235936e-02   3.9187443e-02   3.9279462e-02
   3.1650000e+00   3.8442155e-02   3.8394876e-02   3.8484623e-02
   3.1750000e+00   3.7828931e-02   3.7782586e-02   3.7870588e-02
   3.1850000e+00   3.6705775e-02   3.6661430e-02   3.6745674e-02
   3.1950000e+00   3.5740070e-02   3.5697463e-02   3.5778441e-02
   3.2050000e+00   3.4518549e-02   3.4478206e-02   3.4554923e-02
   3.2150000e+00   3.3393990e-02   3.3355739e-02   3.3428517e-02
   3.2250000e+00   3.2400472e-02   3.2364058e-02   3.2433377e-02
   3.2350000e+00   3.1450502e-02   3.1415847e-02   3.1481853e-02
   3.2450000e+00   3.0680125e-02   3.0646886e-02   3.0710226e-02
   3.2550000e+00   2.9953442e-02   2.9921540e-02   2.9982362e-02
   3.2650000e+00   2.9137510e-02   2.9107114e-02   2.9165100e-02
   3.2750000e+00   2.8321240e-02   2.8292352e-02   2.8347496e-02
   3.2850000e+00   2.7613136e-02   2.7585540e-02   2.7638250e-02
   3.2950000e+00   2.6969175e-02   2.6942740e-02   2.6993262e-02
   3.3050000e+00   2.6389903e-02   2.6364514e-02   2.6413064e-02
   3.3150000e+00   2.5876120e-02   2.5851661e-02   2.5898460e-02
   3.3250000e+00   2.5375846e-02   2.5352292e-02   2.5397386e-02
   3.3350000e+00   2.4893183e-02   2.4870499e-02   2.4913954e-02
   3.3450000e+00   2.4417231e-02   2.4395407e-02   2.4437242e-02
   3.3550000e+00   2.3959751e-02   2.3938750e-02   2.3979035e-02
   3.3650000e+00   2.3507531e-02   2.3487346e-02   2.3526094e-02
   3.3750000e+00   2.3084528e-02   2.3065101e-02   2.3102422e-02
   3.3850000e+00   2.2670813e-02   2.2652127e-02   2.2688052e-02
   3.3950000e+00   2.2285891e-02   2.2267894e-02   2.2302522e-02
   3.4050000e+00   2.1928865e-02   2.1911508e-02   2.1944934e-02
   3.4150000e+00   2.1581807e-02   2.1565079e-02   2.1597326e-02
   3.4250000e+00   2.1268243e-02   2.1252090e-02   2.1283263e-02
   3.4350000e+00   2.0956238e-02   2.0940680e-02   2.0970752e-02
   3.4450000e+00   2.0669436e-02   2.0654457e-02   2.0683475e-02
   3.4550000e+00   2.0386498e-02   2.0372156e-02   2.0400040e-02
   3.4650000e+00   2.0118499e-02   2.0104870e-02   2.0131523e-02
   3.4750000e+00   1.9865239e-02   1.9852452e-02   1.9877699e-02
   3.4850000e+00   1.9615126e-02   1.9603488e-02   1.9626881e-02
   3.4950000e+00   1.9384088e-02   1.9373813e-02   1.9395044e-02
   3.5050000e+00   1.9154282e-02   1.9145991e-02   1.9164129e-02
   3.5150000e+00   1.8940913e-02   1.8935226e-02   1.8949334e-02
   3.5250000e+00   1.8739105e-02   1.8736881e-02   1.8745634e-02
   3.5350000e+00   1.8541360e-02   1.8544125e-02   1.8545152e-02
   3.5450000e+00   1.8361472e-02   1.8369862e-02   1.8362126e-02
   3.5550000e+00   1.8184724e-02   1.8200884e-02   1.8180975e-02
   3.5650000e+00   1.8026902e-02   1.8051296e-02   1.8018397e-02
   3.5750000e+00   1.7881855e-02   1.7914778e-02   1.7868336e-02
   3.5850000e+00   1.7740195e-02   1.7783734e-02   1.7720341e-02
   3.5950000e+00   1.7603035e-02   1.7659905e-02   1.7575096e-02
   3.6050000e+00   1.7471719e-02   1.7545282e-02   1.7433473e-02
   3.6150000e+00   1.7348324e-02   1.7443016e-02   1.7296796e-02
   3.6250000e+00   1.7236413e-02   1.7355794e-02   1.7169054e-02
   3.6350000e+00   1.7139014e-02   1.7268037e-02   1.7065350e-02
   3.6450000e+00   1.7043288e-02   1.7182802e-02   1.6962746e-02
   3.6550000e+00   1.6949097e-02   1.7099638e-02   1.6861233e-02
   3.6650000e+00   1.6856850e-02   1.7019409e-02   1.6761005e-02
   3.6750000e+00   1.6766585e-02   1.6941911e-02   1.6662159e-02
   3.6850000e+00   1.6678543e-02   1.6867699e-02   1.6564798e-02
   3.6950000e+00   1.6592747e-02   1.6796571e-02   1.6469030e-02
   3.7050000e+00   1.6509798e-02   1.6729530e-02   1.6375194e-02
   3.7150000e+00   1.6429574e-02   1.6666266e-02   1.6283276e-02
   3.7250000e+00   1.6352546e-02   1.6607576e-02   1.6193557e-02
   3.7350000e+00   1.6268771e-02   1.6535213e-02   1.6101757e-02
   3.7450000e+00   1.6163919e-02   1.6424127e-02   1.6001148e-02
   3.7550000e+00   1.6059305e-02   1.6313300e-02   1.5900759e-02
   3.7650000e+00   1.5955383e-02   1.6203377e-02   1.5800875e-02
   3.7750000e+00   1.5851946e-02   1.6094159e-02   1.5701334e-02
   3.7850000e+00   1.5745122e-02   1.5970075e-02   1.5606315e-02
   3.7950000e+00   1.5641451e-02   1.5850370e-02   1.5513480e-02
   3.8050000e+00   1.5540918e-02   1.5735367e-02   1.5422698e-02
   3.8150000e+00   1.5442743e-02   1.5623689e-02   1.5333542e-02
   3.8250000e+00   1.5347207e-02   1.5515973e-02   1.5246099e-02
   3.8350000e+00   1.5253511e-02   1.5410839e-02   1.5159926e-02
   3.8450000e+00   1.5161798e-02   1.5308729e-02   1.5075034e-02
   3.8550000e+00   1.5082220e-02   1.5216838e-02   1.5003491e-02
   3.8650000e+00   1.5007642e-02   1.5130406e-02   1.4936577e-02
   3.8750000e+00   1.4935501e-02   1.5047715e-02   1.4871211e-02
   3.8850000e+00   1.4865237e-02   1.4967848e-02   1.4807057e-02
   3.8950000e+00   1.4796837e-02   1.4890856e-02   1.4744080e-02
   3.9050000e+00   1.4729875e-02   1.4816040e-02   1.4682028e-02
   3.9150000e+00   1.4664309e-02   1.4743414e-02   1.4620849e-02
   3.9250000e+00   1.4599960e-02   1.4672685e-02   1.4560431e-02
   3.9350000e+00   1.4536600e-02   1.4603468e-02   1.4500644e-02
   3.9450000e+00   1.4474251e-02   1.4535862e-02   1.4441482e-02
   3.9550000e+00   1.4412685e-02   1.4469474e-02   1.4382815e-02
   3.9650000e+00   1.4351917e-02   1.4404355e-02   1.4324641e-02
   3.9750000e+00   1.4300538e-02   1.4348490e-02   1.4275924e-02
   3.9850000e+00   1.4255782e-02   1.4299403e-02   1.4233721e-02
   3.9950000e+00   1.4211743e-02   1.4251489e-02   1.4191951e-02
   4.0050000e+00   1.4168305e-02   1.4204537e-02   1.4150547e-02
   4.0150000e+00   1.4125422e-02   1.4158494e-02   1.4109479e-02
   4.0250000e+00   1.4083025e-02   1.4113247e-02   1.4068704e-02
   4.0350000e+00   1.4041056e-02   1.4068701e-02   1.4028189e-02
   4.0450000e+00   1.3999482e-02   1.4024801e-02   1.3987913e-02
   4.0550000e+00   1.3958240e-02   1.3981446e-02   1.3947842e-02
   4.0650000e+00   1.3917312e-02   1.3938608e-02   1.3907961e-02
   4.0750000e+00   1.3876669e-02   1.3896239e-02   1.3868256e-02
   4.0850000e+00   1.3836269e-02   1.3854264e-02   1.3828702e-02
   4.0950000e+00   1.3796100e-02   1.3812669e-02   1.3789293e-02
   4.1050000e+00   1.3761845e-02   1.3777084e-02   1.3755743e-02
   4.1150000e+00   1.3731579e-02   1.3745586e-02   1.3726127e-02
   4.1250000e+00   1.3701487e-02   1.3714375e-02   1.3696618e-02
   4.1350000e+00   1.3671548e-02   1.3683417e-02   1.3667206e-02
   4.1450000e+00   1.3641753e-02   1.3652695e-02   1.3637884e-02
   4.1550000e+00   1.3612091e-02   1.3622191e-02   1.3608647e-02
   4.1650000e+00   1.3582547e-02   1.3591879e-02   1.3579487e-02
   4.1750000e+00   1.3553115e-02   1.3561746e-02   1.3550401e-02
   4.1850000e+00   1.3523788e-02   1.3531782e-02   1.3521383e-02
   4.1950000e+00   1.3494556e-02   1.3501968e-02   1.3492430e-02
   4.2050000e+00   1.3465415e-02   1.3472297e-02   1.3463540e-02
   4.2150000e+00   1.3436357e-02   1.3442755e-02   1.3434707e-02
   4.2250000e+00   1.3407380e-02   1.3413337e-02   1.3405931e-02
   4.2350000e+00   1.3378477e-02   1.3384034e-02   1.3377208e-02
   4.2450000e+00   1.3355771e-02   1.3360720e-02   1.3354789e-02
   4.2550000e+00   1.3337300e-02   1.3341574e-02   1.3336640e-02
   4.2650000e+00   1.3318986e-02   1.3322681e-02   1.3318598e-02
   4.2750000e+00   1.3300815e-02   1.3304011e-02   1.3300655e-02
   4.2850000e+00   1.3282772e-02   1.3285539e-02   1.3282804e-02
   4.2950000e+00   1.3264847e-02   1.3267246e-02   1.3265040e-02
   4.3050000e+00   1.3247031e-02   1.3249112e-02   1.3247357e-02
   4.3150000e+00   1.3229316e-02   1.3231125e-02   1.3229754e-02
   4.3250000e+00   1.3211696e-02   1.3213272e-02   1.3212226e-02
   4.3350000e+00   1.3194165e-02   1.3195543e-02   1.3194771e-02
   4.3450000e+00   1.3176721e-02   1.3177927e-02   1.3177386e-02
   4.3550000e+00   1.3168749e-02   1.3169754e-02   1.3169497e-02
   4.3650000e+00   1.3164908e-02   1.3165719e-02   1.3165737e-02
   4.3750000e+00   1.3161172e-02   1.3161821e-02   1.3162068e-02
   4.3850000e+00   1.3157538e-02   1.3158049e-02   1.3158488e-02
   4.3950000e+00   1.3167139e-02   1.3167516e-02   1.3168154e-02
   4.4050000e+00   1.3180105e-02   1.3180359e-02   1.3181182e-02
   4.4150000e+00   1.3193148e-02   1.3193292e-02   1.3194280e-02
   4.4250000e+00   1.3206265e-02   1.3206311e-02   1.3207447e-02
   4.4350000e+00   1.3219455e-02   1.3219414e-02   1.3220683e-02
   4.4450000e+00   1.3234278e-02   1.3234159e-02   1.3235549e-02
   4.4550000e+00   1.3263201e-02   1.3263010e-02   1.3264526e-02
   4.4650000e+00   1.3292151e-02   1.3291889e-02   1.3293528e-02
   4.4750000e+00   1.3321126e-02   1.3320795e-02   1.3322556e-02
   4.4850000e+00   1.3350126e-02   1.3349727e-02   1.3351608e-02
   4.4950000e+00   1.3379152e-02   1.3378686e-02   1.3380685e-02
   4.5050000e+00   1.3408203e-02   1.3407671e-02   1.3409787e-02
   4.5150000e+00   1.3442762e-02   1.3442200e-02   1.3444387e-02
   4.5250000e+00   1.3477351e-02   1.3476761e-02   1.3479017e-02
   4.5350000e+00   1.3511971e-02   1.3511353e-02   1.3513677e-02
   4.5450000e+00   1.3546621e-02   1.3545977e-02   1.3548367e-02
   4.5550000e+00   1.3579435e-02   1.3578813e-02   1.3581197e-02
   4.5650000e+00   1.3605631e-02   1.3605066e-02   1.3607388e-02
   4.5750000e+00   1.3625672e-02   1.3625192e-02   1.3627406e-02
   4.5850000e+00   1.3630000e-02   1.3629663e-02   1.3631670e-02
   4.5950000e+00   1.3618622e-02   1.3618493e-02   1.3620183e-02
   4.6050000e+00   1.3607357e-02   1.3607468e-02   1.3608795e-02
   4.6150000e+00   1.3596213e-02   1.3596601e-02   1.3597510e-02
   4.6250000e+00   1.3585196e-02   1.3585907e-02   1.3586329e-02
   4.6350000e+00   1.3574317e-02   1.3575407e-02   1.3575260e-02
   4.6450000e+00   1.3563588e-02   1.3565122e-02   1.3564306e-02
   4.6550000e+00   1.3553022e-02   1.3555084e-02   1.3553476e-02
   4.6650000e+00   1.3542641e-02   1.3545328e-02   1.3542779e-02
   4.6750000e+00   1.3532467e-02   1.3535901e-02   1.3532228e-02
   4.6850000e+00   1.3522532e-02   1.3526860e-02   1.3521838e-02
   4.6950000e+00   1.3512874e-02   1.3518277e-02   1.3511628e-02
   4.7050000e+00   1.3503544e-02   1.3510245e-02   1.3501627e-02
   4.7150000e+00   1.3494607e-02   1.3502879e-02   1.3491868e-02
   4.7250000e+00   1.3475660e-02   1.3485270e-02   1.3472204e-02
   4.7350000e+00   1.3449946e-02   1.3460663e-02   1.3445881e-02
   4.7450000e+00   1.3424389e-02   1.3436324e-02   1.3419655e-02
   4.7550000e+00   1.3399008e-02   1.3412282e-02   1.3393534e-02
   4.7650000e+00   1.3373822e-02   1.3388569e-02   1.3367531e-02
   4.7750000e+00   1.3348854e-02   1.3365223e-02   1.3341658e-02
   4.7850000e+00   1.3324124e-02   1.3342280e-02   1.3315928e-02
   4.7950000e+00   1.3299664e-02   1.3319792e-02   1.3290357e-02
   4.8050000e+00   1.3275507e-02   1.3297814e-02   1.3264966e-02
   4.8150000e+00   1.3251688e-02   1.3276400e-02   1.3239775e-02
   4.8250000e+00   1.3228247e-02   1.3255617e-02   1.3214808e-02
   4.8350000e+00   1.3205235e-02   1.3235548e-02   1.3190096e-02
   4.8450000e+00   1.3182705e-02   1.3216279e-02   1.3165670e-02
   4.8550000e+00   1.3160725e-02   1.3197917e-02   1.3141571e-02
   4.8650000e+00   1.3139368e-02   1.3180574e-02   1.3117843e-02
   4.8750000e+00   1.3118720e-02   1.3164383e-02   1.3094541e-02
   4.8850000e+00   1.3098859e-02   1.3149467e-02   1.3071715e-02
   4.8950000e+00   1.3079921e-02   1.3136037e-02   1.3049447e-02
   4.9050000e+00   1.3061192e-02   1.3123067e-02   1.3027207e-02
   4.9150000e+00   1.3035485e-02   1.3100044e-02   1.2999838e-02
   4.9250000e+00   1.3009985e-02   1.3077332e-02   1.2972604e-02
   4.9350000e+00   1.2984694e-02   1.3054944e-02   1.2945503e-02
   4.9450000e+00   1.2959626e-02   1.3032904e-02   1.2918544e-02
   4.9550000e+00   1.2934794e-02   1.3011226e-02   1.2891737e-02
   4.9650000e+00   1.2910219e-02   1.2989936e-02   1.2865094e-02
   4.9750000e+00   1.2885896e-02   1.2969024e-02   1.2838616e-02
   4.9850000e+00   1.2861815e-02   1.2948478e-02   1.2812297e-02
   4.9950000e+00   1.2838045e-02   1.2928411e-02   1.2786175e-02
