   3.0500000e-01   8.8052744e-01   9.0670022e-01   8.4974734e-01
   3.1500000e-01   8.8013278e-01   9.0635128e-01   8.4921662e-01
   3.2500000e-01   8.7958279e-01   9.0591011e-01   8.4859465e-01
   3.3500000e-01   8.7913203e-01   9.0556330e-01   8.4803306e-01
   3.4500000e-01   8.7864020e-01   9.0515478e-01   8.4747372e-01
   3.5500000e-01   8.7822884e-01   9.0479944e-01   8.4698914e-01
   3.6500000e-01   8.7791645e-01   9.0457403e-01   8.4660313e-01
   3.7500000e-01   8.7761233e-01   9.0431627e-01   8.4624264e-01
   3.8500000e-01   8.7729757e-01   9.0404987e-01   8.4588326e-01
   3.9500000e-01   8.7695776e-01   9.0377915e-01   8.4548174e-01
   4.0500000e-01   8.7674633e-01   9.0359357e-01   8.4523506e-01
   4.1500000e-01   8.7644015e-01   9.0334971e-01   8.4488502e-01
   4.2500000e-01   8.7625093e-01   9.0320868e-01   8.4464477e-01
   4.3500000e-01   8.7606532e-01   9.0306291e-01   8.4443151e-01
   4.4500000e-01   8.7587956e-01   9.0291172e-01   8.4419738e-01
   4.5500000e-01   8.7565137e-01   9.0271203e-01   8.4396131e-01
   4.6500000e-01   8.7551158e-01   9.0259671e-01   8.4376375e-01
   4.7500000e-01   8.7532245e-01   9.0244468e-01   8.4355631e-01
   4.8500000e-01   8.7519773e-01   9.0236836e-01   8.4337596e-01
   4.9500000e-01   8.7493449e-01   9.0213620e-01   8.4309700e-01
   5.0500000e-01   8.7476349e-01   9.0196485e-01   8.4292670e-01
   5.1500000e-01   8.7458389e-01   9.0183019e-01   8.4269544e-01
   5.2500000e-01   8.7436895e-01   9.0164848e-01   8.4245305e-01
   5.3500000e-01   8.7421168e-01   9.0145459e-01   8.4227082e-01
   5.4500000e-01   8.7382720e-01   9.0111847e-01   8.4192023e-01
   5.5500000e-01   8.7356794e-01   9.0087208e-01   8.4162528e-01
   5.6500000e-01   8.7336831e-01   9.0071861e-01   8.4137952e-01
   5.7500000e-01   8.7311290e-01   9.0047110e-01   8.4109873e-01
   5.8500000e-01   8.7270922e-01   9.0014027e-01   8.4067399e-01
   5.9500000e-01   8.7256396e-01   8.9996715e-01   8.4052129e-01
   6.0500000e-01   8.7214387e-01   8.9959546e-01   8.4007006e-01
   6.1500000e-01   8.7155918e-01   8.9895867e-01   8.3950577e-01
   6.2500000e-01   8.7101190e-01   8.9853021e-01   8.3892179e-01
   6.3500000e-01   8.7060665e-01   8.9812089e-01   8.3842198e-01
   6.4500000e-01   8.7006581e-01   8.9750949e-01   8.3791817e-01
   6.5500000e-01   8.6938171e-01   8.9682817e-01   8.3727594e-01
   6.6500000e-01   8.6867189e-01   8.9624453e-01   8.3649254e-01
   6.7500000e-01   8.6806822e-01   8.9563488e-01   8.3587979e-01
   6.8500000e-01   8.6760998e-01   8.9528790e-01   8.3527892e-01
   6.9500000e-01   8.6652320e-01   8.9405361e-01   8.3426266e-01
   7.0500000e-01   8.6528996e-01   8.9297533e-01   8.3290871e-01
   7.1500000e-01   8.6372426e-01   8.9145701e-01   8.3136542e-01
   7.2500000e-01   8.6287988e-01   8.9067449e-01   8.3045835e-01
   7.3500000e-01   8.6199539e-01   8.8978038e-01   8.2943999e-01
   7.4500000e-01   8.5999836e-01   8.8784272e-01   8.2748002e-01
   7.5500000e-01   8.5778491e-01   8.8570332e-01   8.2515082e-01
   7.6500000e-01   8.5502655e-01   8.8300482e-01   8.2229017e-01
   7.7500000e-01   8.5162101e-01   8.7977020e-01   8.1876171e-01
   7.8500000e-01   8.4836408e-01   8.7665514e-01   8.1535742e-01
   7.9500000e-01   8.4527208e-01   8.7354252e-01   8.1220088e-01
   8.0500000e-01   8.4303986e-01   8.7135756e-01   8.1001862e-01
   8.1500000e-01   8.4289446e-01   8.7134271e-01   8.0969035e-01
   8.2500000e-01   8.4236032e-01   8.7083533e-01   8.0922453e-01
   8.3500000e-01   8.4178373e-01   8.7019116e-01   8.0863163e-01
   8.4500000e-01   8.3886438e-01   8.6727317e-01   8.0558438e-01
   8.5500000e-01   8.3320169e-01   8.6209476e-01   7.9967336e-01
   8.6500000e-01   8.2609689e-01   8.5524928e-01   7.9235037e-01
   8.7500000e-01   8.1651512e-01   8.4622077e-01   7.8224551e-01
   8.8500000e-01   8.0695768e-01   8.3725530e-01   7.7212762e-01
   8.9500000e-01   8.0114661e-01   8.3159369e-01   7.6610913e-01
   9.0500000e-01   7.9797798e-01   8.2840598e-01   7.6282362e-01
   9.1500000e-01   7.9468111e-01   8.2566721e-01   7.5922600e-01
   9.2500000e-01   7.9072913e-01   8.2182491e-01   7.5510937e-01
   9.3500000e-01   7.8618028e-01   8.1760797e-01   7.5018623e-01
   9.4500000e-01   7.8069745e-01   8.1232696e-01   7.4452091e-01
   9.5500000e-01   7.6901716e-01   8.0154716e-01   7.3214494e-01
   9.6500000e-01   7.5148938e-01   7.8518939e-01   7.1340151e-01
   9.7500000e-01   7.3342987e-01   7.6842522e-01   6.9417118e-01
   9.8500000e-01   7.1550908e-01   7.5203292e-01   6.7491409e-01
   9.9500000e-01   6.9545994e-01   7.3324652e-01   6.5348773e-01
   1.0050000e+00   6.7154230e-01   7.1165925e-01   6.2775001e-01
   1.0150000e+00   6.5160936e-01   6.9310478e-01   6.0657283e-01
   1.0250000e+00   6.4298838e-01   6.8519999e-01   5.9724630e-01
   1.0350000e+00   6.4182624e-01   6.8427709e-01   5.9600879e-01
   1.0450000e+00   6.4786293e-01   6.8962975e-01   6.0245149e-01
   1.0550000e+00   6.6057328e-01   7.0153189e-01   6.1587377e-01
   1.0650000e+00   6.7345245e-01   7.1348053e-01   6.2976385e-01
   1.0750000e+00   6.8205395e-01   7.2104841e-01   6.3903375e-01
   1.0850000e+00   6.8606100e-01   7.2513181e-01   6.4320624e-01
   1.0950000e+00   6.8839805e-01   7.2718492e-01   6.4575362e-01
   1.1050000e+00   6.8833757e-01   7.2707203e-01   6.4590331e-01
   1.1150000e+00   6.8545958e-01   7.2422656e-01   6.4268092e-01
   1.1250000e+00   6.7728559e-01   7.1693336e-01   6.3379231e-01
   1.1350000e+00   6.6480033e-01   7.0526353e-01   6.2065536e-01
   1.1450000e+00   6.5842204e-01   6.9956095e-01   6.1366560e-01
   1.1550000e+00   6.3781557e-01   6.8025786e-01   5.9179467e-01
   1.1650000e+00   6.0265792e-01   6.4810173e-01   5.5412890e-01
   1.1750000e+00   5.6941833e-01   6.1696202e-01   5.1905079e-01
   1.1850000e+00   5.3906453e-01   5.8855253e-01   4.8720782e-01
   1.1950000e+00   5.1266499e-01   5.6338011e-01   4.5984489e-01
   1.2050000e+00   4.7893485e-01   5.3137094e-01   4.2522971e-01
   1.2150000e+00   4.4514456e-01   4.9843402e-01   3.9101140e-01
   1.2250000e+00   4.2390707e-01   4.7785635e-01   3.6966710e-01
   1.2350000e+00   4.0995845e-01   4.6425029e-01   3.5572408e-01
   1.2450000e+00   3.9976124e-01   4.5413659e-01   3.4565309e-01
   1.2550000e+00   3.9423429e-01   4.4884071e-01   3.4009585e-01
   1.2650000e+00   3.9170569e-01   4.4623284e-01   3.3766111e-01
   1.2750000e+00   3.9238340e-01   4.4672785e-01   3.3842336e-01
   1.2850000e+00   3.9553273e-01   4.5011349e-01   3.4134645e-01
   1.2950000e+00   3.9754637e-01   4.5196400e-01   3.4339968e-01
   1.3050000e+00   3.9940400e-01   4.5368859e-01   3.4538060e-01
   1.3150000e+00   4.0053129e-01   4.5491378e-01   3.4634184e-01
   1.3250000e+00   4.0122192e-01   4.5555280e-01   3.4712177e-01
   1.3350000e+00   4.0102158e-01   4.5538784e-01   3.4688978e-01
   1.3450000e+00   3.9814219e-01   4.5262476e-01   3.4387632e-01
   1.3550000e+00   3.9406041e-01   4.4859912e-01   3.3992712e-01
   1.3650000e+00   3.8995368e-01   4.4460868e-01   3.3584311e-01
   1.3750000e+00   3.8171758e-01   4.3626345e-01   3.2777991e-01
   1.3850000e+00   3.6865627e-01   4.2339187e-01   3.1501080e-01
   1.3950000e+00   3.5026546e-01   4.0485603e-01   2.9707714e-01
   1.4050000e+00   2.8791773e-01   3.4100658e-01   2.3779001e-01
   1.4150000e+00   2.0340896e-01   2.5093229e-01   1.6088226e-01
   1.4250000e+00   1.3358403e-01   1.7242362e-01   1.0093963e-01
   1.4350000e+00   8.9297620e-02   1.1961782e-01   6.5229655e-02
   1.4450000e+00   6.3376532e-02   8.7074950e-02   4.5453570e-02
   1.4550000e+00   4.4553147e-02   6.2264177e-02   3.1806796e-02
   1.4650000e+00   3.2414703e-02   4.5486644e-02   2.3473192e-02
   1.4750000e+00   2.5255438e-02   3.5140029e-02   1.8815976e-02
   1.4850000e+00   2.1689638e-02   2.9767921e-02   1.6610298e-02
   1.4950000e+00   2.0468228e-02   2.7886618e-02   1.5874707e-02
   1.5050000e+00   2.1114132e-02   2.8890923e-02   1.6256167e-02
   1.5150000e+00   2.2047791e-02   3.0328928e-02   1.6816485e-02
   1.5250000e+00   2.3030391e-02   3.1824538e-02   1.7415340e-02
   1.5350000e+00   2.4469050e-02   3.3979681e-02   1.8307429e-02
   1.5450000e+00   2.6272581e-02   3.6667061e-02   1.9439974e-02
   1.5550000e+00   2.8404204e-02   3.9779714e-02   2.0807219e-02
   1.5650000e+00   3.0961203e-02   4.3454071e-02   2.2481019e-02
   1.5750000e+00   3.4163119e-02   4.8004185e-02   2.4608585e-02
   1.5850000e+00   3.8051614e-02   5.3428029e-02   2.7252735e-02
   1.5950000e+00   4.1084216e-02   5.7597888e-02   2.9345124e-02
   1.6050000e+00   4.4085235e-02   6.1678692e-02   3.1444140e-02
   1.6150000e+00   4.7127099e-02   6.5779182e-02   3.3592302e-02
   1.6250000e+00   4.9024119e-02   6.8318383e-02   3.4940597e-02
   1.6350000e+00   5.1015324e-02   7.0955476e-02   3.6372077e-02
   1.6450000e+00   5.3170320e-02   7.3835667e-02   3.7914652e-02
   1.6550000e+00   5.5743880e-02   7.7222137e-02   3.9789942e-02
   1.6650000e+00   5.8880265e-02   8.1293565e-02   4.2087083e-02
   1.6750000e+00   6.2326400e-02   8.5756511e-02   4.4629543e-02
   1.6850000e+00   6.5769383e-02   9.0192917e-02   4.7184884e-02
   1.6950000e+00   6.9131557e-02   9.4485116e-02   4.9704195e-02
   1.7050000e+00   7.2586666e-02   9.8852926e-02   5.2323926e-02
   1.7150000e+00   7.6106652e-02   1.0330925e-01   5.4988655e-02
   1.7250000e+00   7.9877850e-02   1.0799377e-01   5.7885425e-02
   1.7350000e+00   8.3120244e-02   1.1205693e-01   6.0389707e-02
   1.7450000e+00   8.5755327e-02   1.1529172e-01   6.2421367e-02
   1.7550000e+00   8.8469918e-02   1.1867361e-01   6.4534249e-02
   1.7650000e+00   9.0920371e-02   1.2167560e-01   6.6446804e-02
   1.7750000e+00   9.2958253e-02   1.2416979e-01   6.8038000e-02
   1.7850000e+00   9.5073111e-02   1.2671560e-01   6.9708450e-02
   1.7950000e+00   9.7252647e-02   1.2940980e-01   7.1427996e-02
   1.8050000e+00   9.9802179e-02   1.3246224e-01   7.3456464e-02
   1.8150000e+00   1.0268599e-01   1.3597746e-01   7.5753995e-02
   1.8250000e+00   1.0578214e-01   1.3968118e-01   7.8218931e-02
   1.8350000e+00   1.0726737e-01   1.4147528e-01   7.9400741e-02
   1.8450000e+00   1.0628305e-01   1.4028986e-01   7.8623779e-02
   1.8550000e+00   1.0298694e-01   1.3632890e-01   7.5970468e-02
   1.8650000e+00   9.3504486e-02   1.2487448e-01   6.8462065e-02
   1.8750000e+00   7.7447344e-02   1.0501367e-01   5.5994262e-02
   1.8850000e+00   6.1908511e-02   8.5270421e-02   4.4265006e-02
   1.8950000e+00   4.6390119e-02   6.4898450e-02   3.2971762e-02
   1.9050000e+00   3.4191314e-02   4.8192261e-02   2.4483389e-02
   1.9150000e+00   2.3921726e-02   3.3430536e-02   1.7740067e-02
   1.9250000e+00   1.8557532e-02   2.5264838e-02   1.4460706e-02
   1.9350000e+00   1.5158999e-02   1.9779474e-02   1.2534878e-02
   1.9450000e+00   1.3392668e-02   1.6755864e-02   1.1607562e-02
   1.9550000e+00   1.2447735e-02   1.5048794e-02   1.1143406e-02
   1.9650000e+00   1.1924519e-02   1.4065225e-02   1.0897184e-02
   1.9750000e+00   1.1666042e-02   1.3571602e-02   1.0775528e-02
   1.9850000e+00   1.1539694e-02   1.3333899e-02   1.0712589e-02
   1.9950000e+00   1.1512419e-02   1.3294444e-02   1.0692116e-02
   2.0050000e+00   1.1542330e-02   1.3372631e-02   1.0694422e-02
   2.0150000e+00   1.1636665e-02   1.3581401e-02   1.0722989e-02
   2.0250000e+00   1.1764042e-02   1.3850556e-02   1.0767439e-02
   2.0350000e+00   1.1932140e-02   1.4193140e-02   1.0831389e-02
   2.0450000e+00   1.2182371e-02   1.4688722e-02   1.0933693e-02
   2.0550000e+00   1.2590905e-02   1.5465502e-02   1.1113240e-02
   2.0650000e+00   1.3150418e-02   1.6491871e-02   1.1374456e-02
   2.0750000e+00   1.4017478e-02   1.8023245e-02   1.1803596e-02
   2.0850000e+00   1.5207228e-02   2.0046461e-02   1.2426815e-02
   2.0950000e+00   1.6919335e-02   2.2845303e-02   1.3373048e-02
   2.1050000e+00   1.9386645e-02   2.6734471e-02   1.4809890e-02
   2.1150000e+00   2.2103507e-02   3.0882753e-02   1.6460120e-02
   2.1250000e+00   2.5936776e-02   3.6558101e-02   1.8885771e-02
   2.1350000e+00   3.0414191e-02   4.3006692e-02   2.1818614e-02
   2.1450000e+00   3.5259885e-02   4.9816580e-02   2.5087019e-02
   2.1550000e+00   4.0498470e-02   5.7033735e-02   2.8706050e-02
   2.1650000e+00   4.5748123e-02   6.4132400e-02   3.2410054e-02
   2.1750000e+00   5.1178819e-02   7.1377468e-02   3.6299946e-02
   2.1850000e+00   5.6400555e-02   7.8204468e-02   4.0115134e-02
   2.1950000e+00   6.1385011e-02   8.4665122e-02   4.3790435e-02
   2.2050000e+00   6.5648655e-02   9.0142355e-02   4.6980350e-02
   2.2150000e+00   7.0523139e-02   9.6395290e-02   5.0627731e-02
   2.2250000e+00   7.4814896e-02   1.0177887e-01   5.3919292e-02
   2.2350000e+00   7.8452637e-02   1.0634329e-01   5.6682106e-02
   2.2450000e+00   8.0822493e-02   1.0928160e-01   5.8527113e-02
   2.2550000e+00   7.9752744e-02   1.0793525e-01   5.7699697e-02
   2.2650000e+00   7.7386554e-02   1.0505544e-01   5.5857905e-02
   2.2750000e+00   7.2773668e-02   9.9220643e-02   5.2333563e-02
   2.2850000e+00   6.7338797e-02   9.2367870e-02   4.8205367e-02
   2.2950000e+00   6.1150546e-02   8.4426185e-02   4.3574184e-02
   2.3050000e+00   5.4744139e-02   7.6077375e-02   3.8844496e-02
   2.3150000e+00   4.9004804e-02   6.8530640e-02   3.4652943e-02
   2.3250000e+00   4.3860740e-02   6.1698220e-02   3.0961025e-02
   2.3350000e+00   3.9592074e-02   5.5924710e-02   2.7935762e-02
   2.3450000e+00   3.6012484e-02   5.1044839e-02   2.5423746e-02
   2.3550000e+00   3.3231188e-02   4.7155695e-02   2.3514334e-02
   2.3650000e+00   3.1090113e-02   4.4204980e-02   2.2041555e-02
   2.3750000e+00   2.9446335e-02   4.1878748e-02   2.0924020e-02
   2.3850000e+00   2.8235339e-02   4.0172048e-02   2.0100213e-02
   2.3950000e+00   2.7185893e-02   3.8700430e-02   1.9383155e-02
   2.4050000e+00   2.6271982e-02   3.7406350e-02   1.8766752e-02
   2.4150000e+00   2.5497723e-02   3.6298237e-02   1.8239223e-02
   2.4250000e+00   2.4795960e-02   3.5300435e-02   1.7763696e-02
   2.4350000e+00   2.4039322e-02   3.4225345e-02   1.7252237e-02
   2.4450000e+00   2.3264420e-02   3.3116696e-02   1.6730051e-02
   2.4550000e+00   2.2525286e-02   3.2066644e-02   1.6232745e-02
   2.4650000e+00   2.1836059e-02   3.1060180e-02   1.5772818e-02
   2.4750000e+00   2.1200048e-02   3.0146744e-02   1.5341804e-02
   2.4850000e+00   2.0593799e-02   2.9278376e-02   1.4930521e-02
   2.4950000e+00   2.0005269e-02   2.8423499e-02   1.4538841e-02
   2.5050000e+00   1.9589799e-02   2.7837638e-02   1.4248021e-02
   2.5150000e+00   1.9305037e-02   2.7443765e-02   1.4042370e-02
   2.5250000e+00   1.9127353e-02   2.7208209e-02   1.3903585e-02
   2.5350000e+00   1.9074702e-02   2.7163599e-02   1.3841313e-02
   2.5450000e+00   1.9010267e-02   2.7089468e-02   1.3773972e-02
   2.5550000e+00   1.9088138e-02   2.7237484e-02   1.3793861e-02
   2.5650000e+00   1.9298422e-02   2.7583991e-02   1.3897717e-02
   2.5750000e+00   1.9300668e-02   2.7605283e-02   1.3871064e-02
   2.5850000e+00   1.9189923e-02   2.7500375e-02   1.3762506e-02
   2.5950000e+00   1.8816725e-02   2.6978750e-02   1.3491174e-02
   2.6050000e+00   1.8153782e-02   2.6031114e-02   1.3033059e-02
   2.6150000e+00   1.7328216e-02   2.4831333e-02   1.2473743e-02
   2.6250000e+00   1.5737670e-02   2.2492357e-02   1.1431255e-02
   2.6350000e+00   1.3757609e-02   1.9530189e-02   1.0160663e-02
   2.6450000e+00   1.2212352e-02   1.7188866e-02   9.1774283e-03
   2.6550000e+00   1.0974826e-02   1.5294680e-02   8.3942708e-03
   2.6650000e+00   9.9649075e-03   1.3743870e-02   7.7536394e-03
   2.6750000e+00   9.1229870e-03   1.2444005e-02   7.2179946e-03
   2.6850000e+00   7.1799789e-03   9.2499911e-03   6.0901630e-03
   2.6950000e+00   6.1332979e-03   7.4936706e-03   5.4725096e-03
   2.7050000e+00   5.4771853e-03   6.4054986e-03   5.0584385e-03
   2.7150000e+00   5.0123382e-03   5.6653102e-03   4.7364431e-03
   2.7250000e+00   4.6477890e-03   5.1189927e-03   4.4598026e-03
   2.7350000e+00   4.1135708e-03   4.2547884e-03   4.0657640e-03
   2.7450000e+00   3.7575726e-03   3.8156877e-03   3.7368556e-03
   2.7550000e+00   3.4382702e-03   3.4708155e-03   3.4241705e-03
   2.7650000e+00   3.1348324e-03   3.1583710e-03   3.1225330e-03
   2.7750000e+00   2.8434777e-03   2.8635540e-03   2.8316261e-03
   2.7850000e+00   2.5048590e-03   2.5225163e-03   2.4931815e-03
   2.7950000e+00   2.1709776e-03   2.1881681e-03   2.1591595e-03
   2.8050000e+00   1.8741524e-03   1.8913667e-03   1.8621895e-03
   2.8150000e+00   1.6203577e-03   1.6377210e-03   1.6082957e-03
   2.8250000e+00   1.4376012e-03   1.4551645e-03   1.4254627e-03
   2.8350000e+00   1.3796461e-03   1.3973000e-03   1.3674088e-03
   2.8450000e+00   1.5294310e-03   1.5472354e-03   1.5169606e-03
   2.8550000e+00   1.9774934e-03   1.9959525e-03   1.9644991e-03
   2.8650000e+00   2.7680776e-03   2.7875219e-03   2.7544524e-03
   2.8750000e+00   4.1954278e-03   4.2154928e-03   4.1815858e-03
   2.8850000e+00   6.0672182e-03   6.0868110e-03   6.0540172e-03
   2.8950000e+00   8.4861692e-03   8.5036307e-03   8.4748524e-03
   2.9050000e+00   1.0993794e-02   1.1007788e-02   1.0985300e-02
   2.9150000e+00   1.3589230e-02   1.3598776e-02   1.3584248e-02
   2.9250000e+00   1.5665883e-02   1.5670725e-02   1.5664532e-02
   2.9350000e+00   1.7700951e-02   1.7700974e-02   1.7703310e-02
   2.9450000e+00   1.9046163e-02   1.9042411e-02   1.9051407e-02
   2.9550000e+00   2.0510102e-02   2.0502400e-02   2.0518370e-02
   2.9650000e+00   2.2067507e-02   2.2055698e-02   2.2078919e-02
   2.9750000e+00   2.3864346e-02   2.3847856e-02   2.3879339e-02
   2.9850000e+00   2.5764200e-02   2.5742710e-02   2.5783015e-02
   2.9950000e+00   2.8109920e-02   2.8082035e-02   2.8133613e-02
   3.0050000e+00   3.0542070e-02   3.0507332e-02   3.0570983e-02
   3.0150000e+00   3.3113689e-02   3.3071160e-02   3.3148527e-02
   3.0250000e+00   3.5737717e-02   3.5686783e-02   3.5778942e-02
   3.0350000e+00   3.8428845e-02   3.8368696e-02   3.8477075e-02
   3.0450000e+00   4.1100483e-02   4.1030304e-02   4.1156344e-02
   3.0550000e+00   4.3859725e-02   4.3778464e-02   4.3924029e-02
   3.0650000e+00   4.5067507e-02   4.4978773e-02   4.5137550e-02
   3.0750000e+00   4.5968509e-02   4.5873153e-02   4.6043668e-02
   3.0850000e+00   4.5553083e-02   4.5455584e-02   4.5629968e-02
   3.0950000e+00   4.5191578e-02   4.5092233e-02   4.5269967e-02
   3.1050000e+00   4.4071774e-02   4.3973892e-02   4.4149131e-02
   3.1150000e+00   4.3171169e-02   4.3074397e-02   4.3247758e-02
   3.1250000e+00   4.2507826e-02   4.2411973e-02   4.2583774e-02
   3.1350000e+00   4.2035546e-02   4.1940140e-02   4.2111215e-02
   3.1450000e+00   4.1485428e-02   4.1390915e-02   4.1560472e-02
   3.1550000e+00   4.1113451e-02   4.1019372e-02   4.1188221e-02
   3.1650000e+00   4.0284961e-02   4.0193046e-02   4.0358118e-02
   3.1750000e+00   3.9644843e-02   3.9554581e-02   3.9716780e-02
   3.1850000e+00   3.8471354e-02   3.8384751e-02   3.8540511e-02
   3.1950000e+00   3.7462086e-02   3.7378664e-02   3.7528826e-02
   3.2050000e+00   3.6184946e-02   3.6105709e-02   3.6248480e-02
   3.2150000e+00   3.5008845e-02   3.4933480e-02   3.5069410e-02
   3.2250000e+00   3.3969568e-02   3.3897612e-02   3.4027512e-02
   3.2350000e+00   3.2975615e-02   3.2906927e-02   3.3031048e-02
   3.2450000e+00   3.2169440e-02   3.2103383e-02   3.2222852e-02
   3.2550000e+00   3.1408854e-02   3.1345282e-02   3.1460356e-02
   3.2650000e+00   3.0554686e-02   3.0493919e-02   3.0604029e-02
   3.2750000e+00   2.9699993e-02   2.9642038e-02   2.9747169e-02
   3.2850000e+00   2.8958472e-02   2.8902927e-02   2.9003790e-02
   3.2950000e+00   2.8284048e-02   2.8230672e-02   2.8327695e-02
   3.3050000e+00   2.7677285e-02   2.7625860e-02   2.7719428e-02
   3.3150000e+00   2.7139046e-02   2.7089355e-02   2.7179855e-02
   3.3250000e+00   2.6614896e-02   2.6566893e-02   2.6654405e-02
   3.3350000e+00   2.6109146e-02   2.6062767e-02   2.6147405e-02
   3.3450000e+00   2.5610366e-02   2.5565593e-02   2.5647388e-02
   3.3550000e+00   2.5130900e-02   2.5087664e-02   2.5166738e-02
   3.3650000e+00   2.4656890e-02   2.4615177e-02   2.4691555e-02
   3.3750000e+00   2.4213474e-02   2.4173175e-02   2.4247049e-02
   3.3850000e+00   2.3779750e-02   2.3740835e-02   2.3812259e-02
   3.3950000e+00   2.3376178e-02   2.3338547e-02   2.3407699e-02
   3.4050000e+00   2.3001825e-02   2.2965381e-02   2.3032432e-02
   3.4150000e+00   2.2637888e-02   2.2602600e-02   2.2667605e-02
   3.4250000e+00   2.2309045e-02   2.2274801e-02   2.2337963e-02
   3.4350000e+00   2.1981797e-02   2.1948599e-02   2.2009915e-02
   3.4450000e+00   2.1680947e-02   2.1648714e-02   2.1708333e-02
   3.4550000e+00   2.1384082e-02   2.1352820e-02   2.1410742e-02
   3.4650000e+00   2.1102794e-02   2.1072482e-02   2.1128765e-02
   3.4750000e+00   2.0836830e-02   2.0807467e-02   2.0862145e-02
   3.4850000e+00   2.0573897e-02   2.0545580e-02   2.0598550e-02
   3.4950000e+00   2.0330734e-02   2.0303500e-02   2.0354764e-02
   3.5050000e+00   2.0088278e-02   2.0062377e-02   2.0111652e-02
   3.5150000e+00   1.9862404e-02   1.9838083e-02   1.9885120e-02
   3.5250000e+00   1.9647716e-02   1.9625378e-02   1.9669731e-02
   3.5350000e+00   1.9435606e-02   1.9416045e-02   1.9456792e-02
   3.5450000e+00   1.9241313e-02   1.9224945e-02   1.9261613e-02
   3.5550000e+00   1.9047706e-02   1.9035829e-02   1.9066868e-02
   3.5650000e+00   1.8873053e-02   1.8866118e-02   1.8890989e-02
   3.5750000e+00   1.8711099e-02   1.8709483e-02   1.8727715e-02
   3.5850000e+00   1.8549827e-02   1.8555036e-02   1.8564772e-02
   3.5950000e+00   1.8389424e-02   1.8403505e-02   1.8402195e-02
   3.6050000e+00   1.8230150e-02   1.8255814e-02   1.8240041e-02
   3.6150000e+00   1.8072404e-02   1.8113368e-02   1.8078398e-02
   3.6250000e+00   1.7920599e-02   1.7980326e-02   1.7921641e-02
   3.6350000e+00   1.7804686e-02   1.7872141e-02   1.7803528e-02
   3.6450000e+00   1.7689193e-02   1.7765119e-02   1.7685611e-02
   3.6550000e+00   1.7574158e-02   1.7659246e-02   1.7567905e-02
   3.6650000e+00   1.7459616e-02   1.7554733e-02   1.7450419e-02
   3.6750000e+00   1.7345624e-02   1.7451679e-02   1.7333166e-02
   3.6850000e+00   1.7232203e-02   1.7350196e-02   1.7216156e-02
   3.6950000e+00   1.7119440e-02   1.7250394e-02   1.7099415e-02
   3.7050000e+00   1.7007411e-02   1.7152637e-02   1.6982960e-02
   3.7150000e+00   1.6896163e-02   1.7056904e-02   1.6866812e-02
   3.7250000e+00   1.6785786e-02   1.6963498e-02   1.6750998e-02
   3.7350000e+00   1.6679090e-02   1.6867784e-02   1.6640641e-02
   3.7450000e+00   1.6579289e-02   1.6762511e-02   1.6542386e-02
   3.7550000e+00   1.6479655e-02   1.6657467e-02   1.6444256e-02
   3.7650000e+00   1.6380262e-02   1.6552954e-02   1.6346265e-02
   3.7750000e+00   1.6281048e-02   1.6448800e-02   1.6248398e-02
   3.7850000e+00   1.6196768e-02   1.6349147e-02   1.6168673e-02
   3.7950000e+00   1.6113302e-02   1.6251804e-02   1.6089209e-02
   3.8050000e+00   1.6030542e-02   1.6156635e-02   1.6009972e-02
   3.8150000e+00   1.5948394e-02   1.6063185e-02   1.5930942e-02
   3.8250000e+00   1.5866830e-02   1.5971552e-02   1.5852108e-02
   3.8350000e+00   1.5785746e-02   1.5881260e-02   1.5773447e-02
   3.8450000e+00   1.5705105e-02   1.5792326e-02   1.5694946e-02
   3.8550000e+00   1.5639808e-02   1.5717312e-02   1.5632163e-02
   3.8650000e+00   1.5578773e-02   1.5647147e-02   1.5573432e-02
   3.8750000e+00   1.5518228e-02   1.5578625e-02   1.5514846e-02
   3.8850000e+00   1.5458081e-02   1.5511388e-02   1.5456387e-02
   3.8950000e+00   1.5398303e-02   1.5445400e-02   1.5398046e-02
   3.9050000e+00   1.5338830e-02   1.5380392e-02   1.5339810e-02
   3.9150000e+00   1.5279635e-02   1.5316310e-02   1.5281673e-02
   3.9250000e+00   1.5220683e-02   1.5253035e-02   1.5223627e-02
   3.9350000e+00   1.5161945e-02   1.5190431e-02   1.5165667e-02
   3.9450000e+00   1.5103407e-02   1.5128488e-02   1.5107789e-02
   3.9550000e+00   1.5045042e-02   1.5067070e-02   1.5049989e-02
   3.9650000e+00   1.4986841e-02   1.5006176e-02   1.4992264e-02
   3.9750000e+00   1.4938583e-02   1.4955167e-02   1.4944502e-02
   3.9850000e+00   1.4897006e-02   1.4910972e-02   1.4903395e-02
   3.9950000e+00   1.4855563e-02   1.4867236e-02   1.4862344e-02
   4.0050000e+00   1.4814238e-02   1.4823890e-02   1.4821345e-02
   4.0150000e+00   1.4773021e-02   1.4780900e-02   1.4780398e-02
   4.0250000e+00   1.4731902e-02   1.4738221e-02   1.4739501e-02
   4.0350000e+00   1.4690873e-02   1.4695818e-02   1.4698651e-02
   4.0450000e+00   1.4649928e-02   1.4653669e-02   1.4657849e-02
   4.0550000e+00   1.4609060e-02   1.4611737e-02   1.4617093e-02
   4.0650000e+00   1.4568265e-02   1.4570008e-02   1.4576383e-02
   4.0750000e+00   1.4527539e-02   1.4528463e-02   1.4535719e-02
   4.0850000e+00   1.4486878e-02   1.4487079e-02   1.4495099e-02
   4.0950000e+00   1.4446279e-02   1.4445849e-02   1.4454523e-02
   4.1050000e+00   1.4411763e-02   1.4410746e-02   1.4420033e-02
   4.1150000e+00   1.4381313e-02   1.4379759e-02   1.4389608e-02
   4.1250000e+00   1.4350910e-02   1.4348886e-02   1.4359216e-02
   4.1350000e+00   1.4320551e-02   1.4318114e-02   1.4328858e-02
   4.1450000e+00   1.4290236e-02   1.4287438e-02   1.4298534e-02
   4.1550000e+00   1.4259964e-02   1.4256852e-02   1.4268243e-02
   4.1650000e+00   1.4229732e-02   1.4226348e-02   1.4237986e-02
   4.1750000e+00   1.4199540e-02   1.4195920e-02   1.4207763e-02
   4.1850000e+00   1.4169388e-02   1.4165566e-02   1.4177572e-02
   4.1950000e+00   1.4139274e-02   1.4135280e-02   1.4147415e-02
   4.2050000e+00   1.4109198e-02   1.4105059e-02   1.4117292e-02
   4.2150000e+00   1.4079161e-02   1.4074900e-02   1.4087202e-02
   4.2250000e+00   1.4049160e-02   1.4044800e-02   1.4057145e-02
   4.2350000e+00   1.4019196e-02   1.4014756e-02   1.4027122e-02
   4.2450000e+00   1.3995925e-02   1.3991302e-02   1.4003821e-02
   4.2550000e+00   1.3977154e-02   1.3972313e-02   1.3985036e-02
   4.2650000e+00   1.3958451e-02   1.3953437e-02   1.3966311e-02
   4.2750000e+00   1.3939815e-02   1.3934666e-02   1.3947647e-02
   4.2850000e+00   1.3921244e-02   1.3915992e-02   1.3929044e-02
   4.2950000e+00   1.3902738e-02   1.3897408e-02   1.3910502e-02
   4.3050000e+00   1.3884296e-02   1.3878912e-02   1.3892021e-02
   4.3150000e+00   1.3865917e-02   1.3860498e-02   1.3873600e-02
   4.3250000e+00   1.3847602e-02   1.3842163e-02   1.3855241e-02
   4.3350000e+00   1.3829350e-02   1.3823905e-02   1.3836943e-02
   4.3450000e+00   1.3811160e-02   1.3805722e-02   1.3818706e-02
   4.3550000e+00   1.3802940e-02   1.3797469e-02   1.3810468e-02
   4.3650000e+00   1.3799048e-02   1.3793534e-02   1.3806569e-02
   4.3750000e+00   1.3795240e-02   1.3789695e-02   1.3802753e-02
   4.3850000e+00   1.3791516e-02   1.3785949e-02   1.3799019e-02
   4.3950000e+00   1.3801686e-02   1.3796057e-02   1.3809220e-02
   4.4050000e+00   1.3815380e-02   1.3809682e-02   1.3822954e-02
   4.4150000e+00   1.3829143e-02   1.3823380e-02   1.3836756e-02
   4.4250000e+00   1.3842975e-02   1.3837150e-02   1.3850627e-02
   4.4350000e+00   1.3856874e-02   1.3850992e-02   1.3864566e-02
   4.4450000e+00   1.3872482e-02   1.3866539e-02   1.3880217e-02
   4.4550000e+00   1.3902892e-02   1.3896844e-02   1.3910712e-02
   4.4650000e+00   1.3933328e-02   1.3927175e-02   1.3941234e-02
   4.4750000e+00   1.3963791e-02   1.3957532e-02   1.3971782e-02
   4.4850000e+00   1.3994279e-02   1.3987916e-02   1.4002356e-02
   4.4950000e+00   1.4024792e-02   1.4018325e-02   1.4032957e-02
   4.5050000e+00   1.4055332e-02   1.4048759e-02   1.4063583e-02
   4.5150000e+00   1.4091628e-02   1.4084944e-02   1.4099980e-02
   4.5250000e+00   1.4127955e-02   1.4121159e-02   1.4136408e-02
   4.5350000e+00   1.4164314e-02   1.4157406e-02   1.4172868e-02
   4.5450000e+00   1.4200703e-02   1.4193684e-02   1.4209360e-02
   4.5550000e+00   1.4235128e-02   1.4228017e-02   1.4243878e-02
   4.5650000e+00   1.4262575e-02   1.4255407e-02   1.4271396e-02
   4.5750000e+00   1.4283537e-02   1.4276342e-02   1.4292411e-02
   4.5850000e+00   1.4287953e-02   1.4280802e-02   1.4296828e-02
   4.5950000e+00   1.4275824e-02   1.4268792e-02   1.4284648e-02
   4.6050000e+00   1.4263788e-02   1.4256885e-02   1.4272559e-02
   4.6150000e+00   1.4251845e-02   1.4245086e-02   1.4260563e-02
   4.6250000e+00   1.4239996e-02   1.4233397e-02   1.4248658e-02
   4.6350000e+00   1.4228241e-02   1.4221825e-02   1.4236846e-02
   4.6450000e+00   1.4216582e-02   1.4210375e-02   1.4225125e-02
   4.6550000e+00   1.4205020e-02   1.4199055e-02   1.4213497e-02
   4.6650000e+00   1.4193556e-02   1.4187876e-02   1.4201961e-02
   4.6750000e+00   1.4182192e-02   1.4176850e-02   1.4190519e-02
   4.6850000e+00   1.4170932e-02   1.4165994e-02   1.4179169e-02
   4.6950000e+00   1.4159778e-02   1.4155330e-02   1.4167914e-02
   4.7050000e+00   1.4148735e-02   1.4144887e-02   1.4156753e-02
   4.7150000e+00   1.4137811e-02   1.4134700e-02   1.4145687e-02
   4.7250000e+00   1.4116582e-02   1.4114153e-02   1.4124297e-02
   4.7350000e+00   1.4088457e-02   1.4086638e-02   1.4096003e-02
   4.7450000e+00   1.4060375e-02   1.4059226e-02   1.4067741e-02
   4.7550000e+00   1.4032337e-02   1.4031927e-02   1.4039510e-02
   4.7650000e+00   1.4004345e-02   1.4004752e-02   1.4011312e-02
   4.7750000e+00   1.3976403e-02   1.3977715e-02   1.3983145e-02
   4.7850000e+00   1.3948513e-02   1.3950829e-02   1.3955012e-02
   4.7950000e+00   1.3920680e-02   1.3924114e-02   1.3926913e-02
   4.8050000e+00   1.3892908e-02   1.3897589e-02   1.3898847e-02
   4.8150000e+00   1.3865201e-02   1.3871277e-02   1.3870818e-02
   4.8250000e+00   1.3837567e-02   1.3845203e-02   1.3842824e-02
   4.8350000e+00   1.3810012e-02   1.3819400e-02   1.3814869e-02
   4.8450000e+00   1.3782545e-02   1.3793901e-02   1.3786952e-02
   4.8550000e+00   1.3755175e-02   1.3768750e-02   1.3759077e-02
   4.8650000e+00   1.3727916e-02   1.3743994e-02   1.3731245e-02
   4.8750000e+00   1.3700781e-02   1.3719692e-02   1.3703459e-02
   4.8850000e+00   1.3673786e-02   1.3695894e-02   1.3675722e-02
   4.8950000e+00   1.3646953e-02   1.3672691e-02   1.3648039e-02
   4.9050000e+00   1.3619911e-02   1.3649522e-02   1.3620075e-02
   4.9150000e+00   1.3589436e-02   1.3620940e-02   1.3589101e-02
   4.9250000e+00   1.3559010e-02   1.3592500e-02   1.3558150e-02
   4.9350000e+00   1.3528632e-02   1.3564201e-02   1.3527221e-02
   4.9450000e+00   1.3498306e-02   1.3536054e-02   1.3496316e-02
   4.9550000e+00   1.3468032e-02   1.3508067e-02   1.3465435e-02
   4.9650000e+00   1.3437817e-02   1.3480255e-02   1.3434578e-02
   4.9750000e+00   1.3407660e-02   1.3452616e-02   1.3403747e-02
   4.9850000e+00   1.3377562e-02   1.3425147e-02   1.3372941e-02
   4.9950000e+00   1.3347531e-02   1.3397887e-02   1.3342162e-02
