   3.0500000e-01   9.1142970e-01   9.2420622e-01   8.9677391e-01
   3.1500000e-01   9.1107704e-01   9.2386666e-01   8.9640858e-01
   3.2500000e-01   9.1065723e-01   9.2351774e-01   8.9591526e-01
   3.3500000e-01   9.1032607e-01   9.2323375e-01   8.9552554e-01
   3.4500000e-01   9.0993235e-01   9.2289748e-01   8.9507582e-01
   3.5500000e-01   9.0958097e-01   9.2257241e-01   8.9469421e-01
   3.6500000e-01   9.0937287e-01   9.2241249e-01   8.9443209e-01
   3.7500000e-01   9.0911781e-01   9.2217398e-01   8.9415425e-01
   3.8500000e-01   9.0885926e-01   9.2194676e-01   8.9386299e-01
   3.9500000e-01   9.0859908e-01   9.2172433e-01   8.9356192e-01
   4.0500000e-01   9.0841844e-01   9.2156989e-01   8.9336119e-01
   4.1500000e-01   9.0818443e-01   9.2137047e-01   8.9308895e-01
   4.2500000e-01   9.0805129e-01   9.2126015e-01   8.9292798e-01
   4.3500000e-01   9.0791339e-01   9.2114852e-01   8.9276264e-01
   4.4500000e-01   9.0776413e-01   9.2101206e-01   8.9259691e-01
   4.5500000e-01   9.0756881e-01   9.2084277e-01   8.9237902e-01
   4.6500000e-01   9.0745047e-01   9.2072296e-01   8.9225473e-01
   4.7500000e-01   9.0730621e-01   9.2061449e-01   8.9208067e-01
   4.8500000e-01   9.0723266e-01   9.2055042e-01   8.9198491e-01
   4.9500000e-01   9.0700147e-01   9.2034658e-01   8.9173003e-01
   5.0500000e-01   9.0682112e-01   9.2016746e-01   8.9154888e-01
   5.1500000e-01   9.0668739e-01   9.2005620e-01   8.9138943e-01
   5.2500000e-01   9.0650253e-01   9.1989169e-01   8.9118299e-01
   5.3500000e-01   9.0627962e-01   9.1963937e-01   8.9099283e-01
   5.4500000e-01   9.0594829e-01   9.1936814e-01   8.9061155e-01
   5.5500000e-01   9.0568219e-01   9.1909372e-01   8.9034645e-01
   5.6500000e-01   9.0552152e-01   9.1895873e-01   8.9015883e-01
   5.7500000e-01   9.0525154e-01   9.1867733e-01   8.8989133e-01
   5.8500000e-01   9.0492321e-01   9.1841465e-01   8.8950420e-01
   5.9500000e-01   9.0471980e-01   9.1819619e-01   8.8932175e-01
   6.0500000e-01   9.0432359e-01   9.1779155e-01   8.8890700e-01
   6.1500000e-01   9.0361654e-01   9.1710761e-01   8.8822312e-01
   6.2500000e-01   9.0318787e-01   9.1672168e-01   8.8771479e-01
   6.3500000e-01   9.0272314e-01   9.1623019e-01   8.8727470e-01
   6.4500000e-01   9.0204093e-01   9.1552433e-01   8.8663191e-01
   6.5500000e-01   9.0129203e-01   9.1480338e-01   8.8586496e-01
   6.6500000e-01   9.0068988e-01   9.1426088e-01   8.8518649e-01
   6.7500000e-01   9.0002663e-01   9.1361473e-01   8.8452706e-01
   6.8500000e-01   8.9965062e-01   9.1322604e-01   8.8410913e-01
   6.9500000e-01   8.9826948e-01   9.1179224e-01   8.8282132e-01
   7.0500000e-01   8.9712154e-01   9.1071843e-01   8.8157675e-01
   7.1500000e-01   8.9548753e-01   9.0917243e-01   8.7988598e-01
   7.2500000e-01   8.9463702e-01   9.0831794e-01   8.7901181e-01
   7.3500000e-01   8.9363338e-01   9.0726323e-01   8.7805200e-01
   7.4500000e-01   8.9152668e-01   9.0519563e-01   8.7589958e-01
   7.5500000e-01   8.8920565e-01   9.0291422e-01   8.7353465e-01
   7.6500000e-01   8.8626797e-01   9.0002746e-01   8.7056047e-01
   7.7500000e-01   8.8278700e-01   8.9665425e-01   8.6696890e-01
   7.8500000e-01   8.7942080e-01   8.9334006e-01   8.6352825e-01
   7.9500000e-01   8.7602620e-01   8.8999253e-01   8.6014130e-01
   8.0500000e-01   8.7367043e-01   8.8765161e-01   8.5774702e-01
   8.1500000e-01   8.7367534e-01   8.8773223e-01   8.5768025e-01
   8.2500000e-01   8.7313687e-01   8.8721177e-01   8.5711195e-01
   8.3500000e-01   8.7240277e-01   8.8632630e-01   8.5646285e-01
   8.4500000e-01   8.6921075e-01   8.8307436e-01   8.5329494e-01
   8.5500000e-01   8.6378727e-01   8.7818003e-01   8.4747077e-01
   8.6500000e-01   8.5646966e-01   8.7108992e-01   8.3996578e-01
   8.7500000e-01   8.4688035e-01   8.6185800e-01   8.3001853e-01
   8.8500000e-01   8.3739115e-01   8.5271158e-01   8.2015426e-01
   8.9500000e-01   8.3135384e-01   8.4672849e-01   8.1404415e-01
   9.0500000e-01   8.2792053e-01   8.4332454e-01   8.1063341e-01
   9.1500000e-01   8.2517869e-01   8.4099899e-01   8.0747770e-01
   9.2500000e-01   8.2110645e-01   8.3701959e-01   8.0333822e-01
   9.3500000e-01   8.1667634e-01   8.3273213e-01   7.9872665e-01
   9.4500000e-01   8.1112174e-01   8.2736528e-01   7.9302398e-01
   9.5500000e-01   7.9995761e-01   8.1691202e-01   7.8120087e-01
   9.6500000e-01   7.8294887e-01   8.0066719e-01   7.6346547e-01
   9.7500000e-01   7.6564556e-01   7.8423169e-01   7.4531364e-01
   9.8500000e-01   7.4884179e-01   7.6832066e-01   7.2755140e-01
   9.9500000e-01   7.2951229e-01   7.4980691e-01   7.0746173e-01
   1.0050000e+00   7.0769085e-01   7.2956675e-01   6.8408326e-01
   1.0150000e+00   6.8878880e-01   7.1160185e-01   6.6432152e-01
   1.0250000e+00   6.8077444e-01   7.0397852e-01   6.5587275e-01
   1.0350000e+00   6.7990743e-01   7.0335248e-01   6.5481547e-01
   1.0450000e+00   6.8523163e-01   7.0813740e-01   6.6063853e-01
   1.0550000e+00   6.9734529e-01   7.1962123e-01   6.7328806e-01
   1.0650000e+00   7.0954904e-01   7.3130365e-01   6.8602117e-01
   1.0750000e+00   7.1713485e-01   7.3826991e-01   6.9429318e-01
   1.0850000e+00   7.2142954e-01   7.4261972e-01   6.9849909e-01
   1.0950000e+00   7.2350280e-01   7.4454766e-01   7.0074339e-01
   1.1050000e+00   7.2340864e-01   7.4452908e-01   7.0061496e-01
   1.1150000e+00   7.2040580e-01   7.4146291e-01   6.9767885e-01
   1.1250000e+00   7.1304500e-01   7.3460489e-01   6.8975391e-01
   1.1350000e+00   7.0113745e-01   7.2327870e-01   6.7731424e-01
   1.1450000e+00   6.9538631e-01   7.1789457e-01   6.7115425e-01
   1.1550000e+00   6.7571786e-01   6.9911507e-01   6.5068360e-01
   1.1650000e+00   6.4330590e-01   6.6865877e-01   6.1637939e-01
   1.1750000e+00   6.1177730e-01   6.3834844e-01   5.8362020e-01
   1.1850000e+00   5.8317092e-01   6.1106723e-01   5.5379658e-01
   1.1950000e+00   5.5774156e-01   5.8642975e-01   5.2765769e-01
   1.2050000e+00   5.2563833e-01   5.5565527e-01   4.9441358e-01
   1.2150000e+00   4.9244058e-01   5.2312580e-01   4.6072469e-01
   1.2250000e+00   4.7185219e-01   5.0317211e-01   4.3967432e-01
   1.2350000e+00   4.5820891e-01   4.8972684e-01   4.2584260e-01
   1.2450000e+00   4.4806819e-01   4.7977205e-01   4.1562601e-01
   1.2550000e+00   4.4280007e-01   4.7465405e-01   4.1022345e-01
   1.2650000e+00   4.4016707e-01   4.7201998e-01   4.0762570e-01
   1.2750000e+00   4.4061984e-01   4.7238436e-01   4.0818852e-01
   1.2850000e+00   4.4406369e-01   4.7586018e-01   4.1151585e-01
   1.2950000e+00   4.4588362e-01   4.7760471e-01   4.1343610e-01
   1.3050000e+00   4.4759902e-01   4.7927973e-01   4.1520418e-01
   1.3150000e+00   4.4884390e-01   4.8054340e-01   4.1641077e-01
   1.3250000e+00   4.4948220e-01   4.8116042e-01   4.1706360e-01
   1.3350000e+00   4.4931953e-01   4.8100374e-01   4.1688827e-01
   1.3450000e+00   4.4656333e-01   4.7831850e-01   4.1407808e-01
   1.3550000e+00   4.4254484e-01   4.7438785e-01   4.0999924e-01
   1.3650000e+00   4.3856032e-01   4.7045979e-01   4.0595246e-01
   1.3750000e+00   4.3014892e-01   4.6204473e-01   3.9762424e-01
   1.3850000e+00   4.1733413e-01   4.4950756e-01   3.8463604e-01
   1.3950000e+00   3.9876173e-01   4.3094992e-01   3.6617437e-01
   1.4050000e+00   3.3506046e-01   3.6693383e-01   3.0332307e-01
   1.4150000e+00   2.4571962e-01   2.7525771e-01   2.1720828e-01
   1.4250000e+00   1.6844220e-01   1.9350132e-01   1.4503297e-01
   1.4350000e+00   1.1676324e-01   1.3708665e-01   9.8358349e-02
   1.4450000e+00   8.5001322e-02   1.0144424e-01   7.0489971e-02
   1.4550000e+00   6.0771178e-02   7.3527016e-02   4.9806327e-02
   1.4650000e+00   4.4349076e-02   5.4137867e-02   3.6146303e-02
   1.4750000e+00   3.4179896e-02   4.1858113e-02   2.7889220e-02
   1.4850000e+00   2.8869916e-02   3.5314763e-02   2.3673083e-02
   1.4950000e+00   2.7004411e-02   3.2991274e-02   2.2209360e-02
   1.5050000e+00   2.8001358e-02   3.4235094e-02   2.2988738e-02
   1.5150000e+00   2.9427453e-02   3.6010556e-02   2.4108134e-02
   1.5250000e+00   3.0908270e-02   3.7844839e-02   2.5277304e-02
   1.5350000e+00   3.3035870e-02   4.0459348e-02   2.6972434e-02
   1.5450000e+00   3.5689344e-02   4.3711538e-02   2.9091387e-02
   1.5550000e+00   3.8752439e-02   4.7427809e-02   3.1565223e-02
   1.5650000e+00   4.2360952e-02   5.1771387e-02   3.4504568e-02
   1.5750000e+00   4.6827424e-02   5.7121620e-02   3.8163558e-02
   1.5850000e+00   5.2140713e-02   6.3425708e-02   4.2560208e-02
   1.5950000e+00   5.6219582e-02   6.8226361e-02   4.5963223e-02
   1.6050000e+00   6.0209902e-02   7.2904033e-02   4.9310715e-02
   1.6150000e+00   6.4215843e-02   7.7568673e-02   5.2690229e-02
   1.6250000e+00   6.6696735e-02   8.0451636e-02   5.4790124e-02
   1.6350000e+00   6.9269611e-02   8.3427041e-02   5.6981189e-02
   1.6450000e+00   7.2088880e-02   8.6695829e-02   5.9368690e-02
   1.6550000e+00   7.5396754e-02   9.0508067e-02   6.2193478e-02
   1.6650000e+00   7.9361556e-02   9.5021885e-02   6.5612944e-02
   1.6750000e+00   8.3719805e-02   1.0001350e-01   6.9366929e-02
   1.6850000e+00   8.8049289e-02   1.0493065e-01   7.3112942e-02
   1.6950000e+00   9.2234558e-02   1.0965356e-01   7.6754410e-02
   1.7050000e+00   9.6500389e-02   1.1449344e-01   8.0474330e-02
   1.7150000e+00   1.0085162e-01   1.1937983e-01   8.4277518e-02
   1.7250000e+00   1.0541495e-01   1.2447511e-01   8.8307404e-02
   1.7350000e+00   1.0939454e-01   1.2895357e-01   9.1792853e-02
   1.7450000e+00   1.1253860e-01   1.3241066e-01   9.4598926e-02
   1.7550000e+00   1.1585888e-01   1.3615878e-01   9.7510343e-02
   1.7650000e+00   1.1878602e-01   1.3938726e-01   1.0011872e-01
   1.7750000e+00   1.2122156e-01   1.4207836e-01   1.0228881e-01
   1.7850000e+00   1.2369483e-01   1.4476885e-01   1.0451986e-01
   1.7950000e+00   1.2634878e-01   1.4776854e-01   1.0685142e-01
   1.8050000e+00   1.2931906e-01   1.5100181e-01   1.0953589e-01
   1.8150000e+00   1.3277006e-01   1.5483585e-01   1.1260301e-01
   1.8250000e+00   1.3638110e-01   1.5876548e-01   1.1586822e-01
   1.8350000e+00   1.3813629e-01   1.6068101e-01   1.1744488e-01
   1.8450000e+00   1.3697931e-01   1.5942707e-01   1.1639977e-01
   1.8550000e+00   1.3309761e-01   1.5514025e-01   1.1292094e-01
   1.8650000e+00   1.2192496e-01   1.4292370e-01   1.0288280e-01
   1.8750000e+00   1.0252082e-01   1.2128630e-01   8.5726157e-02
   1.8850000e+00   8.3250026e-02   9.9496084e-02   6.8941323e-02
   1.8950000e+00   6.3375063e-02   7.6655453e-02   5.1932332e-02
   1.9050000e+00   4.7032889e-02   5.7419134e-02   3.8281072e-02
   1.9150000e+00   3.2535933e-02   3.9943357e-02   2.6481276e-02
   1.9250000e+00   2.4457424e-02   2.9932138e-02   2.0103878e-02
   1.9350000e+00   1.8980622e-02   2.2960790e-02   1.5910715e-02
   1.9450000e+00   1.5930834e-02   1.8976203e-02   1.3645870e-02
   1.9550000e+00   1.4191446e-02   1.6649731e-02   1.2390053e-02
   1.9650000e+00   1.3181213e-02   1.5273410e-02   1.1676130e-02
   1.9750000e+00   1.2672235e-02   1.4573275e-02   1.1320069e-02
   1.9850000e+00   1.2427400e-02   1.4236457e-02   1.1148193e-02
   1.9950000e+00   1.2388637e-02   1.4187758e-02   1.1117416e-02
   2.0050000e+00   1.2472549e-02   1.4311161e-02   1.1169817e-02
   2.0150000e+00   1.2692327e-02   1.4624461e-02   1.1314959e-02
   2.0250000e+00   1.2973764e-02   1.5020954e-02   1.1504331e-02
   2.0350000e+00   1.3329709e-02   1.5515967e-02   1.1747859e-02
   2.0450000e+00   1.3842529e-02   1.6223821e-02   1.2102840e-02
   2.0550000e+00   1.4640313e-02   1.7307517e-02   1.2666195e-02
   2.0650000e+00   1.5687871e-02   1.8711909e-02   1.3418723e-02
   2.0750000e+00   1.7240234e-02   2.0761813e-02   1.4555087e-02
   2.0850000e+00   1.9277974e-02   2.3412890e-02   1.6074864e-02
   2.0950000e+00   2.2076911e-02   2.6990199e-02   1.8205708e-02
   2.1050000e+00   2.5944158e-02   3.1859196e-02   2.1204108e-02
   2.1150000e+00   3.0049358e-02   3.6954639e-02   2.4439976e-02
   2.1250000e+00   3.5641652e-02   4.3795201e-02   2.8919700e-02
   2.1350000e+00   4.1975108e-02   5.1445587e-02   3.4067897e-02
   2.1450000e+00   4.8644191e-02   5.9390465e-02   3.9563383e-02
   2.1550000e+00   5.5703135e-02   6.7722311e-02   4.5441756e-02
   2.1650000e+00   6.2636299e-02   7.5823352e-02   5.1275793e-02
   2.1750000e+00   6.9713605e-02   8.4049486e-02   5.7272036e-02
   2.1850000e+00   7.6364362e-02   9.1666488e-02   6.2978914e-02
   2.1950000e+00   8.2664960e-02   9.8873622e-02   6.8407508e-02
   2.2050000e+00   8.8010176e-02   1.0496425e-01   7.3030470e-02
   2.2150000e+00   9.4119927e-02   1.1188841e-01   7.8325261e-02
   2.2250000e+00   9.9370056e-02   1.1780758e-01   8.2924513e-02
   2.2350000e+00   1.0381612e-01   1.2276920e-01   8.6837781e-02
   2.2450000e+00   1.0668599e-01   1.2599820e-01   8.9363429e-02
   2.2550000e+00   1.0536458e-01   1.2450245e-01   8.8211791e-02
   2.2650000e+00   1.0257510e-01   1.2142760e-01   8.5713354e-02
   2.2750000e+00   9.6865387e-02   1.1496660e-01   8.0737731e-02
   2.2850000e+00   9.0190717e-02   1.0745416e-01   7.4894628e-02
   2.2950000e+00   8.2440383e-02   9.8640521e-02   6.8183801e-02
   2.3050000e+00   7.4290213e-02   8.9308229e-02   6.1187525e-02
   2.3150000e+00   6.6922566e-02   8.0774948e-02   5.4904120e-02
   2.3250000e+00   6.0275081e-02   7.3131007e-02   4.9240093e-02
   2.3350000e+00   5.4635889e-02   6.6522331e-02   4.4502006e-02
   2.3450000e+00   4.9870493e-02   6.0906815e-02   4.0516126e-02
   2.3550000e+00   4.6058764e-02   5.6372206e-02   3.7371424e-02
   2.3650000e+00   4.3185660e-02   5.2989733e-02   3.4974334e-02
   2.3750000e+00   4.0901780e-02   5.0234129e-02   3.3106975e-02
   2.3850000e+00   3.9231078e-02   4.8231365e-02   3.1735503e-02
   2.3950000e+00   3.7792756e-02   4.6508581e-02   3.0551869e-02
   2.4050000e+00   3.6528726e-02   4.5002051e-02   2.9513321e-02
   2.4150000e+00   3.5437821e-02   4.3663201e-02   2.8631386e-02
   2.4250000e+00   3.4462076e-02   4.2494577e-02   2.7833276e-02
   2.4350000e+00   3.3411396e-02   4.1231976e-02   2.6973480e-02
   2.4450000e+00   3.2323668e-02   3.9905563e-02   2.6090811e-02
   2.4550000e+00   3.1301321e-02   3.8693380e-02   2.5250443e-02
   2.4650000e+00   3.0309325e-02   3.7470200e-02   2.4455988e-02
   2.4750000e+00   2.9413623e-02   3.6377988e-02   2.3730759e-02
   2.4850000e+00   2.8562984e-02   3.5341421e-02   2.3041144e-02
   2.4950000e+00   2.7725188e-02   3.4322640e-02   2.2364326e-02
   2.5050000e+00   2.7152633e-02   3.3624626e-02   2.1897585e-02
   2.5150000e+00   2.6770471e-02   3.3171366e-02   2.1581330e-02
   2.5250000e+00   2.6542865e-02   3.2899821e-02   2.1390282e-02
   2.5350000e+00   2.6504533e-02   3.2868326e-02   2.1347750e-02
   2.5450000e+00   2.6432396e-02   3.2774707e-02   2.1286095e-02
   2.5550000e+00   2.6582237e-02   3.2964739e-02   2.1395618e-02
   2.5650000e+00   2.6928419e-02   3.3404234e-02   2.1660254e-02
   2.5750000e+00   2.6950280e-02   3.3435540e-02   2.1674426e-02
   2.5850000e+00   2.6859512e-02   3.3355941e-02   2.1577048e-02
   2.5950000e+00   2.6348319e-02   3.2721913e-02   2.1161582e-02
   2.6050000e+00   2.5421852e-02   3.1596776e-02   2.0409920e-02
   2.6150000e+00   2.4245097e-02   3.0156259e-02   1.9463962e-02
   2.6250000e+00   2.1949490e-02   2.7328762e-02   1.7626238e-02
   2.6350000e+00   1.9035339e-02   2.3712475e-02   1.5314476e-02
   2.6450000e+00   1.6727370e-02   2.0826948e-02   1.3497731e-02
   2.6550000e+00   1.4856648e-02   1.8470244e-02   1.2034951e-02
   2.6650000e+00   1.3324977e-02   1.6536592e-02   1.0839877e-02
   2.6750000e+00   1.2039380e-02   1.4904010e-02   9.8413398e-03
   2.6850000e+00   8.8456248e-03   1.0747165e-02   7.4361962e-03
   2.6950000e+00   7.0792922e-03   8.4082941e-03   6.1270859e-03
   2.7050000e+00   5.9837365e-03   6.9456579e-03   5.3166811e-03
   2.7150000e+00   5.2415020e-03   5.9559474e-03   4.7609360e-03
   2.7250000e+00   4.6986640e-03   5.2408608e-03   4.3442311e-03
   2.7350000e+00   3.8196596e-03   4.0150362e-03   3.7051162e-03
   2.7450000e+00   3.3982798e-03   3.4848746e-03   3.3502258e-03
   2.7550000e+00   3.0818079e-03   3.1281055e-03   3.0558940e-03
   2.7650000e+00   2.8009280e-03   2.8304818e-03   2.7833887e-03
   2.7750000e+00   2.5381892e-03   2.5601563e-03   2.5241209e-03
   2.7850000e+00   2.2350350e-03   2.2507820e-03   2.2235720e-03
   2.7950000e+00   1.9388932e-03   1.9527124e-03   1.9280919e-03
   2.8050000e+00   1.6763426e-03   1.6897892e-03   1.6656233e-03
   2.8150000e+00   1.4521084e-03   1.4657236e-03   1.4412843e-03
   2.8250000e+00   1.2907810e-03   1.3045903e-03   1.2798028e-03
   2.8350000e+00   1.2396220e-03   1.2532832e-03   1.2286291e-03
   2.8450000e+00   1.3721627e-03   1.3856248e-03   1.3611589e-03
   2.8550000e+00   1.7690894e-03   1.7828722e-03   1.7577256e-03
   2.8650000e+00   2.4695927e-03   2.4841194e-03   2.4576074e-03
   2.8750000e+00   3.7339104e-03   3.7490943e-03   3.7214608e-03
   2.8850000e+00   5.3921777e-03   5.4073159e-03   5.3798973e-03
   2.8950000e+00   7.5363410e-03   7.5502879e-03   7.5252204e-03
   2.9050000e+00   9.7610783e-03   9.7728363e-03   9.7519472e-03
   2.9150000e+00   1.2066368e-02   1.2075204e-02   1.2059837e-02
   2.9250000e+00   1.3912217e-02   1.3917867e-02   1.3908477e-02
   2.9350000e+00   1.5723128e-02   1.5725492e-02   1.5722259e-02
   2.9450000e+00   1.6920735e-02   1.6920501e-02   1.6922127e-02
   2.9550000e+00   1.8225315e-02   1.8222362e-02   1.8229075e-02
   2.9650000e+00   1.9614541e-02   1.9608757e-02   1.9620768e-02
   2.9750000e+00   2.1218996e-02   2.1209977e-02   2.1228039e-02
   2.9850000e+00   2.2917215e-02   2.2904727e-02   2.2929277e-02
   2.9950000e+00   2.5016323e-02   2.4999380e-02   2.5032258e-02
   3.0050000e+00   2.7195525e-02   2.7173786e-02   2.7215623e-02
   3.0150000e+00   2.9502390e-02   2.9475180e-02   2.9527234e-02
   3.0250000e+00   3.1859234e-02   3.1826105e-02   3.1889211e-02
   3.0350000e+00   3.4279302e-02   3.4239668e-02   3.4314920e-02
   3.0450000e+00   3.6684479e-02   3.6637759e-02   3.6726245e-02
   3.0550000e+00   3.9171463e-02   3.9116915e-02   3.9220030e-02
   3.0650000e+00   4.0258534e-02   4.0198764e-02   4.0311660e-02
   3.0750000e+00   4.1068888e-02   4.1004527e-02   4.1126039e-02
   3.0850000e+00   4.0689871e-02   4.0624125e-02   4.0748272e-02
   3.0950000e+00   4.0360149e-02   4.0293232e-02   4.0419619e-02
   3.1050000e+00   3.9346516e-02   3.9280753e-02   3.9405026e-02
   3.1150000e+00   3.8531677e-02   3.8466806e-02   3.8589451e-02
   3.1250000e+00   3.7931857e-02   3.7867716e-02   3.7989028e-02
   3.1350000e+00   3.7504732e-02   3.7440983e-02   3.7561592e-02
   3.1450000e+00   3.7007728e-02   3.6944680e-02   3.7064007e-02
   3.1550000e+00   3.6671590e-02   3.6608916e-02   3.6727572e-02
   3.1650000e+00   3.5924348e-02   3.5863253e-02   3.5978976e-02
   3.1750000e+00   3.5347229e-02   3.5287349e-02   3.5400820e-02
   3.1850000e+00   3.4290345e-02   3.4233064e-02   3.4341680e-02
   3.1950000e+00   3.3381951e-02   3.3326928e-02   3.3431326e-02
   3.2050000e+00   3.2233312e-02   3.2181227e-02   3.2280126e-02
   3.2150000e+00   3.1176290e-02   3.1126918e-02   3.1220736e-02
   3.2250000e+00   3.0242788e-02   3.0195797e-02   3.0285154e-02
   3.2350000e+00   2.9350516e-02   2.9305804e-02   2.9390892e-02
   3.2450000e+00   2.8627157e-02   2.8584278e-02   2.8665932e-02
   3.2550000e+00   2.7945012e-02   2.7903863e-02   2.7982275e-02
   3.2650000e+00   2.7179301e-02   2.7140098e-02   2.7214862e-02
   3.2750000e+00   2.6413501e-02   2.6376248e-02   2.6447357e-02
   3.2850000e+00   2.5749371e-02   2.5713786e-02   2.5781766e-02
   3.2950000e+00   2.5145554e-02   2.5111470e-02   2.5176636e-02
   3.3050000e+00   2.4602517e-02   2.4569784e-02   2.4632419e-02
   3.3150000e+00   2.4120972e-02   2.4089438e-02   2.4149825e-02
   3.3250000e+00   2.3652177e-02   2.3621810e-02   2.3680009e-02
   3.3350000e+00   2.3199969e-02   2.3170724e-02   2.3226820e-02
   3.3450000e+00   2.2754129e-02   2.2725992e-02   2.2780010e-02
   3.3550000e+00   2.2325668e-02   2.2298592e-02   2.2350622e-02
   3.3650000e+00   2.1902206e-02   2.1876181e-02   2.1926241e-02
   3.3750000e+00   2.1506171e-02   2.1481121e-02   2.1529353e-02
   3.3850000e+00   2.1118892e-02   2.1094796e-02   2.1141241e-02
   3.3950000e+00   2.0758622e-02   2.0735413e-02   2.0780198e-02
   3.4050000e+00   2.0424510e-02   2.0402123e-02   2.0445370e-02
   3.4150000e+00   2.0099768e-02   2.0078188e-02   2.0119930e-02
   3.4250000e+00   1.9806402e-02   1.9785560e-02   1.9825933e-02
   3.4350000e+00   1.9514526e-02   1.9494444e-02   1.9533422e-02
   3.4450000e+00   1.9246254e-02   1.9226907e-02   1.9264557e-02
   3.4550000e+00   1.8981612e-02   1.8963069e-02   1.8999308e-02
   3.4650000e+00   1.8730950e-02   1.8713295e-02   1.8748031e-02
   3.4750000e+00   1.8494065e-02   1.8477449e-02   1.8510501e-02
   3.4850000e+00   1.8260085e-02   1.8244870e-02   1.8275755e-02
   3.4950000e+00   1.8043907e-02   1.8030346e-02   1.8058738e-02
   3.5050000e+00   1.7828773e-02   1.7817605e-02   1.7842481e-02
   3.5150000e+00   1.7628882e-02   1.7620848e-02   1.7641179e-02
   3.5250000e+00   1.7439617e-02   1.7435752e-02   1.7450067e-02
   3.5350000e+00   1.7253824e-02   1.7255966e-02   1.7261616e-02
   3.5450000e+00   1.7084566e-02   1.7093494e-02   1.7089295e-02
   3.5550000e+00   1.6917753e-02   1.6936072e-02   1.6918167e-02
   3.5650000e+00   1.6768495e-02   1.6796786e-02   1.6764208e-02
   3.5750000e+00   1.6631082e-02   1.6669723e-02   1.6621796e-02
   3.5850000e+00   1.6496328e-02   1.6547875e-02   1.6480684e-02
   3.5950000e+00   1.6365112e-02   1.6432897e-02   1.6341292e-02
   3.6050000e+00   1.6238512e-02   1.6326671e-02   1.6204172e-02
   3.6150000e+00   1.6118184e-02   1.6232189e-02   1.6070161e-02
   3.6250000e+00   1.6007633e-02   1.6151910e-02   1.5943127e-02
   3.6350000e+00   1.5914306e-02   1.6070430e-02   1.5843163e-02
   3.6450000e+00   1.5822328e-02   1.5991346e-02   1.5743932e-02
   3.6550000e+00   1.5731626e-02   1.5914219e-02   1.5645463e-02
   3.6650000e+00   1.5642492e-02   1.5839880e-02   1.5547853e-02
   3.6750000e+00   1.5554995e-02   1.5768122e-02   1.5451191e-02
   3.6850000e+00   1.5469299e-02   1.5699482e-02   1.5355526e-02
   3.6950000e+00   1.5385464e-02   1.5633757e-02   1.5260969e-02
   3.7050000e+00   1.5303952e-02   1.5571901e-02   1.5167713e-02
   3.7150000e+00   1.5224692e-02   1.5513618e-02   1.5075784e-02
   3.7250000e+00   1.5148048e-02   1.5459663e-02   1.4985356e-02
   3.7350000e+00   1.5066875e-02   1.5392637e-02   1.4895398e-02
   3.7450000e+00   1.4970638e-02   1.5288687e-02   1.4803728e-02
   3.7550000e+00   1.4874621e-02   1.5184984e-02   1.4712251e-02
   3.7650000e+00   1.4779187e-02   1.5082137e-02   1.4621136e-02
   3.7750000e+00   1.4684156e-02   1.4979964e-02   1.4530275e-02
   3.7850000e+00   1.4588942e-02   1.4863409e-02   1.4447786e-02
   3.7950000e+00   1.4496321e-02   1.4750995e-02   1.4366773e-02
   3.8050000e+00   1.4406224e-02   1.4643042e-02   1.4287102e-02
   3.8150000e+00   1.4318064e-02   1.4538240e-02   1.4208532e-02
   3.8250000e+00   1.4232021e-02   1.4437194e-02   1.4131074e-02
   3.8350000e+00   1.4147489e-02   1.4338594e-02   1.4054475e-02
   3.8450000e+00   1.4064545e-02   1.4242866e-02   1.3978709e-02
   3.8550000e+00   1.3993389e-02   1.4156584e-02   1.3915988e-02
   3.8650000e+00   1.3926765e-02   1.4075415e-02   1.3857366e-02
   3.8750000e+00   1.3862082e-02   1.3997797e-02   1.3799726e-02
   3.8850000e+00   1.3798901e-02   1.3922857e-02   1.3742867e-02
   3.8950000e+00   1.3737201e-02   1.3850647e-02   1.3686752e-02
   3.9050000e+00   1.3676652e-02   1.3780500e-02   1.3631231e-02
   3.9150000e+00   1.3617206e-02   1.3712436e-02   1.3576260e-02
   3.9250000e+00   1.3558724e-02   1.3646172e-02   1.3521771e-02
   3.9350000e+00   1.3501031e-02   1.3581346e-02   1.3467687e-02
   3.9450000e+00   1.3444134e-02   1.3518049e-02   1.3413994e-02
   3.9550000e+00   1.3387859e-02   1.3455911e-02   1.3360621e-02
   3.9650000e+00   1.3332213e-02   1.3394979e-02   1.3307559e-02
   3.9750000e+00   1.3285351e-02   1.3342670e-02   1.3263342e-02
   3.9850000e+00   1.3244623e-02   1.3296690e-02   1.3225144e-02
   3.9950000e+00   1.3204456e-02   1.3251826e-02   1.3187212e-02
   4.0050000e+00   1.3164759e-02   1.3207876e-02   1.3149510e-02
   4.0150000e+00   1.3125496e-02   1.3164791e-02   1.3112016e-02
   4.0250000e+00   1.3086611e-02   1.3122464e-02   1.3074705e-02
   4.0350000e+00   1.3048061e-02   1.3080804e-02   1.3037557e-02
   4.0450000e+00   1.3009819e-02   1.3039759e-02   1.3000561e-02
   4.0550000e+00   1.2971838e-02   1.2999233e-02   1.2963695e-02
   4.0650000e+00   1.2934103e-02   1.2959200e-02   1.2926952e-02
   4.0750000e+00   1.2896590e-02   1.2919613e-02   1.2890322e-02
   4.0850000e+00   1.2859268e-02   1.2880401e-02   1.2853793e-02
   4.0950000e+00   1.2822129e-02   1.2841552e-02   1.2817359e-02
   4.1050000e+00   1.2790482e-02   1.2808310e-02   1.2786366e-02
   4.1150000e+00   1.2762532e-02   1.2778884e-02   1.2759017e-02
   4.1250000e+00   1.2734718e-02   1.2749732e-02   1.2731739e-02
   4.1350000e+00   1.2707024e-02   1.2720820e-02   1.2704525e-02
   4.1450000e+00   1.2679444e-02   1.2692134e-02   1.2677373e-02
   4.1550000e+00   1.2651969e-02   1.2663655e-02   1.2650280e-02
   4.1650000e+00   1.2624588e-02   1.2635360e-02   1.2623240e-02
   4.1750000e+00   1.2597296e-02   1.2607234e-02   1.2596252e-02
   4.1850000e+00   1.2570088e-02   1.2579269e-02   1.2569314e-02
   4.1950000e+00   1.2542957e-02   1.2551448e-02   1.2542424e-02
   4.2050000e+00   1.2515900e-02   1.2523763e-02   1.2515579e-02
   4.2150000e+00   1.2488911e-02   1.2496201e-02   1.2488778e-02
   4.2250000e+00   1.2461986e-02   1.2468757e-02   1.2462019e-02
   4.2350000e+00   1.2435124e-02   1.2441422e-02   1.2435302e-02
   4.2450000e+00   1.2414081e-02   1.2419659e-02   1.2414506e-02
   4.2550000e+00   1.2396999e-02   1.2401778e-02   1.2397705e-02
   4.2650000e+00   1.2380044e-02   1.2384137e-02   1.2380983e-02
   4.2750000e+00   1.2363204e-02   1.2366709e-02   1.2364335e-02
   4.2850000e+00   1.2346470e-02   1.2349470e-02   1.2347759e-02
   4.2950000e+00   1.2329832e-02   1.2332399e-02   1.2331251e-02
   4.3050000e+00   1.2313285e-02   1.2315481e-02   1.2314810e-02
   4.3150000e+00   1.2296823e-02   1.2298701e-02   1.2298433e-02
   4.3250000e+00   1.2280442e-02   1.2282049e-02   1.2282118e-02
   4.3350000e+00   1.2264138e-02   1.2265513e-02   1.2265865e-02
   4.3450000e+00   1.2247908e-02   1.2249085e-02   1.2249673e-02
   4.3550000e+00   1.2240515e-02   1.2241456e-02   1.2242344e-02
   4.3650000e+00   1.2236970e-02   1.2237686e-02   1.2238864e-02
   4.3750000e+00   1.2233518e-02   1.2234044e-02   1.2235464e-02
   4.3850000e+00   1.2230155e-02   1.2230521e-02   1.2232143e-02
   4.3950000e+00   1.2239130e-02   1.2239337e-02   1.2241178e-02
   4.4050000e+00   1.2251240e-02   1.2251300e-02   1.2253347e-02
   4.4150000e+00   1.2263419e-02   1.2263349e-02   1.2265580e-02
   4.4250000e+00   1.2275665e-02   1.2275478e-02   1.2277875e-02
   4.4350000e+00   1.2287976e-02   1.2287686e-02   1.2290233e-02
   4.4450000e+00   1.2301809e-02   1.2301425e-02   1.2304110e-02
   4.4550000e+00   1.2328787e-02   1.2328313e-02   1.2331152e-02
   4.4650000e+00   1.2355788e-02   1.2355227e-02   1.2358218e-02
   4.4750000e+00   1.2382814e-02   1.2382166e-02   1.2385307e-02
   4.4850000e+00   1.2409863e-02   1.2409130e-02   1.2412419e-02
   4.4950000e+00   1.2436936e-02   1.2436120e-02   1.2439555e-02
   4.5050000e+00   1.2464033e-02   1.2463134e-02   1.2466715e-02
   4.5150000e+00   1.2496259e-02   1.2495319e-02   1.2498999e-02
   4.5250000e+00   1.2528514e-02   1.2527533e-02   1.2531311e-02
   4.5350000e+00   1.2560797e-02   1.2559778e-02   1.2563652e-02
   4.5450000e+00   1.2593109e-02   1.2592053e-02   1.2596021e-02
   4.5550000e+00   1.2623700e-02   1.2622663e-02   1.2626649e-02
   4.5650000e+00   1.2648114e-02   1.2647140e-02   1.2651075e-02
   4.5750000e+00   1.2666784e-02   1.2665907e-02   1.2669738e-02
   4.5850000e+00   1.2670792e-02   1.2670083e-02   1.2673690e-02
   4.5950000e+00   1.2660142e-02   1.2659682e-02   1.2662934e-02
   4.6050000e+00   1.2649592e-02   1.2649418e-02   1.2652266e-02
   4.6150000e+00   1.2639146e-02   1.2639303e-02   1.2641685e-02
   4.6250000e+00   1.2628811e-02   1.2629352e-02   1.2631195e-02
   4.6350000e+00   1.2618592e-02   1.2619584e-02   1.2620798e-02
   4.6450000e+00   1.2608499e-02   1.2610022e-02   1.2610496e-02
   4.6550000e+00   1.2598543e-02   1.2600692e-02   1.2600294e-02
   4.6650000e+00   1.2588738e-02   1.2591632e-02   1.2590195e-02
   4.6750000e+00   1.2579100e-02   1.2582884e-02   1.2580208e-02
   4.6850000e+00   1.2569654e-02   1.2574504e-02   1.2570339e-02
   4.6950000e+00   1.2560427e-02   1.2566560e-02   1.2560600e-02
   4.7050000e+00   1.2551457e-02   1.2559140e-02   1.2551005e-02
   4.7150000e+00   1.2542793e-02   1.2552356e-02   1.2541572e-02
   4.7250000e+00   1.2524844e-02   1.2536010e-02   1.2522940e-02
   4.7350000e+00   1.2500632e-02   1.2513130e-02   1.2498140e-02
   4.7450000e+00   1.2476543e-02   1.2490504e-02   1.2473403e-02
   4.7550000e+00   1.2452591e-02   1.2468162e-02   1.2448735e-02
   4.7650000e+00   1.2428790e-02   1.2446134e-02   1.2424142e-02
   4.7750000e+00   1.2405157e-02   1.2424455e-02   1.2399632e-02
   4.7850000e+00   1.2381710e-02   1.2403160e-02   1.2375211e-02
   4.7950000e+00   1.2358471e-02   1.2382298e-02   1.2350890e-02
   4.8050000e+00   1.2335466e-02   1.2361922e-02   1.2326680e-02
   4.8150000e+00   1.2312722e-02   1.2342082e-02   1.2302593e-02
   4.8250000e+00   1.2290271e-02   1.2322842e-02   1.2278644e-02
   4.8350000e+00   1.2268153e-02   1.2304282e-02   1.2254850e-02
   4.8450000e+00   1.2246408e-02   1.2286483e-02   1.2231231e-02
   4.8550000e+00   1.2225089e-02   1.2269546e-02   1.2207811e-02
   4.8650000e+00   1.2204254e-02   1.2253578e-02   1.2184617e-02
   4.8750000e+00   1.2183972e-02   1.2238703e-02   1.2161682e-02
   4.8850000e+00   1.2164304e-02   1.2225040e-02   1.2139038e-02
   4.8950000e+00   1.2145356e-02   1.2212788e-02   1.2116735e-02
   4.9050000e+00   1.2126537e-02   1.2200976e-02   1.2094362e-02
   4.9150000e+00   1.2101936e-02   1.2179646e-02   1.2068063e-02
   4.9250000e+00   1.2077501e-02   1.2158612e-02   1.2041852e-02
   4.9350000e+00   1.2053232e-02   1.2137884e-02   1.2015727e-02
   4.9450000e+00   1.2029141e-02   1.2117487e-02   1.1989695e-02
   4.9550000e+00   1.2005238e-02   1.2097433e-02   1.1963761e-02
   4.9650000e+00   1.1981540e-02   1.2077747e-02   1.1937933e-02
   4.9750000e+00   1.1958044e-02   1.2058419e-02   1.1912212e-02
   4.9850000e+00   1.1934743e-02   1.2039438e-02   1.1886597e-02
   4.9950000e+00   1.1911689e-02   1.2020911e-02   1.1861108e-02
