   3.0500000e-01   9.0352124e-01   9.1034039e-01   8.9585048e-01
   3.1500000e-01   9.0310165e-01   9.0995165e-01   8.9540523e-01
   3.2500000e-01   9.0273180e-01   9.0961425e-01   8.9499936e-01
   3.3500000e-01   9.0239064e-01   9.0928459e-01   8.9464410e-01
   3.4500000e-01   9.0202577e-01   9.0894984e-01   8.9424621e-01
   3.5500000e-01   9.0161461e-01   9.0855515e-01   8.9382023e-01
   3.6500000e-01   9.0146399e-01   9.0842063e-01   8.9364958e-01
   3.7500000e-01   9.0115713e-01   9.0812675e-01   8.9333257e-01
   3.8500000e-01   9.0088391e-01   9.0786495e-01   8.9304713e-01
   3.9500000e-01   9.0064262e-01   9.0764306e-01   8.9278449e-01
   4.0500000e-01   9.0047933e-01   9.0749073e-01   8.9260674e-01
   4.1500000e-01   9.0026930e-01   9.0730237e-01   8.9237520e-01
   4.2500000e-01   9.0014902e-01   9.0719090e-01   8.9224587e-01
   4.3500000e-01   9.0003958e-01   9.0708989e-01   8.9212587e-01
   4.4500000e-01   8.9988269e-01   9.0694061e-01   8.9196155e-01
   4.5500000e-01   8.9971880e-01   9.0679612e-01   8.9177791e-01
   4.6500000e-01   8.9955785e-01   9.0663084e-01   8.9162240e-01
   4.7500000e-01   8.9950982e-01   9.0659986e-01   8.9155283e-01
   4.8500000e-01   8.9946664e-01   9.0655888e-01   8.9150909e-01
   4.9500000e-01   8.9929038e-01   9.0639759e-01   8.9131632e-01
   5.0500000e-01   8.9911665e-01   9.0622945e-01   8.9113996e-01
   5.1500000e-01   8.9907835e-01   9.0619168e-01   8.9109600e-01
   5.2500000e-01   8.9897610e-01   9.0608711e-01   8.9099144e-01
   5.3500000e-01   8.9874063e-01   9.0587104e-01   8.9074776e-01
   5.4500000e-01   8.9861564e-01   9.0576949e-01   8.9059225e-01
   5.5500000e-01   8.9837571e-01   9.0553164e-01   8.9035494e-01
   5.6500000e-01   8.9844360e-01   9.0561164e-01   8.9040618e-01
   5.7500000e-01   8.9819101e-01   9.0534692e-01   8.9016903e-01
   5.8500000e-01   8.9817835e-01   9.0535710e-01   8.9012174e-01
   5.9500000e-01   8.9809789e-01   9.0528147e-01   8.9003852e-01
   6.0500000e-01   8.9772340e-01   9.0488866e-01   8.8969097e-01
   6.1500000e-01   8.9754228e-01   9.0472405e-01   8.8948504e-01
   6.2500000e-01   8.9725253e-01   9.0443760e-01   8.8919251e-01
   6.3500000e-01   8.9704671e-01   9.0424465e-01   8.8897758e-01
   6.4500000e-01   8.9662681e-01   9.0383337e-01   8.8855358e-01
   6.5500000e-01   8.9638583e-01   9.0357017e-01   8.8832932e-01
   6.6500000e-01   8.9612069e-01   9.0332342e-01   8.8804585e-01
   6.7500000e-01   8.9586984e-01   9.0309492e-01   8.8776898e-01
   6.8500000e-01   8.9576659e-01   9.0295675e-01   8.8769089e-01
   6.9500000e-01   8.9497840e-01   9.0221045e-01   8.8686802e-01
   7.0500000e-01   8.9455411e-01   9.0178588e-01   8.8644478e-01
   7.1500000e-01   8.9390518e-01   9.0116128e-01   8.8576642e-01
   7.2500000e-01   8.9351763e-01   9.0076114e-01   8.8538892e-01
   7.3500000e-01   8.9291642e-01   9.0017910e-01   8.8478335e-01
   7.4500000e-01   8.9204286e-01   8.9930989e-01   8.8390485e-01
   7.5500000e-01   8.9097208e-01   8.9822343e-01   8.8283933e-01
   7.6500000e-01   8.8960760e-01   8.9688804e-01   8.8145147e-01
   7.7500000e-01   8.8813054e-01   8.9544888e-01   8.7992940e-01
   7.8500000e-01   8.8652832e-01   8.9382339e-01   8.7834146e-01
   7.9500000e-01   8.8502873e-01   8.9237823e-01   8.7679027e-01
   8.0500000e-01   8.8373014e-01   8.9106897e-01   8.7550866e-01
   8.1500000e-01   8.8385368e-01   8.9119982e-01   8.7562397e-01
   8.2500000e-01   8.8369634e-01   8.9100986e-01   8.7548377e-01
   8.3500000e-01   8.8296014e-01   8.9027163e-01   8.7477203e-01
   8.4500000e-01   8.8118980e-01   8.8843777e-01   8.7306434e-01
   8.5500000e-01   8.7919221e-01   8.8660029e-01   8.7088328e-01
   8.6500000e-01   8.7570651e-01   8.8315840e-01   8.6733841e-01
   8.7500000e-01   8.7073866e-01   8.7825048e-01   8.6231516e-01
   8.8500000e-01   8.6588598e-01   8.7338462e-01   8.5745473e-01
   8.9500000e-01   8.6238658e-01   8.6993815e-01   8.5392642e-01
   9.0500000e-01   8.6049425e-01   8.6809700e-01   8.5200722e-01
   9.1500000e-01   8.5939109e-01   8.6700227e-01   8.5084995e-01
   9.2500000e-01   8.5706498e-01   8.6474556e-01   8.4846908e-01
   9.3500000e-01   8.5453384e-01   8.6220898e-01   8.4594670e-01
   9.4500000e-01   8.5130592e-01   8.5905722e-01   8.4264876e-01
   9.5500000e-01   8.4510806e-01   8.5291807e-01   8.3635385e-01
   9.6500000e-01   8.3498535e-01   8.4305495e-01   8.2600004e-01
   9.7500000e-01   8.2424777e-01   8.3246484e-01   8.1509296e-01
   9.8500000e-01   8.1324090e-01   8.2154780e-01   8.0395230e-01
   9.9500000e-01   8.0019796e-01   8.0889217e-01   7.9057522e-01
   1.0050000e+00   7.8555798e-01   7.9450474e-01   7.7558582e-01
   1.0150000e+00   7.7221235e-01   7.8170752e-01   7.6174385e-01
   1.0250000e+00   7.6615002e-01   7.7560022e-01   7.5568344e-01
   1.0350000e+00   7.6599738e-01   7.7557559e-01   7.5539091e-01
   1.0450000e+00   7.6944273e-01   7.7895930e-01   7.5895895e-01
   1.0550000e+00   7.7807217e-01   7.8730775e-01   7.6787248e-01
   1.0650000e+00   7.8679168e-01   7.9576092e-01   7.7682807e-01
   1.0750000e+00   7.9207390e-01   8.0104205e-01   7.8216083e-01
   1.0850000e+00   7.9542073e-01   8.0432879e-01   7.8554688e-01
   1.0950000e+00   7.9672354e-01   8.0559397e-01   7.8688509e-01
   1.1050000e+00   7.9675890e-01   8.0561207e-01   7.8692184e-01
   1.1150000e+00   7.9448313e-01   8.0342188e-01   7.8458472e-01
   1.1250000e+00   7.8932530e-01   7.9828920e-01   7.7937991e-01
   1.1350000e+00   7.8097640e-01   7.9021946e-01   7.7076783e-01
   1.1450000e+00   7.7677967e-01   7.8604260e-01   7.6652219e-01
   1.1550000e+00   7.6237757e-01   7.7199025e-01   7.5174966e-01
   1.1650000e+00   7.3881380e-01   7.4921410e-01   7.2737193e-01
   1.1750000e+00   7.1363104e-01   7.2453028e-01   7.0167232e-01
   1.1850000e+00   6.9102062e-01   7.0254331e-01   6.7839693e-01
   1.1950000e+00   6.6997001e-01   6.8205715e-01   6.5678794e-01
   1.2050000e+00   6.4363332e-01   6.5642366e-01   6.2969746e-01
   1.2150000e+00   6.1465319e-01   6.2803144e-01   6.0011798e-01
   1.2250000e+00   5.9708679e-01   6.1094551e-01   5.8205720e-01
   1.2350000e+00   5.8469634e-01   5.9872708e-01   5.6949931e-01
   1.2450000e+00   5.7568517e-01   5.8989245e-01   5.6029522e-01
   1.2550000e+00   5.7110598e-01   5.8542942e-01   5.5559206e-01
   1.2650000e+00   5.6863018e-01   5.8298009e-01   5.5309220e-01
   1.2750000e+00   5.6890653e-01   5.8325257e-01   5.5338314e-01
   1.2850000e+00   5.7211878e-01   5.8639380e-01   5.5665826e-01
   1.2950000e+00   5.7373590e-01   5.8799819e-01   5.5828984e-01
   1.3050000e+00   5.7524284e-01   5.8947051e-01   5.5983534e-01
   1.3150000e+00   5.7646425e-01   5.9068941e-01   5.6105697e-01
   1.3250000e+00   5.7700190e-01   5.9122523e-01   5.6160879e-01
   1.3350000e+00   5.7683360e-01   5.9103029e-01   5.6145525e-01
   1.3450000e+00   5.7447157e-01   5.8876329e-01   5.5900569e-01
   1.3550000e+00   5.7083570e-01   5.8515585e-01   5.5532879e-01
   1.3650000e+00   5.6720401e-01   5.8159481e-01   5.5163502e-01
   1.3750000e+00   5.5942861e-01   5.7398854e-01   5.4370429e-01
   1.3850000e+00   5.4787091e-01   5.6260258e-01   5.3195202e-01
   1.3950000e+00   5.3036960e-01   5.4536147e-01   5.1420260e-01
   1.4050000e+00   4.6852545e-01   4.8427262e-01   4.5166442e-01
   1.4150000e+00   3.7441729e-01   3.9060482e-01   3.5727574e-01
   1.4250000e+00   2.8239216e-01   2.9783028e-01   2.6625973e-01
   1.4350000e+00   2.1274860e-01   2.2676338e-01   1.9830806e-01
   1.4450000e+00   1.6497986e-01   1.7739018e-01   1.5234537e-01
   1.4550000e+00   1.2474547e-01   1.3529413e-01   1.1415105e-01
   1.4650000e+00   9.4889978e-02   1.0366426e-01   8.6190062e-02
   1.4750000e+00   7.4903576e-02   8.2249197e-02   6.7699142e-02
   1.4850000e+00   6.3784397e-02   7.0224693e-02   5.7516542e-02
   1.4950000e+00   5.9743957e-02   6.5829663e-02   5.3838335e-02
   1.5050000e+00   6.1908107e-02   6.8182000e-02   5.5809255e-02
   1.5150000e+00   6.4992035e-02   7.1537348e-02   5.8616336e-02
   1.5250000e+00   6.8137402e-02   7.4943586e-02   6.1491300e-02
   1.5350000e+00   7.2567876e-02   7.9735028e-02   6.5549868e-02
   1.5450000e+00   7.8017773e-02   8.5611738e-02   7.0556672e-02
   1.5550000e+00   8.4129118e-02   9.2175040e-02   7.6197002e-02
   1.5650000e+00   9.1143382e-02   9.9675846e-02   8.2699810e-02
   1.5750000e+00   9.9666208e-02   1.0876663e-01   9.0621671e-02
   1.5850000e+00   1.0948524e-01   1.1919220e-01   9.9795897e-02
   1.5950000e+00   1.1680776e-01   1.2692556e-01   1.0667339e-01
   1.6050000e+00   1.2388283e-01   1.3440125e-01   1.1332041e-01
   1.6150000e+00   1.3081620e-01   1.4169828e-01   1.1986207e-01
   1.6250000e+00   1.3506921e-01   1.4616612e-01   1.2388096e-01
   1.6350000e+00   1.3944579e-01   1.5077886e-01   1.2800916e-01
   1.6450000e+00   1.4417931e-01   1.5572121e-01   1.3250534e-01
   1.6550000e+00   1.4968722e-01   1.6149918e-01   1.3772448e-01
   1.6650000e+00   1.5601119e-01   1.6806576e-01   1.4377582e-01
   1.6750000e+00   1.6310104e-01   1.7547870e-01   1.5051170e-01
   1.6850000e+00   1.6991929e-01   1.8257053e-01   1.5703228e-01
   1.6950000e+00   1.7633721e-01   1.8919813e-01   1.6320833e-01
   1.7050000e+00   1.8305841e-01   1.9622293e-01   1.6960439e-01
   1.7150000e+00   1.8956878e-01   2.0291925e-01   1.7589358e-01
   1.7250000e+00   1.9637353e-01   2.0996521e-01   1.8243629e-01
   1.7350000e+00   2.0232068e-01   2.1609125e-01   1.8817044e-01
   1.7450000e+00   2.0677041e-01   2.2066359e-01   1.9248850e-01
   1.7550000e+00   2.1176736e-01   2.2582297e-01   1.9729019e-01
   1.7650000e+00   2.1589730e-01   2.3005240e-01   2.0130414e-01
   1.7750000e+00   2.1935714e-01   2.3361151e-01   2.0465412e-01
   1.7850000e+00   2.2272037e-01   2.3704893e-01   2.0793832e-01
   1.7950000e+00   2.2669696e-01   2.4115814e-01   2.1175425e-01
   1.8050000e+00   2.3074234e-01   2.4530285e-01   2.1569353e-01
   1.8150000e+00   2.3563372e-01   2.5031967e-01   2.2043489e-01
   1.8250000e+00   2.4052255e-01   2.5532560e-01   2.2519669e-01
   1.8350000e+00   2.4285769e-01   2.5768408e-01   2.2749406e-01
   1.8450000e+00   2.4134058e-01   2.5615975e-01   2.2599738e-01
   1.8550000e+00   2.3589462e-01   2.5055784e-01   2.2072649e-01
   1.8650000e+00   2.2064607e-01   2.3499391e-01   2.0583967e-01
   1.8750000e+00   1.9221970e-01   2.0567822e-01   1.7841932e-01
   1.8850000e+00   1.6244155e-01   1.7481997e-01   1.4986303e-01
   1.8950000e+00   1.2965790e-01   1.4054609e-01   1.1870955e-01
   1.9050000e+00   1.0026484e-01   1.0944883e-01   9.1142253e-02
   1.9150000e+00   7.1888300e-02   7.9052187e-02   6.4877704e-02
   1.9250000e+00   5.4616412e-02   6.0306851e-02   4.9117543e-02
   1.9350000e+00   4.1944382e-02   4.6385655e-02   3.7707072e-02
   1.9450000e+00   3.4360475e-02   3.7960838e-02   3.0961440e-02
   1.9550000e+00   2.9768817e-02   3.2815466e-02   2.6917133e-02
   1.9650000e+00   2.6973131e-02   2.9659475e-02   2.4474765e-02
   1.9750000e+00   2.5528206e-02   2.8021777e-02   2.3218112e-02
   1.9850000e+00   2.4830412e-02   2.7230091e-02   2.2611924e-02
   1.9950000e+00   2.4739056e-02   2.7128306e-02   2.2530450e-02
   2.0050000e+00   2.5010196e-02   2.7439584e-02   2.2762494e-02
   2.0150000e+00   2.5679988e-02   2.8204679e-02   2.3339567e-02
   2.0250000e+00   2.6517254e-02   2.9157887e-02   2.4063393e-02
   2.0350000e+00   2.7545758e-02   3.0325162e-02   2.4956449e-02
   2.0450000e+00   2.9002688e-02   3.1974441e-02   2.6224812e-02
   2.0550000e+00   3.1183364e-02   3.4428830e-02   2.8135607e-02
   2.0650000e+00   3.3958188e-02   3.7538975e-02   3.0579004e-02
   2.0750000e+00   3.7918573e-02   4.1954143e-02   3.4087706e-02
   2.0850000e+00   4.2918349e-02   4.7493375e-02   3.8546731e-02
   2.0950000e+00   4.9467836e-02   5.4700845e-02   4.4433829e-02
   2.1050000e+00   5.8144798e-02   6.4190592e-02   5.2286282e-02
   2.1150000e+00   6.6968953e-02   7.3774687e-02   6.0330534e-02
   2.1250000e+00   7.8452728e-02   8.6162724e-02   7.0879565e-02
   2.1350000e+00   9.0954073e-02   9.9575190e-02   8.2430193e-02
   2.1450000e+00   1.0349180e-01   1.1291709e-01   9.4116756e-02
   2.1550000e+00   1.1633683e-01   1.2653273e-01   1.0614272e-01
   2.1650000e+00   1.2850570e-01   1.3936502e-01   1.1759961e-01
   2.1750000e+00   1.4065216e-01   1.5212702e-01   1.2907154e-01
   2.1850000e+00   1.5151658e-01   1.6346890e-01   1.3941779e-01
   2.1950000e+00   1.6177036e-01   1.7419170e-01   1.4916070e-01
   2.2050000e+00   1.7028642e-01   1.8306034e-01   1.5728746e-01
   2.2150000e+00   1.7971200e-01   1.9279169e-01   1.6635597e-01
   2.2250000e+00   1.8776011e-01   2.0112612e-01   1.7407632e-01
   2.2350000e+00   1.9440076e-01   2.0801912e-01   1.8045416e-01
   2.2450000e+00   1.9874745e-01   2.1252796e-01   1.8462400e-01
   2.2550000e+00   1.9674962e-01   2.1046619e-01   1.8269982e-01
   2.2650000e+00   1.9267815e-01   2.0624319e-01   1.7878514e-01
   2.2750000e+00   1.8393772e-01   1.9721513e-01   1.7038721e-01
   2.2850000e+00   1.7366252e-01   1.8651180e-01   1.6055886e-01
   2.2950000e+00   1.6141169e-01   1.7376938e-01   1.4885180e-01
   2.3050000e+00   1.4825521e-01   1.6009051e-01   1.3628686e-01
   2.3150000e+00   1.3574312e-01   1.4694443e-01   1.2446784e-01
   2.3250000e+00   1.2466151e-01   1.3535680e-01   1.1393216e-01
   2.3350000e+00   1.1468666e-01   1.2485265e-01   1.0454024e-01
   2.3450000e+00   1.0601084e-01   1.1563981e-01   9.6428490e-02
   2.3550000e+00   9.8937976e-02   1.0814520e-01   8.9812630e-02
   2.3650000e+00   9.3640225e-02   1.0249424e-01   8.4871987e-02
   2.3750000e+00   8.9149915e-02   9.7675636e-02   8.0726416e-02
   2.3850000e+00   8.5930605e-02   9.4245038e-02   7.7734958e-02
   2.3950000e+00   8.3143094e-02   9.1261654e-02   7.5151394e-02
   2.4050000e+00   8.0725328e-02   8.8674991e-02   7.2905719e-02
   2.4150000e+00   7.8464176e-02   8.6240212e-02   7.0832832e-02
   2.4250000e+00   7.6574390e-02   8.4214156e-02   6.9079699e-02
   2.4350000e+00   7.4495255e-02   8.1974352e-02   6.7162616e-02
   2.4450000e+00   7.2260059e-02   7.9566710e-02   6.5111254e-02
   2.4550000e+00   7.0318710e-02   7.7487239e-02   6.3304180e-02
   2.4650000e+00   6.8235174e-02   7.5241542e-02   6.1394232e-02
   2.4750000e+00   6.6390317e-02   7.3254069e-02   5.9700311e-02
   2.4850000e+00   6.4633353e-02   7.1353508e-02   5.8089784e-02
   2.4950000e+00   6.2905224e-02   6.9478652e-02   5.6508085e-02
   2.5050000e+00   6.1714721e-02   6.8196316e-02   5.5416646e-02
   2.5150000e+00   6.0989762e-02   6.7426756e-02   5.4738028e-02
   2.5250000e+00   6.0524720e-02   6.6913163e-02   5.4316419e-02
   2.5350000e+00   6.0525756e-02   6.6938836e-02   5.4298749e-02
   2.5450000e+00   6.0322964e-02   6.6702572e-02   5.4128558e-02
   2.5550000e+00   6.0616551e-02   6.6991785e-02   5.4415066e-02
   2.5650000e+00   6.1411058e-02   6.7866189e-02   5.5129605e-02
   2.5750000e+00   6.1522369e-02   6.8025769e-02   5.5206338e-02
   2.5850000e+00   6.1426416e-02   6.7911609e-02   5.5115859e-02
   2.5950000e+00   6.0273034e-02   6.6633033e-02   5.4085814e-02
   2.6050000e+00   5.8384129e-02   6.4604842e-02   5.2343701e-02
   2.6150000e+00   5.5943341e-02   6.1984601e-02   5.0095486e-02
   2.6250000e+00   5.0991783e-02   5.6582484e-02   4.5595171e-02
   2.6350000e+00   4.4573515e-02   4.9567334e-02   3.9776325e-02
   2.6450000e+00   3.9369942e-02   4.3859530e-02   3.5076191e-02
   2.6550000e+00   3.5044868e-02   3.9098407e-02   3.1187063e-02
   2.6650000e+00   3.1464636e-02   3.5143869e-02   2.7975863e-02
   2.6750000e+00   2.8399716e-02   3.1747819e-02   2.5237076e-02
   2.6850000e+00   2.0291889e-02   2.2675633e-02   1.8068794e-02
   2.6950000e+00   1.5577642e-02   1.7356601e-02   1.3938416e-02
   2.7050000e+00   1.2561737e-02   1.3930501e-02   1.1314492e-02
   2.7150000e+00   1.0495137e-02   1.1571467e-02   9.5246752e-03
   2.7250000e+00   9.0034683e-03   9.8655931e-03   8.2338908e-03
   2.7350000e+00   6.2141427e-03   6.6005766e-03   5.8834237e-03
   2.7450000e+00   5.0889489e-03   5.2889418e-03   4.9234486e-03
   2.7550000e+00   4.4357955e-03   4.5512033e-03   4.3424119e-03
   2.7650000e+00   3.9548628e-03   4.0282677e-03   3.8960715e-03
   2.7750000e+00   3.5507147e-03   3.6018867e-03   3.5097057e-03
   2.7850000e+00   3.0975345e-03   3.1273009e-03   3.0731057e-03
   2.7950000e+00   2.6826464e-03   2.7040078e-03   2.6644481e-03
   2.8050000e+00   2.3251374e-03   2.3443296e-03   2.3084267e-03
   2.8150000e+00   2.0232000e-03   2.0420944e-03   2.0064865e-03
   2.8250000e+00   1.8053280e-03   1.8232134e-03   1.7890605e-03
   2.8350000e+00   1.7341190e-03   1.7504623e-03   1.7188818e-03
   2.8450000e+00   1.9108584e-03   1.9259784e-03   1.8965200e-03
   2.8550000e+00   2.4469342e-03   2.4619114e-03   2.4326102e-03
   2.8650000e+00   3.3938033e-03   3.4094389e-03   3.3788112e-03
   2.8750000e+00   5.0974861e-03   5.1139422e-03   5.0817299e-03
   2.8850000e+00   7.3227494e-03   7.3394307e-03   7.3068372e-03
   2.8950000e+00   1.0186042e-02   1.0201856e-02   1.0171053e-02
   2.9050000e+00   1.3142027e-02   1.3155951e-02   1.3128949e-02
   2.9150000e+00   1.6190759e-02   1.6202051e-02   1.6180308e-02
   2.9250000e+00   1.8620000e-02   1.8628344e-02   1.8612468e-02
   2.9350000e+00   2.0995471e-02   2.1000774e-02   2.0990945e-02
   2.9450000e+00   2.2560826e-02   2.2563712e-02   2.2558683e-02
   2.9550000e+00   2.4263032e-02   2.4263404e-02   2.4263371e-02
   2.9650000e+00   2.6072057e-02   2.6069824e-02   2.6074966e-02
   2.9750000e+00   2.8156540e-02   2.8151341e-02   2.8162375e-02
   2.9850000e+00   3.0356936e-02   3.0348568e-02   3.0365896e-02
   2.9950000e+00   3.3068023e-02   3.3055594e-02   3.3080986e-02
   3.0050000e+00   3.5872576e-02   3.5855793e-02   3.5889826e-02
   3.0150000e+00   3.8829608e-02   3.8807876e-02   3.8851732e-02
   3.0250000e+00   4.1838702e-02   4.1811643e-02   4.1866070e-02
   3.0350000e+00   4.4915716e-02   4.4882836e-02   4.4948815e-02
   3.0450000e+00   4.7960285e-02   4.7921107e-02   4.7999587e-02
   3.0550000e+00   5.1095063e-02   5.1048984e-02   5.1141168e-02
   3.0650000e+00   5.2453991e-02   5.2403351e-02   5.2504609e-02
   3.0750000e+00   5.3462599e-02   5.3407994e-02   5.3517151e-02
   3.0850000e+00   5.2975769e-02   5.2920013e-02   5.3031487e-02
   3.0950000e+00   5.2552187e-02   5.2495482e-02   5.2608873e-02
   3.1050000e+00   5.1269345e-02   5.1213700e-02   5.1325013e-02
   3.1150000e+00   5.0236604e-02   5.0181796e-02   5.0291471e-02
   3.1250000e+00   4.9475947e-02   4.9421826e-02   4.9530156e-02
   3.1350000e+00   4.8933332e-02   4.8879607e-02   4.8987169e-02
   3.1450000e+00   4.8302571e-02   4.8249506e-02   4.8355773e-02
   3.1550000e+00   4.7875261e-02   4.7822576e-02   4.7928105e-02
   3.1650000e+00   4.6927875e-02   4.6876604e-02   4.6979336e-02
   3.1750000e+00   4.6195428e-02   4.6145255e-02   4.6245815e-02
   3.1850000e+00   4.4854188e-02   4.4806298e-02   4.4902329e-02
   3.1950000e+00   4.3699813e-02   4.3653911e-02   4.3745995e-02
   3.2050000e+00   4.2238343e-02   4.2195007e-02   4.2281991e-02
   3.2150000e+00   4.0891269e-02   4.0850308e-02   4.0932570e-02
   3.2250000e+00   3.9699809e-02   3.9660931e-02   3.9739050e-02
   3.2350000e+00   3.8559412e-02   3.8522532e-02   3.8596678e-02
   3.2450000e+00   3.7633722e-02   3.7598453e-02   3.7669393e-02
   3.2550000e+00   3.6759844e-02   3.6726101e-02   3.6794009e-02
   3.2650000e+00   3.5777848e-02   3.5745819e-02   3.5810317e-02
   3.2750000e+00   3.4794594e-02   3.4764284e-02   3.4825361e-02
   3.2850000e+00   3.3940861e-02   3.3912026e-02   3.3970169e-02
   3.2950000e+00   3.3163838e-02   3.3136332e-02   3.3191832e-02
   3.3050000e+00   3.2464411e-02   3.2438104e-02   3.2491219e-02
   3.3150000e+00   3.1843697e-02   3.1818458e-02   3.1869449e-02
   3.3250000e+00   3.1238968e-02   3.1214770e-02   3.1263691e-02
   3.3350000e+00   3.0655201e-02   3.0632004e-02   3.0678933e-02
   3.3450000e+00   3.0079256e-02   3.0057050e-02   3.0102009e-02
   3.3550000e+00   2.9525365e-02   2.9504110e-02   2.9547178e-02
   3.3650000e+00   2.8977579e-02   2.8957271e-02   2.8998459e-02
   3.3750000e+00   2.8464918e-02   2.8445497e-02   2.8484928e-02
   3.3850000e+00   2.7963292e-02   2.7944751e-02   2.7982443e-02
   3.3950000e+00   2.7496390e-02   2.7478693e-02   2.7514728e-02
   3.4050000e+00   2.7063182e-02   2.7046308e-02   2.7080745e-02
   3.4150000e+00   2.6641998e-02   2.6626007e-02   2.6658760e-02
   3.4250000e+00   2.6261465e-02   2.6246398e-02   2.6277427e-02
   3.4350000e+00   2.5883007e-02   2.5869110e-02   2.5898019e-02
   3.4450000e+00   2.5535428e-02   2.5522929e-02   2.5549362e-02
   3.4550000e+00   2.5193261e-02   2.5182740e-02   2.5205742e-02
   3.4650000e+00   2.4870327e-02   2.4862531e-02   2.4880857e-02
   3.4750000e+00   2.4566895e-02   2.4562833e-02   2.4574779e-02
   3.4850000e+00   2.4270378e-02   2.4271949e-02   2.4274271e-02
   3.4950000e+00   2.3999176e-02   2.4007448e-02   2.3998258e-02
   3.5050000e+00   2.3735050e-02   2.3753071e-02   2.3727048e-02
   3.5150000e+00   2.3496217e-02   2.3526558e-02   2.3479123e-02
   3.5250000e+00   2.3278324e-02   2.3324171e-02   2.3249589e-02
   3.5350000e+00   2.3077186e-02   2.3144012e-02   2.3032433e-02
   3.5450000e+00   2.2901592e-02   2.2990412e-02   2.2839745e-02
   3.5550000e+00   2.2745103e-02   2.2862411e-02   2.2660776e-02
   3.5650000e+00   2.2613460e-02   2.2759093e-02   2.2506455e-02
   3.5750000e+00   2.2497892e-02   2.2671189e-02   2.2368443e-02
   3.5850000e+00   2.2400058e-02   2.2606280e-02   2.2243640e-02
   3.5950000e+00   2.2324764e-02   2.2570113e-02   2.2135874e-02
   3.6050000e+00   2.2277175e-02   2.2569047e-02   2.2049268e-02
   3.6150000e+00   2.2265959e-02   2.2613702e-02   2.1990657e-02
   3.6250000e+00   2.2287979e-02   2.2697252e-02   2.1959802e-02
   3.6350000e+00   2.2229313e-02   2.2661631e-02   2.1881194e-02
   3.6450000e+00   2.2177608e-02   2.2634497e-02   2.1808067e-02
   3.6550000e+00   2.2130000e-02   2.2611860e-02   2.1738563e-02
   3.6650000e+00   2.2091191e-02   2.2600611e-02   2.1675697e-02
   3.6750000e+00   2.2057863e-02   2.2595172e-02   2.1617714e-02
   3.6850000e+00   2.2033507e-02   2.2600893e-02   2.1566757e-02
   3.6950000e+00   2.2016290e-02   2.2615173e-02   2.1521669e-02
   3.7050000e+00   2.2008748e-02   2.2640585e-02   2.1484642e-02
   3.7150000e+00   2.2010058e-02   2.2676644e-02   2.1454872e-02
   3.7250000e+00   2.2023183e-02   2.2727234e-02   2.1434495e-02
   3.7350000e+00   2.1985693e-02   2.2711685e-02   2.1377056e-02
   3.7450000e+00   2.1819670e-02   2.2532586e-02   2.1222679e-02
   3.7550000e+00   2.1654207e-02   2.2354215e-02   2.1068727e-02
   3.7650000e+00   2.1489908e-02   2.2176583e-02   2.0916090e-02
   3.7750000e+00   2.1327877e-02   2.2002131e-02   2.0765068e-02
   3.7850000e+00   2.1094155e-02   2.1732601e-02   2.0563310e-02
   3.7950000e+00   2.0869755e-02   2.1473441e-02   2.0369605e-02
   3.8050000e+00   2.0658412e-02   2.1230595e-02   2.0186076e-02
   3.8150000e+00   2.0455157e-02   2.0997550e-02   2.0009099e-02
   3.8250000e+00   2.0262356e-02   2.0777026e-02   1.9840508e-02
   3.8350000e+00   2.0075587e-02   2.0563706e-02   1.9676886e-02
   3.8450000e+00   1.9897762e-02   2.0361815e-02   1.9520075e-02
   3.8550000e+00   1.9722055e-02   2.0156870e-02   1.9369733e-02
   3.8650000e+00   1.9554482e-02   1.9960441e-02   1.9227072e-02
   3.8750000e+00   1.9397671e-02   1.9777522e-02   1.9092734e-02
   3.8850000e+00   1.9248615e-02   1.9604172e-02   1.8964490e-02
   3.8950000e+00   1.9107667e-02   1.9440812e-02   1.8842596e-02
   3.9050000e+00   1.8972786e-02   1.9285041e-02   1.8725433e-02
   3.9150000e+00   1.8844603e-02   1.9137826e-02   1.8613347e-02
   3.9250000e+00   1.8721957e-02   1.8997525e-02   1.8505544e-02
   3.9350000e+00   1.8603599e-02   1.8862575e-02   1.8401077e-02
   3.9450000e+00   1.8490285e-02   1.8734094e-02   1.8300409e-02
   3.9550000e+00   1.8380623e-02   1.8610240e-02   1.8202531e-02
   3.9650000e+00   1.8274832e-02   1.8491269e-02   1.8107608e-02
   3.9750000e+00   1.8179465e-02   1.8382182e-02   1.8023543e-02
   3.9850000e+00   1.8093105e-02   1.8282351e-02   1.7948242e-02
   3.9950000e+00   1.8010573e-02   1.8187465e-02   1.7875797e-02
   4.0050000e+00   1.7931098e-02   1.8096514e-02   1.7805646e-02
   4.0150000e+00   1.7854651e-02   1.8009522e-02   1.7737733e-02
   4.0250000e+00   1.7780898e-02   1.7926052e-02   1.7671803e-02
   4.0350000e+00   1.7709457e-02   1.7845579e-02   1.7607590e-02
   4.0450000e+00   1.7640212e-02   1.7767991e-02   1.7544991e-02
   4.0550000e+00   1.7572858e-02   1.7692927e-02   1.7483763e-02
   4.0650000e+00   1.7507310e-02   1.7620255e-02   1.7423848e-02
   4.0750000e+00   1.7443386e-02   1.7549730e-02   1.7365117e-02
   4.0850000e+00   1.7380830e-02   1.7481030e-02   1.7307378e-02
   4.0950000e+00   1.7319629e-02   1.7414144e-02   1.7250614e-02
   4.1050000e+00   1.7266420e-02   1.7355546e-02   1.7201595e-02
   4.1150000e+00   1.7218832e-02   1.7302860e-02   1.7157950e-02
   4.1250000e+00   1.7172292e-02   1.7251589e-02   1.7115054e-02
   4.1350000e+00   1.7126692e-02   1.7201605e-02   1.7072822e-02
   4.1450000e+00   1.7081964e-02   1.7152804e-02   1.7031210e-02
   4.1550000e+00   1.7038029e-02   1.7105073e-02   1.6990165e-02
   4.1650000e+00   1.6994798e-02   1.7058302e-02   1.6949618e-02
   4.1750000e+00   1.6952231e-02   1.7012442e-02   1.6909539e-02
   4.1850000e+00   1.6910279e-02   1.6967416e-02   1.6869897e-02
   4.1950000e+00   1.6868866e-02   1.6923120e-02   1.6830640e-02
   4.2050000e+00   1.6827966e-02   1.6879524e-02   1.6791747e-02
   4.2150000e+00   1.6787547e-02   1.6836596e-02   1.6753190e-02
   4.2250000e+00   1.6747576e-02   1.6794285e-02   1.6714948e-02
   4.2350000e+00   1.6708011e-02   1.6752532e-02   1.6676995e-02
   4.2450000e+00   1.6674235e-02   1.6715557e-02   1.6645577e-02
   4.2550000e+00   1.6645028e-02   1.6682764e-02   1.6619002e-02
   4.2650000e+00   1.6616808e-02   1.6651351e-02   1.6593111e-02
   4.2750000e+00   1.6589445e-02   1.6621134e-02   1.6567813e-02
   4.2850000e+00   1.6562831e-02   1.6591967e-02   1.6543035e-02
   4.2950000e+00   1.6536885e-02   1.6563737e-02   1.6518719e-02
   4.3050000e+00   1.6511531e-02   1.6536342e-02   1.6494813e-02
   4.3150000e+00   1.6486704e-02   1.6509688e-02   1.6471273e-02
   4.3250000e+00   1.6462343e-02   1.6483687e-02   1.6448060e-02
   4.3350000e+00   1.6438399e-02   1.6458268e-02   1.6425139e-02
   4.3450000e+00   1.6414831e-02   1.6433374e-02   1.6402484e-02
   4.3550000e+00   1.6402704e-02   1.6419784e-02   1.6391369e-02
   4.3650000e+00   1.6395785e-02   1.6411464e-02   1.6385414e-02
   4.3750000e+00   1.6389289e-02   1.6403733e-02   1.6379760e-02
   4.3850000e+00   1.6383169e-02   1.6396525e-02   1.6374378e-02
   4.3950000e+00   1.6393563e-02   1.6405982e-02   1.6385411e-02
   4.4050000e+00   1.6408266e-02   1.6419852e-02   1.6400681e-02
   4.4150000e+00   1.6423205e-02   1.6434045e-02   1.6416127e-02
   4.4250000e+00   1.6438359e-02   1.6448529e-02   1.6431735e-02
   4.4350000e+00   1.6453712e-02   1.6463278e-02   1.6447495e-02
   4.4450000e+00   1.6471201e-02   1.6480247e-02   1.6465334e-02
   4.4550000e+00   1.6506368e-02   1.6515138e-02   1.6500699e-02
   4.4650000e+00   1.6541583e-02   1.6550088e-02   1.6536105e-02
   4.4750000e+00   1.6576845e-02   1.6585096e-02   1.6571549e-02
   4.4850000e+00   1.6612151e-02   1.6620158e-02   1.6607032e-02
   4.4950000e+00   1.6647502e-02   1.6655274e-02   1.6642553e-02
   4.5050000e+00   1.6682896e-02   1.6690443e-02   1.6678111e-02
   4.5150000e+00   1.6725605e-02   1.6733318e-02   1.6720733e-02
   4.5250000e+00   1.6768366e-02   1.6776254e-02   1.6763400e-02
   4.5350000e+00   1.6811179e-02   1.6819254e-02   1.6806111e-02
   4.5450000e+00   1.6854045e-02   1.6862318e-02   1.6848868e-02
   4.5550000e+00   1.6895178e-02   1.6904008e-02   1.6889652e-02
   4.5650000e+00   1.6928457e-02   1.6938021e-02   1.6922456e-02
   4.5750000e+00   1.6954354e-02   1.6964760e-02   1.6947797e-02
   4.5850000e+00   1.6961283e-02   1.6972734e-02   1.6954019e-02
   4.5950000e+00   1.6949320e-02   1.6962055e-02   1.6941168e-02
   4.6050000e+00   1.6937810e-02   1.6952013e-02   1.6928640e-02
   4.6150000e+00   1.6926819e-02   1.6942702e-02   1.6916475e-02
   4.6250000e+00   1.6916423e-02   1.6934234e-02   1.6904724e-02
   4.6350000e+00   1.6906717e-02   1.6926747e-02   1.6893451e-02
   4.6450000e+00   1.6897815e-02   1.6920403e-02   1.6882730e-02
   4.6550000e+00   1.6889853e-02   1.6915395e-02   1.6872653e-02
   4.6650000e+00   1.6882996e-02   1.6911954e-02   1.6863331e-02
   4.6750000e+00   1.6877443e-02   1.6910358e-02   1.6854902e-02
   4.6850000e+00   1.6873440e-02   1.6910947e-02   1.6847535e-02
   4.6950000e+00   1.6871288e-02   1.6914135e-02   1.6841439e-02
   4.7050000e+00   1.6871353e-02   1.6920417e-02   1.6836872e-02
   4.7150000e+00   1.6874081e-02   1.6930393e-02   1.6834153e-02
   4.7250000e+00   1.6862072e-02   1.6924230e-02   1.6817705e-02
   4.7350000e+00   1.6839546e-02   1.6906344e-02   1.6791629e-02
   4.7450000e+00   1.6818047e-02   1.6889863e-02   1.6766274e-02
   4.7550000e+00   1.6797677e-02   1.6874921e-02   1.6741717e-02
   4.7650000e+00   1.6778536e-02   1.6861638e-02   1.6718035e-02
   4.7750000e+00   1.6760741e-02   1.6850165e-02   1.6695318e-02
   4.7850000e+00   1.6744429e-02   1.6840685e-02   1.6673661e-02
   4.7950000e+00   1.6729776e-02   1.6833430e-02   1.6653197e-02
   4.8050000e+00   1.6716950e-02   1.6828602e-02   1.6634055e-02
   4.8150000e+00   1.6706093e-02   1.6826367e-02   1.6616350e-02
   4.8250000e+00   1.6697410e-02   1.6826989e-02   1.6600240e-02
   4.8350000e+00   1.6691197e-02   1.6830861e-02   1.6585938e-02
   4.8450000e+00   1.6687747e-02   1.6838373e-02   1.6573658e-02
   4.8550000e+00   1.6687343e-02   1.6849861e-02   1.6563628e-02
   4.8650000e+00   1.6690285e-02   1.6865672e-02   1.6556094e-02
   4.8750000e+00   1.6696934e-02   1.6886255e-02   1.6551339e-02
   4.8850000e+00   1.6707690e-02   1.6912137e-02   1.6549660e-02
   4.8950000e+00   1.6723161e-02   1.6944071e-02   1.6551529e-02
   4.9050000e+00   1.6740166e-02   1.6977851e-02   1.6554593e-02
   4.9150000e+00   1.6726812e-02   1.6972038e-02   1.6534925e-02
   4.9250000e+00   1.6714275e-02   1.6967205e-02   1.6515913e-02
   4.9350000e+00   1.6702745e-02   1.6963674e-02   1.6497658e-02
   4.9450000e+00   1.6692312e-02   1.6961574e-02   1.6480222e-02
   4.9550000e+00   1.6682921e-02   1.6960772e-02   1.6463593e-02
   4.9650000e+00   1.6674563e-02   1.6961211e-02   1.6447794e-02
   4.9750000e+00   1.6667224e-02   1.6962900e-02   1.6432802e-02
   4.9850000e+00   1.6660979e-02   1.6966000e-02   1.6418639e-02
   4.9950000e+00   1.6656154e-02   1.6970895e-02   1.6405563e-02
