   3.0500000e-01   9.2816530e-01   9.3114022e-01   9.2522612e-01
   3.1500000e-01   9.2786176e-01   9.3083997e-01   9.2491976e-01
   3.2500000e-01   9.2751375e-01   9.3050921e-01   9.2455498e-01
   3.3500000e-01   9.2723788e-01   9.3024509e-01   9.2426718e-01
   3.4500000e-01   9.2690890e-01   9.2993006e-01   9.2392489e-01
   3.5500000e-01   9.2660993e-01   9.2963782e-01   9.2361932e-01
   3.6500000e-01   9.2644056e-01   9.2948013e-01   9.2343837e-01
   3.7500000e-01   9.2622317e-01   9.2926708e-01   9.2321653e-01
   3.8500000e-01   9.2600587e-01   9.2905760e-01   9.2299159e-01
   3.9500000e-01   9.2578813e-01   9.2884907e-01   9.2276490e-01
   4.0500000e-01   9.2563602e-01   9.2870324e-01   9.2260710e-01
   4.1500000e-01   9.2543943e-01   9.2851510e-01   9.2240222e-01
   4.2500000e-01   9.2532872e-01   9.2841003e-01   9.2228579e-01
   4.3500000e-01   9.2521250e-01   9.2830022e-01   9.2216332e-01
   4.4500000e-01   9.2508192e-01   9.2817285e-01   9.2202950e-01
   4.5500000e-01   9.2491268e-01   9.2800989e-01   9.2185442e-01
   4.6500000e-01   9.2480240e-01   9.2789956e-01   9.2174387e-01
   4.7500000e-01   9.2467373e-01   9.2777928e-01   9.2160745e-01
   4.8500000e-01   9.2459732e-01   9.2770534e-01   9.2152793e-01
   4.9500000e-01   9.2438258e-01   9.2749726e-01   9.2130699e-01
   5.0500000e-01   9.2420063e-01   9.2731574e-01   9.2112465e-01
   5.1500000e-01   9.2405890e-01   9.2717935e-01   9.2097759e-01
   5.2500000e-01   9.2386493e-01   9.2699038e-01   9.2077874e-01
   5.3500000e-01   9.2361798e-01   9.2673669e-01   9.2053870e-01
   5.4500000e-01   9.2329205e-01   9.2642493e-01   9.2019953e-01
   5.5500000e-01   9.2300250e-01   9.2613382e-01   9.1991114e-01
   5.6500000e-01   9.2279793e-01   9.2593489e-01   9.1970114e-01
   5.7500000e-01   9.2249482e-01   9.2562980e-01   9.1939943e-01
   5.8500000e-01   9.2214579e-01   9.2529569e-01   9.1903623e-01
   5.9500000e-01   9.2188334e-01   9.2502968e-01   9.1877769e-01
   6.0500000e-01   9.2144340e-01   9.2458911e-01   9.1833676e-01
   6.1500000e-01   9.2058624e-01   9.2373487e-01   9.1748091e-01
   6.2500000e-01   9.2014107e-01   9.2330448e-01   9.1701781e-01
   6.3500000e-01   9.1956941e-01   9.2272493e-01   9.1645396e-01
   6.4500000e-01   9.1877421e-01   9.2192335e-01   9.1566586e-01
   6.5500000e-01   9.1784532e-01   9.2100442e-01   9.1472809e-01
   6.6500000e-01   9.1717936e-01   9.2035549e-01   9.1404477e-01
   6.7500000e-01   9.1641180e-01   9.1958934e-01   9.1327791e-01
   6.8500000e-01   9.1593287e-01   9.1910633e-01   9.1279840e-01
   6.9500000e-01   9.1432888e-01   9.1748631e-01   9.1121298e-01
   7.0500000e-01   9.1297549e-01   9.1615714e-01   9.0983462e-01
   7.1500000e-01   9.1107802e-01   9.1428647e-01   9.0791393e-01
   7.2500000e-01   9.1007510e-01   9.1328131e-01   9.0691108e-01
   7.3500000e-01   9.0888460e-01   9.1207995e-01   9.0573152e-01
   7.4500000e-01   9.0640434e-01   9.0961190e-01   9.0323915e-01
   7.5500000e-01   9.0370869e-01   9.0693015e-01   9.0052968e-01
   7.6500000e-01   9.0029983e-01   9.0354302e-01   8.9710153e-01
   7.7500000e-01   8.9631125e-01   8.9958840e-01   8.9308034e-01
   7.8500000e-01   8.9245417e-01   8.9575022e-01   8.8920413e-01
   7.9500000e-01   8.8855955e-01   8.9187450e-01   8.8529626e-01
   8.0500000e-01   8.8590754e-01   8.8923239e-01   8.8263275e-01
   8.1500000e-01   8.8590614e-01   8.8925658e-01   8.8260780e-01
   8.2500000e-01   8.8528731e-01   8.8864016e-01   8.8198542e-01
   8.3500000e-01   8.8446447e-01   8.8777631e-01   8.8119642e-01
   8.4500000e-01   8.8081629e-01   8.8412272e-01   8.7755039e-01
   8.5500000e-01   8.7487304e-01   8.7834003e-01   8.7146377e-01
   8.6500000e-01   8.6678057e-01   8.7032500e-01   8.6330115e-01
   8.7500000e-01   8.5632380e-01   8.6000088e-01   8.5271799e-01
   8.8500000e-01   8.4605523e-01   8.4985509e-01   8.4233013e-01
   8.9500000e-01   8.3957769e-01   8.4340725e-01   8.3582357e-01
   9.0500000e-01   8.3585747e-01   8.3970621e-01   8.3209021e-01
   9.1500000e-01   8.3305192e-01   8.3702358e-01   8.2916600e-01
   9.2500000e-01   8.2874192e-01   8.3274830e-01   8.2482523e-01
   9.3500000e-01   8.2406510e-01   8.2812357e-01   8.2009651e-01
   9.4500000e-01   8.1825470e-01   8.2237745e-01   8.1422768e-01
   9.5500000e-01   8.0671934e-01   8.1106594e-01   8.0248041e-01
   9.6500000e-01   7.8923116e-01   7.9382114e-01   7.8476380e-01
   9.7500000e-01   7.7165277e-01   7.7650867e-01   7.6693205e-01
   9.8500000e-01   7.5474750e-01   7.5987137e-01   7.4976512e-01
   9.9500000e-01   7.3533517e-01   7.4069666e-01   7.3013106e-01
   1.0050000e+00   7.1372755e-01   7.1953341e-01   7.0809780e-01
   1.0150000e+00   6.9494948e-01   7.0101093e-01   6.8908196e-01
   1.0250000e+00   6.8700396e-01   6.9317676e-01   6.8102622e-01
   1.0350000e+00   6.8619390e-01   6.9242908e-01   6.8015999e-01
   1.0450000e+00   6.9139990e-01   6.9748854e-01   6.8550459e-01
   1.0550000e+00   7.0342108e-01   7.0933883e-01   6.9768234e-01
   1.0650000e+00   7.1557736e-01   7.2134940e-01   7.0997738e-01
   1.0750000e+00   7.2304766e-01   7.2864362e-01   7.1762261e-01
   1.0850000e+00   7.2740339e-01   7.3301340e-01   7.2196137e-01
   1.0950000e+00   7.2946400e-01   7.3503248e-01   7.2406341e-01
   1.1050000e+00   7.2938722e-01   7.3497644e-01   7.2396835e-01
   1.1150000e+00   7.2633163e-01   7.3190297e-01   7.2093243e-01
   1.1250000e+00   7.1904409e-01   7.2476009e-01   7.1350096e-01
   1.1350000e+00   7.0719621e-01   7.1307310e-01   7.0150279e-01
   1.1450000e+00   7.0151540e-01   7.0749547e-01   6.9572006e-01
   1.1550000e+00   6.8197795e-01   6.8819996e-01   6.7595847e-01
   1.1650000e+00   6.4998892e-01   6.5673800e-01   6.4347005e-01
   1.1750000e+00   6.1874706e-01   6.2582367e-01   6.1191492e-01
   1.1850000e+00   5.9046103e-01   5.9788825e-01   5.8330140e-01
   1.1950000e+00   5.6522166e-01   5.7285529e-01   5.5787172e-01
   1.2050000e+00   5.3344324e-01   5.4142637e-01   5.2577100e-01
   1.2150000e+00   5.0039943e-01   5.0855378e-01   4.9257635e-01
   1.2250000e+00   4.7995844e-01   4.8827693e-01   4.7198960e-01
   1.2350000e+00   4.6636646e-01   4.7473778e-01   4.5834722e-01
   1.2450000e+00   4.5626325e-01   4.6468092e-01   4.4820708e-01
   1.2550000e+00   4.5103147e-01   4.5948816e-01   4.4293920e-01
   1.2650000e+00   4.4839580e-01   4.5685166e-01   4.4030632e-01
   1.2750000e+00   4.4882352e-01   4.5725494e-01   4.4075908e-01
   1.2850000e+00   4.5228335e-01   4.6072572e-01   4.4420277e-01
   1.2950000e+00   4.5408057e-01   4.6250157e-01   4.4602262e-01
   1.3050000e+00   4.5578558e-01   4.6419614e-01   4.4773793e-01
   1.3150000e+00   4.5703621e-01   4.6545191e-01   4.4898275e-01
   1.3250000e+00   4.5767062e-01   4.6608130e-01   4.4962102e-01
   1.3350000e+00   4.5750990e-01   4.6592231e-01   4.4945836e-01
   1.3450000e+00   4.5476929e-01   4.6319949e-01   4.4670229e-01
   1.3550000e+00   4.5077225e-01   4.5922591e-01   4.4268400e-01
   1.3650000e+00   4.4680294e-01   4.5527175e-01   4.3869965e-01
   1.3750000e+00   4.3838147e-01   4.4684573e-01   4.3028857e-01
   1.3850000e+00   4.2563080e-01   4.3416770e-01   4.1747411e-01
   1.3950000e+00   4.0704948e-01   4.1558590e-01   3.9890187e-01
   1.4050000e+00   3.4321831e-01   3.5165656e-01   3.3519805e-01
   1.4150000e+00   2.5319330e-01   2.6098721e-01   2.4584406e-01
   1.4250000e+00   1.7470582e-01   1.8129477e-01   1.6854395e-01
   1.4350000e+00   1.2178270e-01   1.2710748e-01   1.1684249e-01
   1.4450000e+00   8.9022088e-02   9.3317276e-02   8.5063308e-02
   1.4550000e+00   6.3858713e-02   6.7180178e-02   6.0818018e-02
   1.4650000e+00   4.6695843e-02   4.9236931e-02   4.4384593e-02
   1.4750000e+00   3.6005686e-02   3.7993492e-02   3.4207940e-02
   1.4850000e+00   3.0393970e-02   3.2059267e-02   2.8893913e-02
   1.4950000e+00   2.8416933e-02   2.9962635e-02   2.7026961e-02
   1.5050000e+00   2.9474109e-02   3.1084322e-02   2.8024683e-02
   1.5150000e+00   3.0985274e-02   3.2686705e-02   2.9451880e-02
   1.5250000e+00   3.2552377e-02   3.4346190e-02   3.0933833e-02
   1.5350000e+00   3.4799108e-02   3.6720213e-02   3.3063052e-02
   1.5450000e+00   3.7599486e-02   3.9677294e-02   3.5718521e-02
   1.5550000e+00   4.0823515e-02   4.3072462e-02   3.8783890e-02
   1.5650000e+00   4.4613868e-02   4.7055644e-02   4.2395038e-02
   1.5750000e+00   4.9299249e-02   5.1972938e-02   4.6864709e-02
   1.5850000e+00   5.4859339e-02   5.7793475e-02   5.2181716e-02
   1.5950000e+00   5.9118925e-02   6.2243096e-02   5.6263378e-02
   1.6050000e+00   6.3281143e-02   6.6586160e-02   6.0256376e-02
   1.6150000e+00   6.7452969e-02   7.0931657e-02   6.4264956e-02
   1.6250000e+00   7.0034989e-02   7.3619663e-02   6.6747457e-02
   1.6350000e+00   7.2708928e-02   7.6399533e-02   6.9321980e-02
   1.6450000e+00   7.5642082e-02   7.9451540e-02   7.2143032e-02
   1.6550000e+00   7.9077335e-02   8.3019867e-02   7.5452966e-02
   1.6650000e+00   8.3183044e-02   8.7271177e-02   7.9420195e-02
   1.6750000e+00   8.7700762e-02   9.1955788e-02   8.3781054e-02
   1.6850000e+00   9.2180914e-02   9.6591710e-02   8.8113079e-02
   1.6950000e+00   9.6505285e-02   1.0105905e-01   9.2300754e-02
   1.7050000e+00   1.0091525e-01   1.0562005e-01   9.6568979e-02
   1.7150000e+00   1.0540570e-01   1.1025310e-01   1.0092260e-01
   1.7250000e+00   1.1010559e-01   1.1509386e-01   1.0548839e-01
   1.7350000e+00   1.1421329e-01   1.1933403e-01   1.0947007e-01
   1.7450000e+00   1.1744014e-01   1.2264445e-01   1.1261576e-01
   1.7550000e+00   1.2086852e-01   1.2618588e-01   1.1593773e-01
   1.7650000e+00   1.2387490e-01   1.2927271e-01   1.1886632e-01
   1.7750000e+00   1.2637701e-01   1.3184281e-01   1.2130306e-01
   1.7850000e+00   1.2890863e-01   1.3443271e-01   1.2377754e-01
   1.7950000e+00   1.3164908e-01   1.3726426e-01   1.2643276e-01
   1.8050000e+00   1.3468903e-01   1.4037443e-01   1.2940444e-01
   1.8150000e+00   1.3823885e-01   1.4402611e-01   1.3285705e-01
   1.8250000e+00   1.4193418e-01   1.4780647e-01   1.3646974e-01
   1.8350000e+00   1.4373263e-01   1.4964817e-01   1.3822571e-01
   1.8450000e+00   1.4254926e-01   1.4843865e-01   1.3706821e-01
   1.8550000e+00   1.3856371e-01   1.4434572e-01   1.3318476e-01
   1.8650000e+00   1.2711320e-01   1.3261546e-01   1.2200683e-01
   1.8750000e+00   1.0713403e-01   1.1204379e-01   1.0259274e-01
   1.8850000e+00   8.7218948e-02   9.1461370e-02   8.3311028e-02
   1.8950000e+00   6.6592029e-02   7.0050970e-02   6.3423655e-02
   1.9050000e+00   4.9527510e-02   5.2225333e-02   4.7070340e-02
   1.9150000e+00   3.4295379e-02   3.6212409e-02   3.2562747e-02
   1.9250000e+00   2.5745529e-02   2.7157685e-02   2.4477986e-02
   1.9350000e+00   1.9908020e-02   2.0930933e-02   1.8996802e-02
   1.9450000e+00   1.6634738e-02   1.7414852e-02   1.5944523e-02
   1.9550000e+00   1.4756031e-02   1.5383962e-02   1.4203698e-02
   1.9650000e+00   1.3659517e-02   1.4192741e-02   1.3192624e-02
   1.9750000e+00   1.3105682e-02   1.3589517e-02   1.2683220e-02
   1.9850000e+00   1.2839325e-02   1.3299415e-02   1.2438180e-02
   1.9950000e+00   1.2798212e-02   1.3255731e-02   1.2399384e-02
   2.0050000e+00   1.2891370e-02   1.3359092e-02   1.2483367e-02
   2.0150000e+00   1.3133057e-02   1.3624939e-02   1.2703330e-02
   2.0250000e+00   1.3441469e-02   1.3963076e-02   1.2985002e-02
   2.0350000e+00   1.3830153e-02   1.4387732e-02   1.3341244e-02
   2.0450000e+00   1.4388913e-02   1.4996943e-02   1.3854491e-02
   2.0550000e+00   1.5254396e-02   1.5936499e-02   1.4652938e-02
   2.0650000e+00   1.6386725e-02   1.7161356e-02   1.5701361e-02
   2.0750000e+00   1.8057814e-02   1.8961614e-02   1.7254999e-02
   2.0850000e+00   2.0242521e-02   2.1305737e-02   1.9294398e-02
   2.0950000e+00   2.3229227e-02   2.4495138e-02   2.2095585e-02
   2.1050000e+00   2.7339197e-02   2.8866280e-02   2.5965894e-02
   2.1150000e+00   3.1685585e-02   3.3471229e-02   3.0074281e-02
   2.1250000e+00   3.7583974e-02   3.9696217e-02   3.5670818e-02
   2.1350000e+00   4.4241516e-02   4.6698589e-02   4.2008947e-02
   2.1450000e+00   5.1227714e-02   5.4019930e-02   4.8682802e-02
   2.1550000e+00   5.8604022e-02   6.1730868e-02   5.5746633e-02
   2.1650000e+00   6.5830156e-02   6.9264574e-02   6.2684441e-02
   2.1750000e+00   7.3195531e-02   7.6932455e-02   6.9766333e-02
   2.1850000e+00   8.0092576e-02   8.4085194e-02   7.6421256e-02
   2.1950000e+00   8.6622109e-02   9.0853730e-02   8.2725678e-02
   2.2050000e+00   9.2156608e-02   9.6585255e-02   8.8074052e-02
   2.2150000e+00   9.8476451e-02   1.0312166e-01   9.4187303e-02
   2.2250000e+00   1.0389663e-01   1.0871868e-01   9.9440358e-02
   2.2350000e+00   1.0847646e-01   1.1343535e-01   1.0388884e-01
   2.2450000e+00   1.1143717e-01   1.1649091e-01   1.0676025e-01
   2.2550000e+00   1.1007114e-01   1.1507856e-01   1.0543814e-01
   2.2650000e+00   1.0720843e-01   1.1214056e-01   1.0264717e-01
   2.2750000e+00   1.0130710e-01   1.0604022e-01   9.6934331e-02
   2.2850000e+00   9.4418142e-02   9.8929648e-02   9.0255885e-02
   2.2950000e+00   8.6396857e-02   9.0627021e-02   8.2501008e-02
   2.3050000e+00   7.7945020e-02   8.1862015e-02   7.4345864e-02
   2.3150000e+00   7.0286641e-02   7.3897293e-02   6.6973545e-02
   2.3250000e+00   6.3384014e-02   6.6730637e-02   6.0321702e-02
   2.3350000e+00   5.7502633e-02   6.0594158e-02   5.4678698e-02
   2.3450000e+00   5.2526300e-02   5.5394733e-02   4.9910002e-02
   2.3550000e+00   4.8534355e-02   5.1212602e-02   4.6095580e-02
   2.3650000e+00   4.5534059e-02   4.8078491e-02   4.3220411e-02
   2.3750000e+00   4.3134976e-02   4.5556195e-02   4.0934873e-02
   2.3850000e+00   4.1382373e-02   4.3716560e-02   3.9262944e-02
   2.3950000e+00   3.9874105e-02   4.2133826e-02   3.7823560e-02
   2.4050000e+00   3.8549544e-02   4.0745520e-02   3.6558591e-02
   2.4150000e+00   3.7399134e-02   3.9530652e-02   3.5466870e-02
   2.4250000e+00   3.6375304e-02   3.8456091e-02   3.4490393e-02
   2.4350000e+00   3.5272475e-02   3.7297818e-02   3.3438919e-02
   2.4450000e+00   3.4127086e-02   3.6090291e-02   3.2350365e-02
   2.4550000e+00   3.3056652e-02   3.4969716e-02   3.1327239e-02
   2.4650000e+00   3.2008788e-02   3.3861590e-02   3.0334483e-02
   2.4750000e+00   3.1065365e-02   3.2866917e-02   2.9438092e-02
   2.4850000e+00   3.0169581e-02   3.1922641e-02   2.8586794e-02
   2.4950000e+00   2.9287473e-02   3.0993253e-02   2.7748349e-02
   2.5050000e+00   2.8684797e-02   3.0357981e-02   2.7175348e-02
   2.5150000e+00   2.8284756e-02   2.9939168e-02   2.6792889e-02
   2.5250000e+00   2.8046662e-02   2.9689706e-02   2.6565106e-02
   2.5350000e+00   2.8009615e-02   2.9654281e-02   2.6526746e-02
   2.5450000e+00   2.7933256e-02   2.9572694e-02   2.6454555e-02
   2.5550000e+00   2.8093589e-02   2.9743849e-02   2.6604514e-02
   2.5650000e+00   2.8462343e-02   3.0136892e-02   2.6950970e-02
   2.5750000e+00   2.8486082e-02   3.0162831e-02   2.6972851e-02
   2.5850000e+00   2.8397766e-02   3.0077452e-02   2.6882014e-02
   2.5950000e+00   2.7858147e-02   2.9506347e-02   2.6370423e-02
   2.6050000e+00   2.6883002e-02   2.8479205e-02   2.5443228e-02
   2.6150000e+00   2.5641737e-02   2.7168915e-02   2.4265543e-02
   2.6250000e+00   2.3217573e-02   2.4606315e-02   2.1968106e-02
   2.6350000e+00   2.0133876e-02   2.1339866e-02   1.9051600e-02
   2.6450000e+00   1.7686876e-02   1.8742653e-02   1.6741744e-02
   2.6550000e+00   1.5699816e-02   1.6629420e-02   1.4869476e-02
   2.6650000e+00   1.4072003e-02   1.4897280e-02   1.3336528e-02
   2.6750000e+00   1.2703822e-02   1.3439180e-02   1.2049851e-02
   2.6850000e+00   9.2820525e-03   9.7681910e-03   8.8533844e-03
   2.6950000e+00   7.3814047e-03   7.7197695e-03   7.0855327e-03
   2.7050000e+00   6.2005859e-03   6.4444969e-03   5.9890277e-03
   2.7150000e+00   5.4014788e-03   5.5819323e-03   5.2461469e-03
   2.7250000e+00   4.8194338e-03   4.9558657e-03   4.7028344e-03
   2.7350000e+00   3.8632862e-03   3.9116870e-03   3.8230587e-03
   2.7450000e+00   3.4186871e-03   3.4399226e-03   3.4013078e-03
   2.7550000e+00   3.0938220e-03   3.1051468e-03   3.0845566e-03
   2.7650000e+00   2.8094469e-03   2.8167110e-03   2.8034283e-03
   2.7750000e+00   2.5450551e-03   2.5505035e-03   2.5404568e-03
   2.7850000e+00   2.2405084e-03   2.2444884e-03   2.2370337e-03
   2.7950000e+00   1.9437784e-03   1.9473145e-03   1.9406286e-03
   2.8050000e+00   1.6809372e-03   1.6843900e-03   1.6778443e-03
   2.8150000e+00   1.4565387e-03   1.4600340e-03   1.4534101e-03
   2.8250000e+00   1.2951160e-03   1.2986646e-03   1.2919387e-03
   2.8350000e+00   1.2438970e-03   1.2474168e-03   1.2407340e-03
   2.8450000e+00   1.3765322e-03   1.3800099e-03   1.3733931e-03
   2.8550000e+00   1.7739000e-03   1.7774656e-03   1.7706737e-03
   2.8650000e+00   2.4752018e-03   2.4789608e-03   2.4717996e-03
   2.8750000e+00   3.7407826e-03   3.7447090e-03   3.7372343e-03
   2.8850000e+00   5.4004774e-03   5.4043871e-03   5.3969536e-03
   2.8950000e+00   7.5461987e-03   7.5497932e-03   7.5429729e-03
   2.9050000e+00   9.7723041e-03   9.7753250e-03   9.7696106e-03
   2.9150000e+00   1.2078832e-02   1.2081089e-02   1.2076843e-02
   2.9250000e+00   1.3925452e-02   1.3926879e-02   1.3924227e-02
   2.9350000e+00   1.5737066e-02   1.5737636e-02   1.5736628e-02
   2.9450000e+00   1.6935028e-02   1.6934921e-02   1.6935211e-02
   2.9550000e+00   1.8240013e-02   1.8239198e-02   1.8240846e-02
   2.9650000e+00   1.9629677e-02   1.9628124e-02   1.9631187e-02
   2.9750000e+00   2.1234633e-02   2.1232237e-02   2.1236917e-02
   2.9850000e+00   2.2933360e-02   2.2930060e-02   2.2936473e-02
   2.9950000e+00   2.5033037e-02   2.5028576e-02   2.5037215e-02
   3.0050000e+00   2.7212766e-02   2.7207057e-02   2.7218089e-02
   3.0150000e+00   2.9520072e-02   2.9512938e-02   2.9526702e-02
   3.0250000e+00   3.1877262e-02   3.1868587e-02   3.1885305e-02
   3.0350000e+00   3.4297557e-02   3.4287188e-02   3.4307152e-02
   3.0450000e+00   3.6702784e-02   3.6690569e-02   3.6714071e-02
   3.0550000e+00   3.9189671e-02   3.9175418e-02   3.9202829e-02
   3.0650000e+00   4.0276256e-02   4.0260642e-02   4.0290663e-02
   3.0750000e+00   4.1086074e-02   4.1069263e-02   4.1101582e-02
   3.0850000e+00   4.0706452e-02   4.0689278e-02   4.0722296e-02
   3.0950000e+00   4.0376209e-02   4.0358728e-02   4.0392339e-02
   3.1050000e+00   3.9362130e-02   3.9344948e-02   3.9377989e-02
   3.1150000e+00   3.8546920e-02   3.8529969e-02   3.8562570e-02
   3.1250000e+00   3.7946843e-02   3.7930081e-02   3.7962322e-02
   3.1350000e+00   3.7519502e-02   3.7502840e-02   3.7534890e-02
   3.1450000e+00   3.7022305e-02   3.7005825e-02   3.7037529e-02
   3.1550000e+00   3.6686011e-02   3.6669627e-02   3.6701149e-02
   3.1650000e+00   3.5938605e-02   3.5922632e-02   3.5953367e-02
   3.1750000e+00   3.5361356e-02   3.5345699e-02   3.5375830e-02
   3.1850000e+00   3.4304324e-02   3.4289344e-02   3.4318177e-02
   3.1950000e+00   3.3395804e-02   3.3381412e-02   3.3409118e-02
   3.2050000e+00   3.2247024e-02   3.2233397e-02   3.2259635e-02
   3.2150000e+00   3.1189867e-02   3.1176947e-02   3.1201829e-02
   3.2250000e+00   3.0256239e-02   3.0243940e-02   3.0267631e-02
   3.2350000e+00   2.9363845e-02   2.9352139e-02   2.9374691e-02
   3.2450000e+00   2.8640380e-02   2.8629152e-02   2.8650787e-02
   3.2550000e+00   2.7958133e-02   2.7947356e-02   2.7968126e-02
   3.2650000e+00   2.7192306e-02   2.7182037e-02   2.7201833e-02
   3.2750000e+00   2.6426389e-02   2.6416627e-02   2.6435449e-02
   3.2850000e+00   2.5762149e-02   2.5752822e-02   2.5770809e-02
   3.2950000e+00   2.5158227e-02   2.5149291e-02   2.5166527e-02
   3.3050000e+00   2.4615094e-02   2.4606511e-02   2.4623071e-02
   3.3150000e+00   2.4133463e-02   2.4125193e-02   2.4141153e-02
   3.3250000e+00   2.3664583e-02   2.3656617e-02   2.3671993e-02
   3.3350000e+00   2.3212291e-02   2.3204618e-02   2.3219433e-02
   3.3450000e+00   2.2766368e-02   2.2758983e-02   2.2773244e-02
   3.3550000e+00   2.2337825e-02   2.2330717e-02   2.2344448e-02
   3.3650000e+00   2.1914282e-02   2.1907448e-02   2.1920653e-02
   3.3750000e+00   2.1518169e-02   2.1511589e-02   2.1524306e-02
   3.3850000e+00   2.1130813e-02   2.1124481e-02   2.1136721e-02
   3.3950000e+00   2.0770470e-02   2.0764369e-02   2.0776166e-02
   3.4050000e+00   2.0436289e-02   2.0430402e-02   2.0441789e-02
   3.4150000e+00   2.0111481e-02   2.0105804e-02   2.0116789e-02
   3.4250000e+00   1.9818056e-02   1.9812570e-02   1.9823189e-02
   3.4350000e+00   1.9526124e-02   1.9520835e-02   1.9531081e-02
   3.4450000e+00   1.9257806e-02   1.9252704e-02   1.9262594e-02
   3.4550000e+00   1.8993131e-02   1.8988232e-02   1.8997741e-02
   3.4650000e+00   1.8742456e-02   1.8737777e-02   1.8746877e-02
   3.4750000e+00   1.8505591e-02   1.8501165e-02   1.8509802e-02
   3.4850000e+00   1.8271692e-02   1.8267601e-02   1.8275634e-02
   3.4950000e+00   1.8055652e-02   1.8051953e-02   1.8059283e-02
   3.5050000e+00   1.7840782e-02   1.7837647e-02   1.7843975e-02
   3.5150000e+00   1.7641298e-02   1.7638901e-02   1.7643922e-02
   3.5250000e+00   1.7452637e-02   1.7451222e-02   1.7454505e-02
   3.5350000e+00   1.7267788e-02   1.7267793e-02   1.7268561e-02
   3.5450000e+00   1.7099645e-02   1.7101261e-02   1.7099166e-02
   3.5550000e+00   1.6934446e-02   1.6938303e-02   1.6932218e-02
   3.5650000e+00   1.6786947e-02   1.6793194e-02   1.6782838e-02
   3.5750000e+00   1.6651394e-02   1.6660134e-02   1.6645314e-02
   3.5850000e+00   1.6519013e-02   1.6530872e-02   1.6510451e-02
   3.5950000e+00   1.6390844e-02   1.6406642e-02   1.6379128e-02
   3.6050000e+00   1.6268140e-02   1.6288903e-02   1.6252425e-02
   3.6150000e+00   1.6152842e-02   1.6179928e-02   1.6131999e-02
   3.6250000e+00   1.6048278e-02   1.6082803e-02   1.6021358e-02
   3.6350000e+00   1.5957280e-02   1.5994727e-02   1.5927954e-02
   3.6450000e+00   1.5867849e-02   1.5908479e-02   1.5835901e-02
   3.6550000e+00   1.5779854e-02   1.5823845e-02   1.5745126e-02
   3.6650000e+00   1.5693677e-02   1.5741331e-02   1.5655919e-02
   3.6750000e+00   1.5609355e-02   1.5660916e-02   1.5568350e-02
   3.6850000e+00   1.5527113e-02   1.5582909e-02   1.5482584e-02
   3.6950000e+00   1.5446970e-02   1.5507271e-02   1.5398680e-02
   3.7050000e+00   1.5369489e-02   1.5434687e-02   1.5317102e-02
   3.7150000e+00   1.5294555e-02   1.5364989e-02   1.5237777e-02
   3.7250000e+00   1.5222607e-02   1.5298706e-02   1.5161070e-02
   3.7350000e+00   1.5144363e-02   1.5224006e-02   1.5079830e-02
   3.7450000e+00   1.5046445e-02   1.5124168e-02   1.4983515e-02
   3.7550000e+00   1.4948752e-02   1.5024562e-02   1.4887419e-02
   3.7650000e+00   1.4851709e-02   1.4925680e-02   1.4791906e-02
   3.7750000e+00   1.4755124e-02   1.4827321e-02   1.4696797e-02
   3.7850000e+00   1.4655384e-02   1.4722263e-02   1.4601504e-02
   3.7950000e+00   1.4558590e-02   1.4620551e-02   1.4508807e-02
   3.8050000e+00   1.4464731e-02   1.4522257e-02   1.4418636e-02
   3.8150000e+00   1.4373076e-02   1.4426476e-02   1.4330403e-02
   3.8250000e+00   1.4283887e-02   1.4333572e-02   1.4244289e-02
   3.8350000e+00   1.4196419e-02   1.4242628e-02   1.4159687e-02
   3.8450000e+00   1.4110805e-02   1.4153855e-02   1.4076675e-02
   3.8550000e+00   1.4036522e-02   1.4075841e-02   1.4005460e-02
   3.8650000e+00   1.3966909e-02   1.4002646e-02   1.3938781e-02
   3.8750000e+00   1.3899573e-02   1.3932130e-02   1.3874044e-02
   3.8850000e+00   1.3833989e-02   1.3863661e-02   1.3810811e-02
   3.8950000e+00   1.3770147e-02   1.3797245e-02   1.3749060e-02
   3.9050000e+00   1.3707649e-02   1.3732400e-02   1.3688461e-02
   3.9150000e+00   1.3646455e-02   1.3669102e-02   1.3628966e-02
   3.9250000e+00   1.3586398e-02   1.3607149e-02   1.3570435e-02
   3.9350000e+00   1.3527265e-02   1.3546281e-02   1.3512695e-02
   3.9450000e+00   1.3469077e-02   1.3486540e-02   1.3455750e-02
   3.9550000e+00   1.3411621e-02   1.3427663e-02   1.3399429e-02
   3.9650000e+00   1.3354912e-02   1.3369675e-02   1.3343737e-02
   3.9750000e+00   1.3306966e-02   1.3320412e-02   1.3296835e-02
   3.9850000e+00   1.3265200e-02   1.3277379e-02   1.3256074e-02
   3.9950000e+00   1.3224106e-02   1.3235153e-02   1.3215873e-02
   4.0050000e+00   1.3183571e-02   1.3193597e-02   1.3176144e-02
   4.0150000e+00   1.3143556e-02   1.3152665e-02   1.3136848e-02
   4.0250000e+00   1.3103995e-02   1.3112279e-02   1.3097930e-02
   4.0350000e+00   1.3064833e-02   1.3072375e-02   1.3059349e-02
   4.0450000e+00   1.3026041e-02   1.3032914e-02   1.3021075e-02
   4.0550000e+00   1.2987560e-02   1.2993827e-02   1.2983063e-02
   4.0650000e+00   1.2949371e-02   1.2955093e-02   1.2945296e-02
   4.0750000e+00   1.2911450e-02   1.2916680e-02   1.2907751e-02
   4.0850000e+00   1.2873755e-02   1.2878538e-02   1.2870399e-02
   4.0950000e+00   1.2836277e-02   1.2840657e-02   1.2833229e-02
   4.1050000e+00   1.2804317e-02   1.2808321e-02   1.2801555e-02
   4.1150000e+00   1.2776079e-02   1.2779736e-02   1.2773582e-02
   4.1250000e+00   1.2748004e-02   1.2751347e-02   1.2745745e-02
   4.1350000e+00   1.2720072e-02   1.2723129e-02   1.2718028e-02
   4.1450000e+00   1.2692274e-02   1.2695073e-02   1.2690425e-02
   4.1550000e+00   1.2664601e-02   1.2667166e-02   1.2662927e-02
   4.1650000e+00   1.2637039e-02   1.2639391e-02   1.2635523e-02
   4.1750000e+00   1.2609581e-02   1.2611739e-02   1.2608209e-02
   4.1850000e+00   1.2582221e-02   1.2584204e-02   1.2580978e-02
   4.1950000e+00   1.2554951e-02   1.2556774e-02   1.2553825e-02
   4.2050000e+00   1.2527765e-02   1.2529444e-02   1.2526745e-02
   4.2150000e+00   1.2500658e-02   1.2502206e-02   1.2499733e-02
   4.2250000e+00   1.2473625e-02   1.2475055e-02   1.2472786e-02
   4.2350000e+00   1.2446664e-02   1.2447985e-02   1.2445901e-02
   4.2450000e+00   1.2425482e-02   1.2426638e-02   1.2424840e-02
   4.2550000e+00   1.2408251e-02   1.2409224e-02   1.2407745e-02
   4.2650000e+00   1.2391168e-02   1.2391984e-02   1.2390776e-02
   4.2750000e+00   1.2374217e-02   1.2374899e-02   1.2373922e-02
   4.2850000e+00   1.2357387e-02   1.2357954e-02   1.2357173e-02
   4.2950000e+00   1.2340666e-02   1.2341135e-02   1.2340522e-02
   4.3050000e+00   1.2324047e-02   1.2324433e-02   1.2323961e-02
   4.3150000e+00   1.2307522e-02   1.2307837e-02   1.2307485e-02
   4.3250000e+00   1.2291086e-02   1.2291342e-02   1.2291091e-02
   4.3350000e+00   1.2274734e-02   1.2274939e-02   1.2274773e-02
   4.3450000e+00   1.2258462e-02   1.2258624e-02   1.2258529e-02
   4.3550000e+00   1.2251026e-02   1.2251136e-02   1.2251130e-02
   4.3650000e+00   1.2247444e-02   1.2247503e-02   1.2247582e-02
   4.3750000e+00   1.2243960e-02   1.2243977e-02   1.2244127e-02
   4.3850000e+00   1.2240570e-02   1.2240552e-02   1.2240761e-02
   4.3950000e+00   1.2249526e-02   1.2249472e-02   1.2249744e-02
   4.4050000e+00   1.2261621e-02   1.2261533e-02   1.2261864e-02
   4.4150000e+00   1.2273787e-02   1.2273670e-02   1.2274053e-02
   4.4250000e+00   1.2286023e-02   1.2285879e-02   1.2286309e-02
   4.4350000e+00   1.2298327e-02   1.2298159e-02   1.2298631e-02
   4.4450000e+00   1.2312155e-02   1.2311965e-02   1.2312475e-02
   4.4550000e+00   1.2339136e-02   1.2338923e-02   1.2339475e-02
   4.4650000e+00   1.2366141e-02   1.2365907e-02   1.2366499e-02
   4.4750000e+00   1.2393170e-02   1.2392915e-02   1.2393548e-02
   4.4850000e+00   1.2420224e-02   1.2419947e-02   1.2420620e-02
   4.4950000e+00   1.2447301e-02   1.2447003e-02   1.2447715e-02
   4.5050000e+00   1.2474402e-02   1.2474084e-02   1.2474834e-02
   4.5150000e+00   1.2506642e-02   1.2506311e-02   1.2507087e-02
   4.5250000e+00   1.2538911e-02   1.2538568e-02   1.2539369e-02
   4.5350000e+00   1.2571208e-02   1.2570854e-02   1.2571679e-02
   4.5450000e+00   1.2603535e-02   1.2603169e-02   1.2604018e-02
   4.5550000e+00   1.2634148e-02   1.2633785e-02   1.2634634e-02
   4.5650000e+00   1.2658588e-02   1.2658236e-02   1.2659069e-02
   4.5750000e+00   1.2677286e-02   1.2676954e-02   1.2677754e-02
   4.5850000e+00   1.2681324e-02   1.2681030e-02   1.2681765e-02
   4.5950000e+00   1.2670709e-02   1.2670473e-02   1.2671106e-02
   4.6050000e+00   1.2660200e-02   1.2660030e-02   1.2660548e-02
   4.6150000e+00   1.2649803e-02   1.2649709e-02   1.2650094e-02
   4.6250000e+00   1.2639526e-02   1.2639520e-02   1.2639749e-02
   4.6350000e+00   1.2629376e-02   1.2629475e-02   1.2629522e-02
   4.6450000e+00   1.2619366e-02   1.2619587e-02   1.2619421e-02
   4.6550000e+00   1.2609510e-02   1.2609876e-02   1.2609457e-02
   4.6650000e+00   1.2599825e-02   1.2600363e-02   1.2599643e-02
   4.6750000e+00   1.2590334e-02   1.2591079e-02   1.2589997e-02
   4.6850000e+00   1.2581066e-02   1.2582057e-02   1.2580543e-02
   4.6950000e+00   1.2572056e-02   1.2573346e-02   1.2571308e-02
   4.7050000e+00   1.2563352e-02   1.2565004e-02   1.2562331e-02
   4.7150000e+00   1.2555014e-02   1.2557106e-02   1.2553660e-02
   4.7250000e+00   1.2537339e-02   1.2539808e-02   1.2535696e-02
   4.7350000e+00   1.2513350e-02   1.2516134e-02   1.2511464e-02
   4.7450000e+00   1.2489508e-02   1.2492639e-02   1.2487355e-02
   4.7550000e+00   1.2465831e-02   1.2469343e-02   1.2463383e-02
   4.7650000e+00   1.2442336e-02   1.2446269e-02   1.2439562e-02
   4.7750000e+00   1.2419044e-02   1.2423441e-02   1.2415910e-02
   4.7850000e+00   1.2395975e-02   1.2400884e-02   1.2392442e-02
   4.7950000e+00   1.2373158e-02   1.2378633e-02   1.2369184e-02
   4.8050000e+00   1.2350623e-02   1.2356726e-02   1.2346160e-02
   4.8150000e+00   1.2328404e-02   1.2335201e-02   1.2323397e-02
   4.8250000e+00   1.2306538e-02   1.2314103e-02   1.2300928e-02
   4.8350000e+00   1.2285072e-02   1.2293491e-02   1.2278791e-02
   4.8450000e+00   1.2264056e-02   1.2273423e-02   1.2257028e-02
   4.8550000e+00   1.2243553e-02   1.2253975e-02   1.2235691e-02
   4.8650000e+00   1.2223631e-02   1.2235226e-02   1.2214839e-02
   4.8750000e+00   1.2204370e-02   1.2217272e-02   1.2194539e-02
   4.8850000e+00   1.2185844e-02   1.2200199e-02   1.2174855e-02
   4.8950000e+00   1.2168179e-02   1.2184157e-02   1.2155892e-02
   4.9050000e+00   1.2150709e-02   1.2168390e-02   1.2137056e-02
   4.9150000e+00   1.2126730e-02   1.2145208e-02   1.2112435e-02
   4.9250000e+00   1.2102946e-02   1.2122254e-02   1.2087980e-02
   4.9350000e+00   1.2079355e-02   1.2099528e-02   1.2063691e-02
   4.9450000e+00   1.2055974e-02   1.2077048e-02   1.2039579e-02
   4.9550000e+00   1.2032812e-02   1.2054827e-02   1.2015656e-02
   4.9650000e+00   1.2009891e-02   1.2032887e-02   1.1991938e-02
   4.9750000e+00   1.1987204e-02   1.2011221e-02   1.1968423e-02
   4.9850000e+00   1.1964745e-02   1.1989820e-02   1.1945103e-02
   4.9950000e+00   1.1942574e-02   1.1968759e-02   1.1922029e-02
