   3.0500000e-01   8.6061060e-01   8.6797750e-01   8.5348842e-01
   3.1500000e-01   8.6004352e-01   8.6742751e-01   8.5291115e-01
   3.2500000e-01   8.5951542e-01   8.6693172e-01   8.5235238e-01
   3.3500000e-01   8.5906282e-01   8.6649202e-01   8.5188608e-01
   3.4500000e-01   8.5854717e-01   8.6600533e-01   8.5134387e-01
   3.5500000e-01   8.5800848e-01   8.6547689e-01   8.5079733e-01
   3.6500000e-01   8.5778275e-01   8.6527065e-01   8.5055171e-01
   3.7500000e-01   8.5738308e-01   8.6487702e-01   8.5014830e-01
   3.8500000e-01   8.5701995e-01   8.6452421e-01   8.4977510e-01
   3.9500000e-01   8.5668033e-01   8.6420317e-01   8.4941859e-01
   4.0500000e-01   8.5644979e-01   8.6398631e-01   8.4917481e-01
   4.1500000e-01   8.5614990e-01   8.6370434e-01   8.4885931e-01
   4.2500000e-01   8.5598360e-01   8.6354601e-01   8.4868513e-01
   4.3500000e-01   8.5582811e-01   8.6340069e-01   8.4851922e-01
   4.4500000e-01   8.5562077e-01   8.6319898e-01   8.4830730e-01
   4.5500000e-01   8.5538290e-01   8.6297772e-01   8.4805523e-01
   4.6500000e-01   8.5519513e-01   8.6278389e-01   8.4787322e-01
   4.7500000e-01   8.5509851e-01   8.6270841e-01   8.4775598e-01
   4.8500000e-01   8.5504934e-01   8.6265908e-01   8.4770682e-01
   4.9500000e-01   8.5480600e-01   8.6243030e-01   8.4745011e-01
   5.0500000e-01   8.5459459e-01   8.6221913e-01   8.4723971e-01
   5.1500000e-01   8.5454511e-01   8.6217743e-01   8.4718065e-01
   5.2500000e-01   8.5442424e-01   8.6206081e-01   8.4705337e-01
   5.3500000e-01   8.5413657e-01   8.6177228e-01   8.4677429e-01
   5.4500000e-01   8.5394018e-01   8.6160645e-01   8.4654687e-01
   5.5500000e-01   8.5366714e-01   8.6132756e-01   8.4628152e-01
   5.6500000e-01   8.5374408e-01   8.6142193e-01   8.4634095e-01
   5.7500000e-01   8.5348035e-01   8.6114212e-01   8.4609228e-01
   5.8500000e-01   8.5342537e-01   8.6112471e-01   8.4599816e-01
   5.9500000e-01   8.5334883e-01   8.6104847e-01   8.4592392e-01
   6.0500000e-01   8.5296497e-01   8.6063600e-01   8.4556624e-01
   6.1500000e-01   8.5277167e-01   8.6046494e-01   8.4535069e-01
   6.2500000e-01   8.5243568e-01   8.6013323e-01   8.4501003e-01
   6.3500000e-01   8.5222406e-01   8.5992677e-01   8.4479781e-01
   6.4500000e-01   8.5176544e-01   8.5946721e-01   8.4434339e-01
   6.5500000e-01   8.5158659e-01   8.5927699e-01   8.4417050e-01
   6.6500000e-01   8.5127261e-01   8.5897662e-01   8.4384316e-01
   6.7500000e-01   8.5098216e-01   8.5870912e-01   8.4353152e-01
   6.8500000e-01   8.5096141e-01   8.5867746e-01   8.4351401e-01
   6.9500000e-01   8.5006755e-01   8.5780408e-01   8.4261197e-01
   7.0500000e-01   8.4966671e-01   8.5740181e-01   8.4220810e-01
   7.1500000e-01   8.4897388e-01   8.5673242e-01   8.4149339e-01
   7.2500000e-01   8.4861339e-01   8.5636597e-01   8.4113366e-01
   7.3500000e-01   8.4797944e-01   8.5572338e-01   8.4051919e-01
   7.4500000e-01   8.4713284e-01   8.5487946e-01   8.3966662e-01
   7.5500000e-01   8.4607672e-01   8.5382409e-01   8.3860409e-01
   7.6500000e-01   8.4467437e-01   8.5243029e-01   8.3720011e-01
   7.7500000e-01   8.4315972e-01   8.5095576e-01   8.3564683e-01
   7.8500000e-01   8.4159480e-01   8.4938039e-01   8.3408291e-01
   7.9500000e-01   8.4004956e-01   8.4786805e-01   8.3251443e-01
   8.0500000e-01   8.3874870e-01   8.4654814e-01   8.3123006e-01
   8.1500000e-01   8.3887438e-01   8.4667703e-01   8.3135462e-01
   8.2500000e-01   8.3878661e-01   8.4658796e-01   8.3125597e-01
   8.3500000e-01   8.3803148e-01   8.4580699e-01   8.3053363e-01
   8.4500000e-01   8.3637190e-01   8.4410134e-01   8.2891446e-01
   8.5500000e-01   8.3411228e-01   8.4197891e-01   8.2652662e-01
   8.6500000e-01   8.3057614e-01   8.3848895e-01   8.2294142e-01
   8.7500000e-01   8.2547269e-01   8.3340319e-01   8.1782811e-01
   8.8500000e-01   8.2066470e-01   8.2859967e-01   8.1300244e-01
   8.9500000e-01   8.1708259e-01   8.2502109e-01   8.0942634e-01
   9.0500000e-01   8.1516464e-01   8.2309485e-01   8.0753073e-01
   9.1500000e-01   8.1397186e-01   8.2196314e-01   8.0626085e-01
   9.2500000e-01   8.1152770e-01   8.1954525e-01   8.0380194e-01
   9.3500000e-01   8.0901171e-01   8.1701365e-01   8.0129675e-01
   9.4500000e-01   8.0561067e-01   8.1365044e-01   7.9786936e-01
   9.5500000e-01   7.9917510e-01   8.0728362e-01   7.9135346e-01
   9.6500000e-01   7.8850984e-01   7.9672928e-01   7.8060780e-01
   9.7500000e-01   7.7727212e-01   7.8558878e-01   7.6927106e-01
   9.8500000e-01   7.6569566e-01   7.7409280e-01   7.5760370e-01
   9.9500000e-01   7.5168957e-01   7.6024607e-01   7.4348250e-01
   1.0050000e+00   7.3581152e-01   7.4461469e-01   7.2734432e-01
   1.0150000e+00   7.2102318e-01   7.3011065e-01   7.1233324e-01
   1.0250000e+00   7.1468949e-01   7.2376985e-01   7.0598268e-01
   1.0350000e+00   7.1429466e-01   7.2348934e-01   7.0548247e-01
   1.0450000e+00   7.1811053e-01   7.2719171e-01   7.0942871e-01
   1.0550000e+00   7.2763177e-01   7.3654417e-01   7.1909098e-01
   1.0650000e+00   7.3708642e-01   7.4587798e-01   7.2863706e-01
   1.0750000e+00   7.4276118e-01   7.5150859e-01   7.3438046e-01
   1.0850000e+00   7.4628807e-01   7.5503065e-01   7.3789674e-01
   1.0950000e+00   7.4765595e-01   7.5638052e-01   7.3928274e-01
   1.1050000e+00   7.4769538e-01   7.5642985e-01   7.3930440e-01
   1.1150000e+00   7.4526051e-01   7.5401757e-01   7.3686696e-01
   1.1250000e+00   7.3977474e-01   7.4855524e-01   7.3134322e-01
   1.1350000e+00   7.3063448e-01   7.3956744e-01   7.2207806e-01
   1.1450000e+00   7.2610535e-01   7.3507260e-01   7.1750432e-01
   1.1550000e+00   7.1039353e-01   7.1958015e-01   7.0160199e-01
   1.1650000e+00   6.8420556e-01   6.9391389e-01   6.7494191e-01
   1.1750000e+00   6.5662294e-01   6.6662696e-01   6.4708980e-01
   1.1850000e+00   6.3151115e-01   6.4194475e-01   6.2158586e-01
   1.1950000e+00   6.0824730e-01   6.1901272e-01   5.9804277e-01
   1.2050000e+00   5.7908420e-01   5.9034451e-01   5.6842176e-01
   1.2150000e+00   5.4750980e-01   5.5911241e-01   5.3655491e-01
   1.2250000e+00   5.2826906e-01   5.4017978e-01   5.1704126e-01
   1.2350000e+00   5.1502435e-01   5.2701174e-01   5.0372916e-01
   1.2450000e+00   5.0530945e-01   5.1741002e-01   4.9391427e-01
   1.2550000e+00   5.0034655e-01   5.1252226e-01   4.8888547e-01
   1.2650000e+00   4.9772639e-01   5.0990943e-01   4.8625989e-01
   1.2750000e+00   4.9804288e-01   5.1021160e-01   4.8659464e-01
   1.2850000e+00   5.0148143e-01   5.1362061e-01   4.9005235e-01
   1.2950000e+00   5.0319125e-01   5.1532365e-01   4.9177237e-01
   1.3050000e+00   5.0482246e-01   5.1693225e-01   4.9342262e-01
   1.3150000e+00   5.0609464e-01   5.1820975e-01   4.9468944e-01
   1.3250000e+00   5.0668187e-01   5.1878442e-01   4.9528981e-01
   1.3350000e+00   5.0652312e-01   5.1861897e-01   4.9513326e-01
   1.3450000e+00   5.0393059e-01   5.1607818e-01   4.9249953e-01
   1.3550000e+00   5.0007032e-01   5.1224023e-01   4.8861357e-01
   1.3650000e+00   4.9619679e-01   5.0839451e-01   4.8471841e-01
   1.3750000e+00   4.8788066e-01   5.0015210e-01   4.7635245e-01
   1.3850000e+00   4.7560137e-01   4.8798078e-01   4.6396741e-01
   1.3950000e+00   4.5718057e-01   4.6965758e-01   4.4547799e-01
   1.4050000e+00   3.9329441e-01   4.0594843e-01   3.8149669e-01
   1.4150000e+00   3.0034781e-01   3.1259240e-01   2.8904772e-01
   1.4250000e+00   2.1538535e-01   2.2625282e-01   2.0546555e-01
   1.4350000e+00   1.5533175e-01   1.6455216e-01   1.4700848e-01
   1.4450000e+00   1.1654440e-01   1.2428439e-01   1.0962025e-01
   1.4550000e+00   8.5521853e-02   9.1764192e-02   7.9991295e-02
   1.4650000e+00   6.3548438e-02   6.8515008e-02   5.9187091e-02
   1.4750000e+00   4.9381573e-02   5.3400513e-02   4.5879045e-02
   1.4850000e+00   4.1713703e-02   4.5161389e-02   3.8724983e-02
   1.4950000e+00   3.8968001e-02   4.2199357e-02   3.6172714e-02
   1.5050000e+00   4.0438248e-02   4.3785145e-02   3.7539372e-02
   1.5150000e+00   4.2536258e-02   4.6048720e-02   3.9489527e-02
   1.5250000e+00   4.4693692e-02   4.8370219e-02   4.1499312e-02
   1.5350000e+00   4.7753117e-02   5.1656418e-02   4.4355227e-02
   1.5450000e+00   5.1547299e-02   5.5724698e-02   4.7902175e-02
   1.5550000e+00   5.5850122e-02   6.0322997e-02   5.1937793e-02
   1.5650000e+00   6.0847298e-02   6.5647103e-02   5.6637915e-02
   1.5750000e+00   6.6981061e-02   7.2171675e-02   6.2415868e-02
   1.5850000e+00   7.4151902e-02   7.9771455e-02   6.9194246e-02
   1.5950000e+00   7.9575340e-02   8.5499488e-02   7.4336726e-02
   1.6050000e+00   8.4849975e-02   9.1068447e-02   7.9341405e-02
   1.6150000e+00   9.0077682e-02   9.6571346e-02   8.4315315e-02
   1.6250000e+00   9.3304118e-02   9.9964696e-02   8.7387152e-02
   1.6350000e+00   9.6629682e-02   1.0346476e-01   9.0553881e-02
   1.6450000e+00   1.0027230e-01   1.0728421e-01   9.4029718e-02
   1.6550000e+00   1.0451345e-01   1.1173480e-01   9.8077700e-02
   1.6650000e+00   1.0947369e-01   1.1690533e-01   1.0283921e-01
   1.6750000e+00   1.1500793e-01   1.2270401e-01   1.0812891e-01
   1.6850000e+00   1.2040660e-01   1.2833251e-01   1.1331255e-01
   1.6950000e+00   1.2555674e-01   1.3368027e-01   1.1827371e-01
   1.7050000e+00   1.3089521e-01   1.3926537e-01   1.2338645e-01
   1.7150000e+00   1.3619898e-01   1.4475875e-01   1.2850671e-01
   1.7250000e+00   1.4173366e-01   1.5050521e-01   1.3384440e-01
   1.7350000e+00   1.4661115e-01   1.5556531e-01   1.3854588e-01
   1.7450000e+00   1.5031109e-01   1.5937975e-01   1.4213803e-01
   1.7550000e+00   1.5441453e-01   1.6364841e-01   1.4608364e-01
   1.7650000e+00   1.5787506e-01   1.6721491e-01   1.4944207e-01
   1.7750000e+00   1.6076940e-01   1.7020487e-01   1.5224614e-01
   1.7850000e+00   1.6362139e-01   1.7313128e-01   1.5502710e-01
   1.7950000e+00   1.6691361e-01   1.7656020e-01   1.5818910e-01
   1.8050000e+00   1.7035118e-01   1.8009450e-01   1.6153586e-01
   1.8150000e+00   1.7448780e-01   1.8436831e-01   1.6553953e-01
   1.8250000e+00   1.7866528e-01   1.8866285e-01   1.6960693e-01
   1.8350000e+00   1.8069238e-01   1.9073548e-01   1.7158664e-01
   1.8450000e+00   1.7937111e-01   1.8938688e-01   1.7029406e-01
   1.8550000e+00   1.7475407e-01   1.8461470e-01   1.6582379e-01
   1.8650000e+00   1.6175880e-01   1.7126917e-01   1.5316882e-01
   1.8750000e+00   1.3831094e-01   1.4696932e-01   1.3052632e-01
   1.8850000e+00   1.1445307e-01   1.2213433e-01   1.0759013e-01
   1.8950000e+00   8.9120466e-02   9.5599360e-02   8.3375944e-02
   1.9050000e+00   6.7362955e-02   7.2598585e-02   6.2758873e-02
   1.9150000e+00   4.7220952e-02   5.1116089e-02   4.3830782e-02
   1.9250000e+00   3.5433626e-02   3.8421027e-02   3.2856618e-02
   1.9350000e+00   2.7056886e-02   2.9315650e-02   2.5126413e-02
   1.9450000e+00   2.2175209e-02   2.3963095e-02   2.0659145e-02
   1.9550000e+00   1.9277207e-02   2.0762805e-02   1.8025832e-02
   1.9650000e+00   1.7539410e-02   1.8832260e-02   1.6455912e-02
   1.9750000e+00   1.6648874e-02   1.7839716e-02   1.5653953e-02
   1.9850000e+00   1.6219923e-02   1.7361279e-02   1.5267909e-02
   1.9950000e+00   1.6161406e-02   1.7297457e-02   1.5213971e-02
   2.0050000e+00   1.6324181e-02   1.7481307e-02   1.5358450e-02
   2.0150000e+00   1.6730796e-02   1.7937954e-02   1.5721665e-02
   2.0250000e+00   1.7241993e-02   1.8510580e-02   1.6179516e-02
   2.0350000e+00   1.7874600e-02   1.9216695e-02   1.6748205e-02
   2.0450000e+00   1.8775172e-02   2.0220047e-02   1.7559283e-02
   2.0550000e+00   2.0138395e-02   2.1731467e-02   1.8792964e-02
   2.0650000e+00   2.1889473e-02   2.3665771e-02   2.0383546e-02
   2.0750000e+00   2.4418604e-02   2.6447028e-02   2.2691160e-02
   2.0850000e+00   2.7655097e-02   2.9989529e-02   2.5657583e-02
   2.0950000e+00   3.1965327e-02   3.4680327e-02   2.9630512e-02
   2.1050000e+00   3.7769084e-02   4.0966781e-02   3.5004829e-02
   2.1150000e+00   4.3777460e-02   4.7442540e-02   4.0594938e-02
   2.1250000e+00   5.1751079e-02   5.5990876e-02   4.8051152e-02
   2.1350000e+00   6.0589523e-02   6.5429634e-02   5.6347643e-02
   2.1450000e+00   6.9656419e-02   7.5054054e-02   6.4905764e-02
   2.1550000e+00   7.9101026e-02   8.5049537e-02   7.3846425e-02
   2.1650000e+00   8.8208752e-02   9.4651385e-02   8.2499632e-02
   2.1750000e+00   9.7423953e-02   1.0434881e-01   9.1268936e-02
   2.1850000e+00   1.0584260e-01   1.1315233e-01   9.9328636e-02
   2.1950000e+00   1.1382476e-01   1.2151379e-01   1.0696113e-01
   2.2050000e+00   1.2053859e-01   1.2852672e-01   1.1339576e-01
   2.2150000e+00   1.2810779e-01   1.3639077e-01   1.2068072e-01
   2.2250000e+00   1.3458426e-01   1.4313191e-01   1.2690807e-01
   2.2350000e+00   1.3996835e-01   1.4872354e-01   1.3210200e-01
   2.2450000e+00   1.4349794e-01   1.5239626e-01   1.3549727e-01
   2.2550000e+00   1.4186348e-01   1.5069894e-01   1.3392372e-01
   2.2650000e+00   1.3854413e-01   1.4725600e-01   1.3071584e-01
   2.2750000e+00   1.3146940e-01   1.3989632e-01   1.2391337e-01
   2.2850000e+00   1.2325618e-01   1.3133937e-01   1.1601580e-01
   2.2950000e+00   1.1356078e-01   1.2122270e-01   1.0671474e-01
   2.3050000e+00   1.0326004e-01   1.1046620e-01   9.6845056e-02
   2.3150000e+00   9.3709592e-02   1.0041654e-01   8.7754465e-02
   2.3250000e+00   8.5245213e-02   9.1557740e-02   7.9657415e-02
   2.3350000e+00   7.7798684e-02   8.3703623e-02   7.2588516e-02
   2.3450000e+00   7.1429801e-02   7.6957905e-02   6.6562069e-02
   2.3550000e+00   6.6268283e-02   7.1489710e-02   6.1683400e-02
   2.3650000e+00   6.2435002e-02   6.7427077e-02   5.8055891e-02
   2.3750000e+00   5.9246742e-02   6.4018931e-02   5.5065560e-02
   2.3850000e+00   5.6947727e-02   6.1572517e-02   5.2901131e-02
   2.3950000e+00   5.4968361e-02   5.9463758e-02   5.1038775e-02
   2.4050000e+00   5.3248179e-02   5.7635501e-02   4.9415913e-02
   2.4150000e+00   5.1675695e-02   5.5944453e-02   4.7950523e-02
   2.4250000e+00   5.0338149e-02   5.4521932e-02   4.6689707e-02
   2.4350000e+00   4.8882382e-02   5.2966743e-02   4.5322545e-02
   2.4450000e+00   4.7332558e-02   5.1302932e-02   4.3875234e-02
   2.4550000e+00   4.5958188e-02   4.9846564e-02   4.2574491e-02
   2.4650000e+00   4.4521122e-02   4.8301868e-02   4.1235079e-02
   2.4750000e+00   4.3246969e-02   4.6935095e-02   4.0044285e-02
   2.4850000e+00   4.2037976e-02   4.5637598e-02   3.8914406e-02
   2.4950000e+00   4.0851970e-02   4.4364512e-02   3.7805390e-02
   2.5050000e+00   4.0035185e-02   4.3487074e-02   3.7043197e-02
   2.5150000e+00   3.9521966e-02   4.2944823e-02   3.6556893e-02
   2.5250000e+00   3.9206599e-02   4.2604987e-02   3.6262160e-02
   2.5350000e+00   3.9186601e-02   4.2593542e-02   3.6236175e-02
   2.5450000e+00   3.9063419e-02   4.2452309e-02   3.6127566e-02
   2.5550000e+00   3.9280275e-02   4.2677448e-02   3.6333680e-02
   2.5650000e+00   3.9808260e-02   4.3251993e-02   3.6820768e-02
   2.5750000e+00   3.9857625e-02   4.3316617e-02   3.6860242e-02
   2.5850000e+00   3.9785673e-02   4.3244611e-02   3.6785767e-02
   2.5950000e+00   3.9023093e-02   4.2411100e-02   3.6083819e-02
   2.6050000e+00   3.7718851e-02   4.1017155e-02   3.4861117e-02
   2.6150000e+00   3.6040921e-02   3.9221269e-02   3.3291038e-02
   2.6250000e+00   3.2710761e-02   3.5628190e-02   3.0192946e-02
   2.6350000e+00   2.8431329e-02   3.1002699e-02   2.6219440e-02
   2.6450000e+00   2.4997471e-02   2.7282002e-02   2.3038738e-02
   2.6550000e+00   2.2173707e-02   2.4212538e-02   2.0431119e-02
   2.6650000e+00   1.9852207e-02   2.1685767e-02   1.8289395e-02
   2.6750000e+00   1.7881368e-02   1.9535027e-02   1.6475656e-02
   2.6850000e+00   1.2774832e-02   1.3919398e-02   1.1811184e-02
   2.6950000e+00   9.8613477e-03   1.0695075e-02   9.1660402e-03
   2.7050000e+00   8.0226376e-03   8.6505501e-03   7.5037040e-03
   2.7150000e+00   6.7736269e-03   7.2578365e-03   6.3768889e-03
   2.7250000e+00   5.8742824e-03   6.2551566e-03   5.5647843e-03
   2.7350000e+00   4.2609705e-03   4.4197275e-03   4.1363453e-03
   2.7450000e+00   3.5972196e-03   3.6748895e-03   3.5377965e-03
   2.7550000e+00   3.1868215e-03   3.2300440e-03   3.1542185e-03
   2.7650000e+00   2.8654605e-03   2.8925455e-03   2.8450674e-03
   2.7750000e+00   2.5838904e-03   2.6028446e-03   2.5694982e-03
   2.7850000e+00   2.2648034e-03   2.2763380e-03   2.2557487e-03
   2.7950000e+00   1.9637681e-03   1.9725916e-03   1.9565960e-03
   2.8050000e+00   1.7006080e-03   1.7088072e-03   1.6938521e-03
   2.8150000e+00   1.4771730e-03   1.4854232e-03   1.4703440e-03
   2.8250000e+00   1.3164163e-03   1.3245534e-03   1.3095979e-03
   2.8350000e+00   1.2647606e-03   1.2724844e-03   1.2581987e-03
   2.8450000e+00   1.3963529e-03   1.4036940e-03   1.3900490e-03
   2.8550000e+00   1.7929636e-03   1.8003391e-03   1.7865956e-03
   2.8650000e+00   2.4934896e-03   2.5012302e-03   2.4867966e-03
   2.8750000e+00   3.7566166e-03   3.7647630e-03   3.7495827e-03
   2.8850000e+00   5.4115816e-03   5.4198142e-03   5.4044955e-03
   2.8950000e+00   7.5492799e-03   7.5570347e-03   7.5426394e-03
   2.9050000e+00   9.7654701e-03   9.7722253e-03   9.7597290e-03
   2.9150000e+00   1.2060661e-02   1.2066032e-02   1.2056152e-02
   2.9250000e+00   1.3896794e-02   1.3900619e-02   1.3893655e-02
   2.9350000e+00   1.5697893e-02   1.5700117e-02   1.5696171e-02
   2.9450000e+00   1.6888196e-02   1.6889145e-02   1.6887600e-02
   2.9550000e+00   1.8185056e-02   1.8184672e-02   1.8185637e-02
   2.9650000e+00   1.9566208e-02   1.9564438e-02   1.9568015e-02
   2.9750000e+00   2.1161430e-02   2.1158073e-02   2.1164637e-02
   2.9850000e+00   2.2849820e-02   2.2844760e-02   2.2854530e-02
   2.9950000e+00   2.4936488e-02   2.4929237e-02   2.4943133e-02
   3.0050000e+00   2.7102492e-02   2.7092879e-02   2.7111221e-02
   3.0150000e+00   2.9394667e-02   2.9382356e-02   2.9405776e-02
   3.0250000e+00   3.1735918e-02   3.1720686e-02   3.1749602e-02
   3.0350000e+00   3.4139203e-02   3.4120761e-02   3.4155718e-02
   3.0450000e+00   3.6526555e-02   3.6504621e-02   3.6546151e-02
   3.0550000e+00   3.8994201e-02   3.8968416e-02   3.9017197e-02
   3.0650000e+00   4.0069360e-02   4.0041027e-02   4.0094610e-02
   3.0750000e+00   4.0869507e-02   4.0838949e-02   4.0896727e-02
   3.0850000e+00   4.0488463e-02   4.0457268e-02   4.0516255e-02
   3.0950000e+00   4.0157053e-02   4.0125329e-02   4.0185323e-02
   3.1050000e+00   3.9147363e-02   3.9116245e-02   3.9175107e-02
   3.1150000e+00   3.8335639e-02   3.8304996e-02   3.8362972e-02
   3.1250000e+00   3.7738261e-02   3.7708004e-02   3.7765259e-02
   3.1350000e+00   3.7312637e-02   3.7282601e-02   3.7339446e-02
   3.1450000e+00   3.6817847e-02   3.6788181e-02   3.6844337e-02
   3.1550000e+00   3.6483025e-02   3.6453567e-02   3.6509336e-02
   3.1650000e+00   3.5740121e-02   3.5711456e-02   3.5765736e-02
   3.1750000e+00   3.5166350e-02   3.5138299e-02   3.5191427e-02
   3.1850000e+00   3.4116304e-02   3.4089533e-02   3.4140250e-02
   3.1950000e+00   3.3213841e-02   3.3188183e-02   3.3236806e-02
   3.2050000e+00   3.2072864e-02   3.2048642e-02   3.2094559e-02
   3.2150000e+00   3.1022922e-02   3.1000026e-02   3.1043444e-02
   3.2250000e+00   3.0095649e-02   3.0073914e-02   3.0115145e-02
   3.2350000e+00   2.9209344e-02   2.9188720e-02   2.9227857e-02
   3.2450000e+00   2.8490802e-02   2.8471072e-02   2.8508525e-02
   3.2550000e+00   2.7813208e-02   2.7794321e-02   2.7830184e-02
   3.2650000e+00   2.7052617e-02   2.7034679e-02   2.7068755e-02
   3.2750000e+00   2.6291950e-02   2.6274960e-02   2.6307248e-02
   3.2850000e+00   2.5632232e-02   2.5616054e-02   2.5646812e-02
   3.2950000e+00   2.5032400e-02   2.5016952e-02   2.5046333e-02
   3.3050000e+00   2.4492952e-02   2.4478161e-02   2.4506303e-02
   3.3150000e+00   2.4014597e-02   2.4000390e-02   2.4027431e-02
   3.3250000e+00   2.3548908e-02   2.3535271e-02   2.3561239e-02
   3.3350000e+00   2.3099692e-02   2.3086601e-02   2.3111539e-02
   3.3450000e+00   2.2656807e-02   2.2644256e-02   2.2668176e-02
   3.3550000e+00   2.2231180e-02   2.2219146e-02   2.2242092e-02
   3.3650000e+00   2.1810525e-02   2.1799004e-02   2.1820984e-02
   3.3750000e+00   2.1417104e-02   2.1406060e-02   2.1427142e-02
   3.3850000e+00   2.1032386e-02   2.1021810e-02   2.1042010e-02
   3.3950000e+00   2.0674501e-02   2.0664365e-02   2.0683740e-02
   3.4050000e+00   2.0342608e-02   2.0332888e-02   2.0351485e-02
   3.4150000e+00   2.0020050e-02   2.0010753e-02   2.0028565e-02
   3.4250000e+00   1.9728696e-02   1.9719809e-02   1.9736866e-02
   3.4350000e+00   1.9438914e-02   1.9430496e-02   1.9446705e-02
   3.4450000e+00   1.9172692e-02   1.9164787e-02   1.9180085e-02
   3.4550000e+00   1.8910335e-02   1.8903096e-02   1.8917234e-02
   3.4650000e+00   1.8662245e-02   1.8655877e-02   1.8668523e-02
   3.4750000e+00   1.8428406e-02   1.8423202e-02   1.8433872e-02
   3.4850000e+00   1.8198553e-02   1.8195094e-02   1.8202819e-02
   3.4950000e+00   1.7987207e-02   1.7985863e-02   1.7990017e-02
   3.5050000e+00   1.7778985e-02   1.7780768e-02   1.7779631e-02
   3.5150000e+00   1.7587990e-02   1.7593820e-02   1.7585814e-02
   3.5250000e+00   1.7410323e-02   1.7421386e-02   1.7404460e-02
   3.5350000e+00   1.7240886e-02   1.7259221e-02   1.7229838e-02
   3.5450000e+00   1.7089733e-02   1.7115912e-02   1.7073018e-02
   3.5550000e+00   1.6947480e-02   1.6984072e-02   1.6923159e-02
   3.5650000e+00   1.6823854e-02   1.6871045e-02   1.6791703e-02
   3.5750000e+00   1.6712636e-02   1.6770404e-02   1.6672593e-02
   3.5850000e+00   1.6610115e-02   1.6680672e-02   1.6560457e-02
   3.5950000e+00   1.6518872e-02   1.6604949e-02   1.6457430e-02
   3.6050000e+00   1.6441701e-02   1.6546560e-02   1.6365876e-02
   3.6150000e+00   1.6383204e-02   1.6511047e-02   1.6289618e-02
   3.6250000e+00   1.6343994e-02   1.6497695e-02   1.6230226e-02
   3.6350000e+00   1.6278341e-02   1.6441831e-02   1.6156877e-02
   3.6450000e+00   1.6216382e-02   1.6390426e-02   1.6086594e-02
   3.6550000e+00   1.6156997e-02   1.6341876e-02   1.6018611e-02
   3.6650000e+00   1.6102018e-02   1.6298773e-02   1.5954232e-02
   3.6750000e+00   1.6050498e-02   1.6259515e-02   1.5892923e-02
   3.6850000e+00   1.6003712e-02   1.6225966e-02   1.5835564e-02
   3.6950000e+00   1.5960978e-02   1.6197117e-02   1.5781718e-02
   3.7050000e+00   1.5923801e-02   1.6174716e-02   1.5732640e-02
   3.7150000e+00   1.5891628e-02   1.6158132e-02   1.5687889e-02
   3.7250000e+00   1.5865824e-02   1.6149137e-02   1.5648521e-02
   3.7350000e+00   1.5816034e-02   1.6109434e-02   1.5590503e-02
   3.7450000e+00   1.5702569e-02   1.5990092e-02   1.5481752e-02
   3.7550000e+00   1.5589414e-02   1.5871120e-02   1.5373275e-02
   3.7650000e+00   1.5477270e-02   1.5753151e-02   1.5265759e-02
   3.7750000e+00   1.5366201e-02   1.5636548e-02   1.5159112e-02
   3.7850000e+00   1.5223188e-02   1.5477470e-02   1.5029027e-02
   3.7950000e+00   1.5085837e-02   1.5324799e-02   1.4903913e-02
   3.8050000e+00   1.4955339e-02   1.5180426e-02   1.4784490e-02
   3.8150000e+00   1.4829349e-02   1.5041348e-02   1.4668926e-02
   3.8250000e+00   1.4709053e-02   1.4909060e-02   1.4558132e-02
   3.8350000e+00   1.4592198e-02   1.4780767e-02   1.4450310e-02
   3.8450000e+00   1.4479885e-02   1.4658063e-02   1.4346209e-02
   3.8550000e+00   1.4373759e-02   1.4539456e-02   1.4249904e-02
   3.8650000e+00   1.4273293e-02   1.4426777e-02   1.4159009e-02
   3.8750000e+00   1.4178390e-02   1.4320883e-02   1.4072697e-02
   3.8850000e+00   1.4087593e-02   1.4219938e-02   1.3989802e-02
   3.8950000e+00   1.4001055e-02   1.4124155e-02   1.3910427e-02
   3.9050000e+00   1.3917696e-02   1.4032219e-02   1.3833691e-02
   3.9150000e+00   1.3837700e-02   1.3944445e-02   1.3759688e-02
   3.9250000e+00   1.3760561e-02   1.3860163e-02   1.3688029e-02
   3.9350000e+00   1.3685659e-02   1.3778598e-02   1.3618219e-02
   3.9450000e+00   1.3613265e-02   1.3700152e-02   1.3550434e-02
   3.9550000e+00   1.3542724e-02   1.3623990e-02   1.3484163e-02
   3.9650000e+00   1.3474143e-02   1.3550246e-02   1.3419482e-02
   3.9750000e+00   1.3413890e-02   1.3484631e-02   1.3363274e-02
   3.9850000e+00   1.3360183e-02   1.3425693e-02   1.3313503e-02
   3.9950000e+00   1.3308346e-02   1.3369101e-02   1.3265228e-02
   4.0050000e+00   1.3258019e-02   1.3314393e-02   1.3218170e-02
   4.0150000e+00   1.3209153e-02   1.3261529e-02   1.3172277e-02
   4.0250000e+00   1.3161578e-02   1.3210301e-02   1.3127409e-02
   4.0350000e+00   1.3115127e-02   1.3160487e-02   1.3083438e-02
   4.0450000e+00   1.3069726e-02   1.3112005e-02   1.3040300e-02
   4.0550000e+00   1.3025215e-02   1.3064660e-02   1.2997866e-02
   4.0650000e+00   1.2981555e-02   1.3018401e-02   1.2956103e-02
   4.0750000e+00   1.2938665e-02   1.2973123e-02   1.2914947e-02
   4.0850000e+00   1.2896417e-02   1.2928667e-02   1.2874300e-02
   4.0950000e+00   1.2854800e-02   1.2885021e-02   1.2834147e-02
   4.1050000e+00   1.2818958e-02   1.2847268e-02   1.2799680e-02
   4.1150000e+00   1.2787102e-02   1.2813620e-02   1.2769110e-02
   4.1250000e+00   1.2755727e-02   1.2780593e-02   1.2738916e-02
   4.1350000e+00   1.2724778e-02   1.2748121e-02   1.2709052e-02
   4.1450000e+00   1.2694227e-02   1.2716165e-02   1.2679500e-02
   4.1550000e+00   1.2664040e-02   1.2684680e-02   1.2650232e-02
   4.1650000e+00   1.2634174e-02   1.2653610e-02   1.2621214e-02
   4.1750000e+00   1.2604609e-02   1.2622932e-02   1.2592431e-02
   4.1850000e+00   1.2575323e-02   1.2592617e-02   1.2563866e-02
   4.1950000e+00   1.2546287e-02   1.2562623e-02   1.2535496e-02
   4.2050000e+00   1.2517484e-02   1.2532932e-02   1.2507310e-02
   4.2150000e+00   1.2488898e-02   1.2503523e-02   1.2479293e-02
   4.2250000e+00   1.2460513e-02   1.2474376e-02   1.2451433e-02
   4.2350000e+00   1.2432315e-02   1.2445471e-02   1.2423721e-02
   4.2450000e+00   1.2409242e-02   1.2421361e-02   1.2401362e-02
   4.2550000e+00   1.2389892e-02   1.2400855e-02   1.2382807e-02
   4.2650000e+00   1.2370974e-02   1.2380921e-02   1.2364585e-02
   4.2750000e+00   1.2352434e-02   1.2361483e-02   1.2346655e-02
   4.2850000e+00   1.2334224e-02   1.2342479e-02   1.2328981e-02
   4.2950000e+00   1.2316307e-02   1.2323861e-02   1.2311535e-02
   4.3050000e+00   1.2298652e-02   1.2305586e-02   1.2294294e-02
   4.3150000e+00   1.2281231e-02   1.2287616e-02   1.2277237e-02
   4.3250000e+00   1.2264020e-02   1.2269918e-02   1.2260346e-02
   4.3350000e+00   1.2246997e-02   1.2252463e-02   1.2243606e-02
   4.3450000e+00   1.2230146e-02   1.2235229e-02   1.2227004e-02
   4.3550000e+00   1.2222019e-02   1.2226676e-02   1.2219155e-02
   4.3650000e+00   1.2217770e-02   1.2222022e-02   1.2215170e-02
   4.3750000e+00   1.2213716e-02   1.2217616e-02   1.2211345e-02
   4.3850000e+00   1.2209840e-02   1.2213433e-02   1.2207666e-02
   4.3950000e+00   1.2218315e-02   1.2221641e-02   1.2216316e-02
   4.4050000e+00   1.2229966e-02   1.2233054e-02   1.2228124e-02
   4.4150000e+00   1.2241735e-02   1.2244611e-02   1.2240031e-02
   4.4250000e+00   1.2253613e-02   1.2256300e-02   1.2252032e-02
   4.4350000e+00   1.2265593e-02   1.2268111e-02   1.2264122e-02
   4.4450000e+00   1.2279128e-02   1.2281501e-02   1.2277753e-02
   4.4550000e+00   1.2305842e-02   1.2308128e-02   1.2304529e-02
   4.4650000e+00   1.2332586e-02   1.2334787e-02   1.2331333e-02
   4.4750000e+00   1.2359359e-02   1.2361479e-02   1.2358164e-02
   4.4850000e+00   1.2386160e-02   1.2388202e-02   1.2385021e-02
   4.4950000e+00   1.2412989e-02   1.2414956e-02   1.2411905e-02
   4.5050000e+00   1.2439846e-02   1.2441740e-02   1.2438815e-02
   4.5150000e+00   1.2471974e-02   1.2473896e-02   1.2470933e-02
   4.5250000e+00   1.2504134e-02   1.2506087e-02   1.2503083e-02
   4.5350000e+00   1.2536329e-02   1.2538316e-02   1.2535264e-02
   4.5450000e+00   1.2568557e-02   1.2570581e-02   1.2567478e-02
   4.5550000e+00   1.2599241e-02   1.2601402e-02   1.2598084e-02
   4.5650000e+00   1.2623876e-02   1.2626227e-02   1.2622602e-02
   4.5750000e+00   1.2642861e-02   1.2645439e-02   1.2641445e-02
   4.5850000e+00   1.2647383e-02   1.2650256e-02   1.2645775e-02
   4.5950000e+00   1.2637470e-02   1.2640720e-02   1.2635611e-02
   4.6050000e+00   1.2627766e-02   1.2631449e-02   1.2625619e-02
   4.6150000e+00   1.2618297e-02   1.2622481e-02   1.2615815e-02
   4.6250000e+00   1.2609094e-02   1.2613857e-02   1.2606223e-02
   4.6350000e+00   1.2600196e-02   1.2605632e-02   1.2596871e-02
   4.6450000e+00   1.2591648e-02   1.2597868e-02   1.2587794e-02
   4.6550000e+00   1.2583508e-02   1.2590643e-02   1.2579032e-02
   4.6650000e+00   1.2575845e-02   1.2584052e-02   1.2570638e-02
   4.6750000e+00   1.2568745e-02   1.2578208e-02   1.2562676e-02
   4.6850000e+00   1.2562314e-02   1.2573254e-02   1.2555227e-02
   4.6950000e+00   1.2556685e-02   1.2569364e-02   1.2548389e-02
   4.7050000e+00   1.2552020e-02   1.2566754e-02   1.2542290e-02
   4.7150000e+00   1.2548523e-02   1.2565686e-02   1.2537084e-02
   4.7250000e+00   1.2534930e-02   1.2554087e-02   1.2522077e-02
   4.7350000e+00   1.2514308e-02   1.2535067e-02   1.2500310e-02
   4.7450000e+00   1.2494145e-02   1.2516648e-02   1.2478897e-02
   4.7550000e+00   1.2474491e-02   1.2498894e-02   1.2457879e-02
   4.7650000e+00   1.2455397e-02   1.2481865e-02   1.2437296e-02
   4.7750000e+00   1.2436922e-02   1.2465636e-02   1.2417196e-02
   4.7850000e+00   1.2419127e-02   1.2450286e-02   1.2397626e-02
   4.7950000e+00   1.2402097e-02   1.2435922e-02   1.2378654e-02
   4.8050000e+00   1.2385918e-02   1.2422651e-02   1.2360350e-02
   4.8150000e+00   1.2370669e-02   1.2410564e-02   1.2342778e-02
   4.8250000e+00   1.2356452e-02   1.2399790e-02   1.2326024e-02
   4.8350000e+00   1.2343405e-02   1.2390503e-02   1.2310194e-02
   4.8450000e+00   1.2331667e-02   1.2382882e-02   1.2295400e-02
   4.8550000e+00   1.2321391e-02   1.2377108e-02   1.2281770e-02
   4.8650000e+00   1.2312743e-02   1.2373376e-02   1.2269443e-02
   4.8750000e+00   1.2305913e-02   1.2371918e-02   1.2258576e-02
   4.8850000e+00   1.2301095e-02   1.2372975e-02   1.2249326e-02
   4.8950000e+00   1.2298602e-02   1.2376930e-02   1.2241950e-02
   4.9050000e+00   1.2296896e-02   1.2381855e-02   1.2235199e-02
   4.9150000e+00   1.2280239e-02   1.2368214e-02   1.2216233e-02
   4.9250000e+00   1.2264025e-02   1.2355101e-02   1.2197640e-02
   4.9350000e+00   1.2248308e-02   1.2342606e-02   1.2179450e-02
   4.9450000e+00   1.2233128e-02   1.2330780e-02   1.2161693e-02
   4.9550000e+00   1.2218486e-02   1.2319610e-02   1.2144380e-02
   4.9650000e+00   1.2204402e-02   1.2309105e-02   1.2127535e-02
   4.9750000e+00   1.2190861e-02   1.2299249e-02   1.2111144e-02
   4.9850000e+00   1.2177867e-02   1.2290069e-02   1.2095201e-02
   4.9950000e+00   1.2165593e-02   1.2281773e-02   1.2079848e-02
