   3.0500000e-01   9.8350958e-01   9.8394881e-01   9.8307087e-01
   3.1500000e-01   9.8343024e-01   9.8387285e-01   9.8298820e-01
   3.2500000e-01   9.8336276e-01   9.8380799e-01   9.8291806e-01
   3.3500000e-01   9.8328873e-01   9.8373544e-01   9.8284260e-01
   3.4500000e-01   9.8321947e-01   9.8366861e-01   9.8277087e-01
   3.5500000e-01   9.8313174e-01   9.8358312e-01   9.8268095e-01
   3.6500000e-01   9.8310553e-01   9.8355797e-01   9.8265366e-01
   3.7500000e-01   9.8304251e-01   9.8349690e-01   9.8258874e-01
   3.8500000e-01   9.8298433e-01   9.8344020e-01   9.8252915e-01
   3.9500000e-01   9.8293456e-01   9.8339194e-01   9.8247782e-01
   4.0500000e-01   9.8289419e-01   9.8335212e-01   9.8243683e-01
   4.1500000e-01   9.8284916e-01   9.8330933e-01   9.8238959e-01
   4.2500000e-01   9.8281479e-01   9.8327580e-01   9.8235443e-01
   4.3500000e-01   9.8276403e-01   9.8322547e-01   9.8230321e-01
   4.4500000e-01   9.8268850e-01   9.8315103e-01   9.8222662e-01
   4.5500000e-01   9.8260370e-01   9.8306764e-01   9.8214036e-01
   4.6500000e-01   9.8247862e-01   9.8294294e-01   9.8201495e-01
   4.7500000e-01   9.8235213e-01   9.8281715e-01   9.8188771e-01
   4.8500000e-01   9.8216523e-01   9.8263079e-01   9.8170030e-01
   4.9500000e-01   9.8191499e-01   9.8238165e-01   9.8144893e-01
   5.0500000e-01   9.8158865e-01   9.8205701e-01   9.8112103e-01
   5.1500000e-01   9.8120778e-01   9.8167451e-01   9.8074177e-01
   5.2500000e-01   9.8076997e-01   9.8123689e-01   9.8030370e-01
   5.3500000e-01   9.8024437e-01   9.8071355e-01   9.7977578e-01
   5.4500000e-01   9.7968638e-01   9.8015904e-01   9.7921436e-01
   5.5500000e-01   9.7902171e-01   9.7949633e-01   9.7854790e-01
   5.6500000e-01   9.7829384e-01   9.7877101e-01   9.7781751e-01
   5.7500000e-01   9.7755838e-01   9.7803751e-01   9.7708020e-01
   5.8500000e-01   9.7663903e-01   9.7711615e-01   9.7616304e-01
   5.9500000e-01   9.7583007e-01   9.7631014e-01   9.7535102e-01
   6.0500000e-01   9.7485961e-01   9.7534749e-01   9.7437311e-01
   6.1500000e-01   9.7306177e-01   9.7358867e-01   9.7253568e-01
   6.2500000e-01   9.7175285e-01   9.7225608e-01   9.7125110e-01
   6.3500000e-01   9.7007974e-01   9.7058881e-01   9.6957288e-01
   6.4500000e-01   9.6832376e-01   9.6885764e-01   9.6779319e-01
   6.5500000e-01   9.6583605e-01   9.6637128e-01   9.6530547e-01
   6.6500000e-01   9.6494278e-01   9.6550609e-01   9.6438296e-01
   6.7500000e-01   9.6340650e-01   9.6398684e-01   9.6282934e-01
   6.8500000e-01   9.6117770e-01   9.6171957e-01   9.6063998e-01
   6.9500000e-01   9.5801794e-01   9.5856531e-01   9.5746800e-01
   7.0500000e-01   9.5578602e-01   9.5642301e-01   9.5515621e-01
   7.1500000e-01   9.5262070e-01   9.5328115e-01   9.5196516e-01
   7.2500000e-01   9.5068717e-01   9.5138776e-01   9.4999474e-01
   7.3500000e-01   9.4858969e-01   9.4930956e-01   9.4787793e-01
   7.4500000e-01   9.4451243e-01   9.4529538e-01   9.4373862e-01
   7.5500000e-01   9.3992507e-01   9.4074427e-01   9.3911820e-01
   7.6500000e-01   9.3517317e-01   9.3605861e-01   9.3429958e-01
   7.7500000e-01   9.2949818e-01   9.3043827e-01   9.2857026e-01
   7.8500000e-01   9.2424649e-01   9.2525530e-01   9.2325230e-01
   7.9500000e-01   9.1967204e-01   9.2076481e-01   9.1859457e-01
   8.0500000e-01   9.1621111e-01   9.1733658e-01   9.1510044e-01
   8.1500000e-01   9.1650947e-01   9.1763496e-01   9.1539997e-01
   8.2500000e-01   9.1536297e-01   9.1647747e-01   9.1426413e-01
   8.3500000e-01   9.1374014e-01   9.1488788e-01   9.1261380e-01
   8.4500000e-01   9.0816901e-01   9.0932281e-01   9.0704220e-01
   8.5500000e-01   9.0382482e-01   9.0510126e-01   9.0256786e-01
   8.6500000e-01   8.9511386e-01   8.9649350e-01   8.9375468e-01
   8.7500000e-01   8.8463277e-01   8.8614550e-01   8.8314193e-01
   8.8500000e-01   8.7382858e-01   8.7541418e-01   8.7226502e-01
   8.9500000e-01   8.6729941e-01   8.6899602e-01   8.6563079e-01
   9.0500000e-01   8.6406414e-01   8.6584504e-01   8.6231429e-01
   9.1500000e-01   8.6177715e-01   8.6353934e-01   8.6004067e-01
   9.2500000e-01   8.5787859e-01   8.5972149e-01   8.5606464e-01
   9.3500000e-01   8.5315652e-01   8.5504265e-01   8.5130208e-01
   9.4500000e-01   8.4783132e-01   8.4978683e-01   8.4590794e-01
   9.5500000e-01   8.3735655e-01   8.3939443e-01   8.3535149e-01
   9.6500000e-01   8.2215286e-01   8.2442666e-01   8.1991686e-01
   9.7500000e-01   8.0610003e-01   8.0852344e-01   8.0371788e-01
   9.8500000e-01   7.9011472e-01   7.9260353e-01   7.8766403e-01
   9.9500000e-01   7.7339363e-01   7.7616633e-01   7.7067012e-01
   1.0050000e+00   7.5416870e-01   7.5703194e-01   7.5135180e-01
   1.0150000e+00   7.3866110e-01   7.4182436e-01   7.3555545e-01
   1.0250000e+00   7.3044932e-01   7.3358292e-01   7.2737065e-01
   1.0350000e+00   7.3065771e-01   7.3383319e-01   7.2753698e-01
   1.0450000e+00   7.3512264e-01   7.3830734e-01   7.3199675e-01
   1.0550000e+00   7.4544345e-01   7.4850551e-01   7.4243902e-01
   1.0650000e+00   7.5606697e-01   7.5896845e-01   7.5321723e-01
   1.0750000e+00   7.6320851e-01   7.6611714e-01   7.6035169e-01
   1.0850000e+00   7.6756385e-01   7.7042533e-01   7.6475276e-01
   1.0950000e+00   7.6925736e-01   7.7209172e-01   7.6647281e-01
   1.1050000e+00   7.6918000e-01   7.7199965e-01   7.6640972e-01
   1.1150000e+00   7.6636118e-01   7.6923437e-01   7.6353843e-01
   1.1250000e+00   7.5947881e-01   7.6237660e-01   7.5663297e-01
   1.1350000e+00   7.4934172e-01   7.5239369e-01   7.4634647e-01
   1.1450000e+00   7.4383072e-01   7.4687793e-01   7.4083839e-01
   1.1550000e+00   7.2616788e-01   7.2936198e-01   7.2302939e-01
   1.1650000e+00   6.9888653e-01   7.0241273e-01   6.9542463e-01
   1.1750000e+00   6.6934550e-01   6.7306819e-01   6.6569494e-01
   1.1850000e+00   6.4381314e-01   6.4773956e-01   6.3996389e-01
   1.1950000e+00   6.2040676e-01   6.2452169e-01   6.1637418e-01
   1.2050000e+00   5.9145732e-01   5.9578551e-01   5.8722058e-01
   1.2150000e+00   5.5956273e-01   5.6404486e-01   5.5517772e-01
   1.2250000e+00   5.4086541e-01   5.4548742e-01   5.3634721e-01
   1.2350000e+00   5.2731734e-01   5.3198512e-01   5.2275783e-01
   1.2450000e+00   5.1761787e-01   5.2231270e-01   5.1303075e-01
   1.2550000e+00   5.1278390e-01   5.1750141e-01   5.0817433e-01
   1.2650000e+00   5.1007944e-01   5.1480251e-01   5.0546472e-01
   1.2750000e+00   5.1041707e-01   5.1514885e-01   5.0579512e-01
   1.2850000e+00   5.1378981e-01   5.1849774e-01   5.0919015e-01
   1.2950000e+00   5.1556463e-01   5.2026863e-01   5.1096785e-01
   1.3050000e+00   5.1718185e-01   5.2188306e-01   5.1258838e-01
   1.3150000e+00   5.1853537e-01   5.2323652e-01   5.1394170e-01
   1.3250000e+00   5.1917324e-01   5.2388573e-01   5.1456960e-01
   1.3350000e+00   5.1887386e-01   5.2356767e-01   5.1428764e-01
   1.3450000e+00   5.1651906e-01   5.2124902e-01   5.1189898e-01
   1.3550000e+00   5.1248825e-01   5.1721388e-01   5.0787255e-01
   1.3650000e+00   5.0863977e-01   5.1338904e-01   5.0400232e-01
   1.3750000e+00   5.0044599e-01   5.0524017e-01   4.9576562e-01
   1.3850000e+00   4.8808095e-01   4.9290122e-01   4.8337688e-01
   1.3950000e+00   4.6954637e-01   4.7441326e-01   4.6479882e-01
   1.4050000e+00   4.0535642e-01   4.1033097e-01   4.0051567e-01
   1.4150000e+00   3.1147879e-01   3.1631853e-01   3.0678786e-01
   1.4250000e+00   2.2462307e-01   2.2893108e-01   2.2046866e-01
   1.4350000e+00   1.6312933e-01   1.6679235e-01   1.5961200e-01
   1.4450000e+00   1.2317724e-01   1.2625395e-01   1.2023267e-01
   1.4550000e+00   9.1019129e-02   9.3513063e-02   8.8640225e-02
   1.4650000e+00   6.8032519e-02   7.0034363e-02   6.6129021e-02
   1.4750000e+00   5.3037065e-02   5.4674266e-02   5.1484145e-02
   1.4850000e+00   4.4805772e-02   4.6225531e-02   4.3461535e-02
   1.4950000e+00   4.1821815e-02   4.3157237e-02   4.0558172e-02
   1.5050000e+00   4.3411541e-02   4.4790879e-02   4.2105815e-02
   1.5150000e+00   4.5699571e-02   4.7143862e-02   4.4331744e-02
   1.5250000e+00   4.8016990e-02   4.9522885e-02   4.6590045e-02
   1.5350000e+00   5.1307213e-02   5.2900860e-02   4.9796142e-02
   1.5450000e+00   5.5373674e-02   5.7072857e-02   5.3761375e-02
   1.5550000e+00   5.9945627e-02   6.1759211e-02   5.8223526e-02
   1.5650000e+00   6.5214163e-02   6.7153201e-02   6.3371384e-02
   1.5750000e+00   7.1687481e-02   7.3775246e-02   6.9701160e-02
   1.5850000e+00   7.9206761e-02   8.1461122e-02   7.7059907e-02
   1.5950000e+00   8.4829923e-02   8.7198036e-02   8.2572781e-02
   1.6050000e+00   9.0365188e-02   9.2849574e-02   8.7995797e-02
   1.6150000e+00   9.5806045e-02   9.8398527e-02   9.3332016e-02
   1.6250000e+00   9.9158904e-02   1.0181570e-01   9.6622525e-02
   1.6350000e+00   1.0268240e-01   1.0541285e-01   1.0007492e-01
   1.6450000e+00   1.0641557e-01   1.0920753e-01   1.0374774e-01
   1.6550000e+00   1.1087224e-01   1.1375281e-01   1.0811915e-01
   1.6650000e+00   1.1589916e-01   1.1886043e-01   1.1306771e-01
   1.6750000e+00   1.2171206e-01   1.2477582e-01   1.1878047e-01
   1.6850000e+00   1.2730683e-01   1.3046910e-01   1.2428039e-01
   1.6950000e+00   1.3251172e-01   1.3574744e-01   1.2941336e-01
   1.7050000e+00   1.3822373e-01   1.4156296e-01   1.3502453e-01
   1.7150000e+00   1.4356720e-01   1.4697396e-01   1.4030141e-01
   1.7250000e+00   1.4933115e-01   1.5282998e-01   1.4597604e-01
   1.7350000e+00   1.5433760e-01   1.5790028e-01   1.5091936e-01
   1.7450000e+00   1.5811314e-01   1.6173090e-01   1.5464193e-01
   1.7550000e+00   1.6239354e-01   1.6606342e-01   1.5886964e-01
   1.7650000e+00   1.6590083e-01   1.6961348e-01   1.6233516e-01
   1.7750000e+00   1.6890000e-01   1.7265383e-01   1.6529419e-01
   1.7850000e+00   1.7178500e-01   1.7557871e-01   1.6814128e-01
   1.7950000e+00   1.7527149e-01   1.7910560e-01   1.7158628e-01
   1.8050000e+00   1.7880628e-01   1.8268883e-01   1.7507451e-01
   1.8150000e+00   1.8309368e-01   1.8702649e-01   1.7931225e-01
   1.8250000e+00   1.8739938e-01   1.9138734e-01   1.8356424e-01
   1.8350000e+00   1.8938028e-01   1.9338015e-01   1.8553279e-01
   1.8450000e+00   1.8812979e-01   1.9213066e-01   1.8428311e-01
   1.8550000e+00   1.8326011e-01   1.8719538e-01   1.7947750e-01
   1.8650000e+00   1.7009508e-01   1.7387185e-01   1.6646557e-01
   1.8750000e+00   1.4578430e-01   1.4922361e-01   1.4248605e-01
   1.8850000e+00   1.2120359e-01   1.2427240e-01   1.1826853e-01
   1.8950000e+00   9.4987435e-02   9.7581793e-02   9.2512459e-02
   1.9050000e+00   7.2202045e-02   7.4315646e-02   7.0191908e-02
   1.9150000e+00   5.0869414e-02   5.2462895e-02   4.9359106e-02
   1.9250000e+00   3.8156913e-02   3.9400390e-02   3.6981581e-02
   1.9350000e+00   2.8907845e-02   2.9869872e-02   2.8001033e-02
   1.9450000e+00   2.3375460e-02   2.4154735e-02   2.2642645e-02
   1.9550000e+00   2.0013622e-02   2.0674875e-02   1.9392946e-02
   1.9650000e+00   1.7952151e-02   1.8537174e-02   1.7403766e-02
   1.9750000e+00   1.6883662e-02   1.7428239e-02   1.6373629e-02
   1.9850000e+00   1.6368346e-02   1.6893368e-02   1.5876862e-02
   1.9950000e+00   1.6302920e-02   1.6825483e-02   1.5813723e-02
   2.0050000e+00   1.6508451e-02   1.7039421e-02   1.6011296e-02
   2.0150000e+00   1.7011864e-02   1.7563017e-02   1.6495637e-02
   2.0250000e+00   1.7636283e-02   1.8211389e-02   1.7097282e-02
   2.0350000e+00   1.8401482e-02   1.9006122e-02   1.7834544e-02
   2.0450000e+00   1.9482058e-02   2.0127334e-02   1.8876580e-02
   2.0550000e+00   2.1085399e-02   2.1788437e-02   2.0425037e-02
   2.0650000e+00   2.3121401e-02   2.3896376e-02   2.2392750e-02
   2.0750000e+00   2.6017610e-02   2.6891165e-02   2.5195248e-02
   2.0850000e+00   2.9661400e-02   3.0652323e-02   2.8727118e-02
   2.0950000e+00   3.4436230e-02   3.5575112e-02   3.3360967e-02
   2.1050000e+00   4.0790759e-02   4.2117059e-02   3.9536559e-02
   2.1150000e+00   4.7279843e-02   4.8784913e-02   4.5854290e-02
   2.1250000e+00   5.5798814e-02   5.7527840e-02   5.4158882e-02
   2.1350000e+00   6.5199117e-02   6.7160235e-02   6.3335896e-02
   2.1450000e+00   7.4693114e-02   7.6869596e-02   7.2622364e-02
   2.1550000e+00   8.4599693e-02   8.6994576e-02   8.2318853e-02
   2.1650000e+00   9.4097435e-02   9.6687209e-02   9.1628273e-02
   2.1750000e+00   1.0369585e-01   1.0646602e-01   1.0105082e-01
   2.1850000e+00   1.1236401e-01   1.1529517e-01   1.0956422e-01
   2.1950000e+00   1.2071537e-01   1.2379446e-01   1.1777082e-01
   2.2050000e+00   1.2769401e-01   1.3089128e-01   1.2463426e-01
   2.2150000e+00   1.3536730e-01   1.3867566e-01   1.3219971e-01
   2.2250000e+00   1.4205244e-01   1.4545633e-01   1.3879030e-01
   2.2350000e+00   1.4770221e-01   1.5120376e-01   1.4434544e-01
   2.2450000e+00   1.5143015e-01   1.5499891e-01   1.4800973e-01
   2.2550000e+00   1.4972734e-01   1.5326744e-01   1.4633374e-01
   2.2650000e+00   1.4624678e-01   1.4972879e-01   1.4290968e-01
   2.2750000e+00   1.3897474e-01   1.4236350e-01   1.3573106e-01
   2.2850000e+00   1.3030325e-01   1.3352722e-01   1.2721744e-01
   2.2950000e+00   1.2025082e-01   1.2330699e-01   1.1732831e-01
   2.3050000e+00   1.0972950e-01   1.1261702e-01   1.0697172e-01
   2.3150000e+00   9.9690004e-02   1.0238684e-01   9.7117848e-02
   2.3250000e+00   9.1082429e-02   9.3617580e-02   8.8665960e-02
   2.3350000e+00   8.3387446e-02   8.5774959e-02   8.1114675e-02
   2.3450000e+00   7.6649200e-02   7.8881473e-02   7.4525329e-02
   2.3550000e+00   7.1296139e-02   7.3417052e-02   6.9280415e-02
   2.3650000e+00   6.7242704e-02   6.9259259e-02   6.5325965e-02
   2.3750000e+00   6.3814058e-02   6.5747493e-02   6.1977761e-02
   2.3850000e+00   6.1430226e-02   6.3313437e-02   5.9643121e-02
   2.3950000e+00   5.9342653e-02   6.1173694e-02   5.7605329e-02
   2.4050000e+00   5.7538444e-02   5.9323397e-02   5.5845001e-02
   2.4150000e+00   5.5856679e-02   5.7604523e-02   5.4199936e-02
   2.4250000e+00   5.4446517e-02   5.6155051e-02   5.2826719e-02
   2.4350000e+00   5.2889727e-02   5.4554973e-02   5.1310935e-02
   2.4450000e+00   5.1247399e-02   5.2875356e-02   4.9705336e-02
   2.4550000e+00   4.9817764e-02   5.1403767e-02   4.8314700e-02
   2.4650000e+00   4.8294967e-02   4.9844572e-02   4.6827231e-02
   2.4750000e+00   4.6956152e-02   4.8474677e-02   4.5518828e-02
   2.4850000e+00   4.5661928e-02   4.7144263e-02   4.4258979e-02
   2.4950000e+00   4.4382708e-02   4.5828098e-02   4.3014928e-02
   2.5050000e+00   4.3531873e-02   4.4958705e-02   4.2182398e-02
   2.5150000e+00   4.3024678e-02   4.4439535e-02   4.1686517e-02
   2.5250000e+00   4.2653899e-02   4.4052369e-02   4.1330568e-02
   2.5350000e+00   4.2701006e-02   4.4108749e-02   4.1369528e-02
   2.5450000e+00   4.2522217e-02   4.3922825e-02   4.1197700e-02
   2.5550000e+00   4.2669147e-02   4.4064670e-02   4.1349034e-02
   2.5650000e+00   4.3264077e-02   4.4677899e-02   4.1926348e-02
   2.5750000e+00   4.3422816e-02   4.4854654e-02   4.2068984e-02
   2.5850000e+00   4.3311477e-02   4.4730960e-02   4.1968263e-02
   2.5950000e+00   4.2417291e-02   4.3807478e-02   4.1102246e-02
   2.6050000e+00   4.1078907e-02   4.2436956e-02   3.9794731e-02
   2.6150000e+00   3.9367685e-02   4.0687181e-02   3.8120961e-02
   2.6250000e+00   3.5763894e-02   3.6975979e-02   3.4619289e-02
   2.6350000e+00   3.1149001e-02   3.2224404e-02   3.0134688e-02
   2.6450000e+00   2.7429108e-02   2.8389587e-02   2.6523780e-02
   2.6550000e+00   2.4358038e-02   2.5224413e-02   2.3542552e-02
   2.6650000e+00   2.1815276e-02   2.2598670e-02   2.1078336e-02
   2.6750000e+00   1.9645235e-02   2.0357522e-02   1.8975842e-02
   2.6850000e+00   1.3863394e-02   1.4370873e-02   1.3387846e-02
   2.6950000e+00   1.0499621e-02   1.0881224e-02   1.0142953e-02
   2.7050000e+00   8.3377291e-03   8.6344495e-03   8.0610586e-03
   2.7150000e+00   6.8507134e-03   7.0869959e-03   6.6309158e-03
   2.7250000e+00   5.7778805e-03   5.9696251e-03   5.5999017e-03
   2.7350000e+00   3.6736448e-03   3.7656730e-03   3.5890410e-03
   2.7450000e+00   2.8319464e-03   2.8826781e-03   2.7857101e-03
   2.7550000e+00   2.3766476e-03   2.4073988e-03   2.3488208e-03
   2.7650000e+00   2.0713622e-03   2.0915594e-03   2.0531831e-03
   2.7750000e+00   1.8348952e-03   1.8492058e-03   1.8220616e-03
   2.7850000e+00   1.5748446e-03   1.5831024e-03   1.5674556e-03
   2.7950000e+00   1.3549304e-03   1.3605606e-03   1.3498706e-03
   2.8050000e+00   1.1740008e-03   1.1787826e-03   1.1696688e-03
   2.8150000e+00   1.0237315e-03   1.0281657e-03   1.0196752e-03
   2.8250000e+00   9.1383940e-04   9.1769981e-04   9.1026302e-04
   2.8350000e+00   8.7588575e-04   8.7919121e-04   8.7279446e-04
   2.8450000e+00   9.6102882e-04   9.6396516e-04   9.5826661e-04
   2.8550000e+00   1.2255384e-03   1.2283945e-03   1.2228439e-03
   2.8650000e+00   1.6954693e-03   1.6984419e-03   1.6926622e-03
   2.8750000e+00   2.5445554e-03   2.5477113e-03   2.5415758e-03
   2.8850000e+00   3.6600086e-03   3.6632585e-03   3.6569430e-03
   2.8950000e+00   5.1062033e-03   5.1093583e-03   5.1032321e-03
   2.9050000e+00   6.6125521e-03   6.6154149e-03   6.6098623e-03
   2.9150000e+00   8.1808265e-03   8.1832478e-03   8.1785593e-03
   2.9250000e+00   9.4407270e-03   9.4426253e-03   9.4389592e-03
   2.9350000e+00   1.0682244e-02   1.0683592e-02   1.0681002e-02
   2.9450000e+00   1.1505175e-02   1.1506076e-02   1.1504359e-02
   2.9550000e+00   1.2404883e-02   1.2405314e-02   1.2404514e-02
   2.9650000e+00   1.3366485e-02   1.3366425e-02   1.3366585e-02
   2.9750000e+00   1.4481381e-02   1.4480754e-02   1.4482022e-02
   2.9850000e+00   1.5666167e-02   1.5664925e-02   1.5667393e-02
   2.9950000e+00   1.7136975e-02   1.7134933e-02   1.7138964e-02
   3.0050000e+00   1.8671336e-02   1.8668422e-02   1.8674156e-02
   3.0150000e+00   2.0303132e-02   2.0299211e-02   2.0306912e-02
   3.0250000e+00   2.1978494e-02   2.1973473e-02   2.1983322e-02
   3.0350000e+00   2.3707118e-02   2.3700879e-02   2.3713108e-02
   3.0450000e+00   2.5432842e-02   2.5425269e-02   2.5440102e-02
   3.0550000e+00   2.7225743e-02   2.7216691e-02   2.7234412e-02
   3.0650000e+00   2.8007673e-02   2.7997661e-02   2.8017258e-02
   3.0750000e+00   2.8590053e-02   2.8579212e-02   2.8600430e-02
   3.0850000e+00   2.8308244e-02   2.8297201e-02   2.8318816e-02
   3.0950000e+00   2.8063485e-02   2.8052279e-02   2.8074213e-02
   3.1050000e+00   2.7324220e-02   2.7313287e-02   2.7334689e-02
   3.1150000e+00   2.6731093e-02   2.6720376e-02   2.6741357e-02
   3.1250000e+00   2.6295356e-02   2.6284813e-02   2.6305456e-02
   3.1350000e+00   2.5985175e-02   2.5974739e-02   2.5995174e-02
   3.1450000e+00   2.5625220e-02   2.5614946e-02   2.5635066e-02
   3.1550000e+00   2.5381848e-02   2.5371672e-02   2.5391601e-02
   3.1650000e+00   2.4843040e-02   2.4833183e-02   2.4852489e-02
   3.1750000e+00   2.4427581e-02   2.4417973e-02   2.4436795e-02
   3.1850000e+00   2.3668753e-02   2.3659640e-02   2.3677493e-02
   3.1950000e+00   2.3018083e-02   2.3009400e-02   2.3026414e-02
   3.2050000e+00   2.2197271e-02   2.2189133e-02   2.2205082e-02
   3.2150000e+00   2.1443883e-02   2.1436246e-02   2.1451216e-02
   3.2250000e+00   2.0779955e-02   2.0772753e-02   2.0786872e-02
   3.2350000e+00   2.0146720e-02   2.0139934e-02   2.0153242e-02
   3.2450000e+00   1.9634298e-02   1.9627845e-02   1.9640501e-02
   3.2550000e+00   1.9151885e-02   1.9145745e-02   1.9157789e-02
   3.2650000e+00   1.8611308e-02   1.8605519e-02   1.8616878e-02
   3.2750000e+00   1.8071672e-02   1.8066232e-02   1.8076909e-02
   3.2850000e+00   1.7604412e-02   1.7599270e-02   1.7609364e-02
   3.2950000e+00   1.7180184e-02   1.7175310e-02   1.7184882e-02
   3.3050000e+00   1.6799208e-02   1.6794574e-02   1.6803676e-02
   3.3150000e+00   1.6461813e-02   1.6457393e-02   1.6466077e-02
   3.3250000e+00   1.6133737e-02   1.6129524e-02   1.6137803e-02
   3.3350000e+00   1.5817617e-02   1.5813604e-02   1.5821494e-02
   3.3450000e+00   1.5506308e-02   1.5502491e-02   1.5509996e-02
   3.3550000e+00   1.5207450e-02   1.5203822e-02   1.5210958e-02
   3.3650000e+00   1.4912413e-02   1.4908975e-02   1.4915741e-02
   3.3750000e+00   1.4636767e-02   1.4633510e-02   1.4639925e-02
   3.3850000e+00   1.4367524e-02   1.4364451e-02   1.4370507e-02
   3.3950000e+00   1.4117365e-02   1.4114481e-02   1.4120174e-02
   3.4050000e+00   1.3885689e-02   1.3883002e-02   1.3888317e-02
   3.4150000e+00   1.3660944e-02   1.3658494e-02   1.3663358e-02
   3.4250000e+00   1.3458435e-02   1.3456264e-02   1.3460602e-02
   3.4350000e+00   1.3257820e-02   1.3256048e-02   1.3259640e-02
   3.4450000e+00   1.3074466e-02   1.3073203e-02   1.3075843e-02
   3.4550000e+00   1.2895400e-02   1.2894894e-02   1.2896121e-02
   3.4650000e+00   1.2728282e-02   1.2728828e-02   1.2728089e-02
   3.4750000e+00   1.2573676e-02   1.2575648e-02   1.2572244e-02
   3.4850000e+00   1.2426481e-02   1.2430548e-02   1.2423217e-02
   3.4950000e+00   1.2294746e-02   1.2301212e-02   1.2289372e-02
   3.5050000e+00   1.2172364e-02   1.2182198e-02   1.2164014e-02
   3.5150000e+00   1.2067938e-02   1.2081870e-02   1.2055948e-02
   3.5250000e+00   1.1980069e-02   1.1998963e-02   1.1963650e-02
   3.5350000e+00   1.1910392e-02   1.1935753e-02   1.1888170e-02
   3.5450000e+00   1.1855474e-02   1.1887358e-02   1.1827371e-02
   3.5550000e+00   1.1821370e-02   1.1861451e-02   1.1785848e-02
   3.5650000e+00   1.1799566e-02   1.1847556e-02   1.1756856e-02
   3.5750000e+00   1.1784629e-02   1.1840133e-02   1.1735067e-02
   3.5850000e+00   1.1787485e-02   1.1851775e-02   1.1729895e-02
   3.5950000e+00   1.1811856e-02   1.1886301e-02   1.1744950e-02
   3.6050000e+00   1.1862471e-02   1.1948785e-02   1.1784657e-02
   3.6150000e+00   1.1946779e-02   1.2047041e-02   1.1856108e-02
   3.6250000e+00   1.2056843e-02   1.2172094e-02   1.1952312e-02
   3.6350000e+00   1.2062375e-02   1.2183170e-02   1.1952713e-02
   3.6450000e+00   1.2073684e-02   1.2200250e-02   1.1958661e-02
   3.6550000e+00   1.2087681e-02   1.2220089e-02   1.1967233e-02
   3.6650000e+00   1.2110630e-02   1.2249564e-02   1.1984130e-02
   3.6750000e+00   1.2136498e-02   1.2281851e-02   1.2004022e-02
   3.6850000e+00   1.2170550e-02   1.2322834e-02   1.2031623e-02
   3.6950000e+00   1.2210657e-02   1.2370220e-02   1.2064958e-02
   3.7050000e+00   1.2257597e-02   1.2424561e-02   1.2104984e-02
   3.7150000e+00   1.2312190e-02   1.2487044e-02   1.2152222e-02
   3.7250000e+00   1.2377294e-02   1.2560666e-02   1.2209385e-02
   3.7350000e+00   1.2390869e-02   1.2579013e-02   1.2218487e-02
   3.7450000e+00   1.2282238e-02   1.2467316e-02   1.2112715e-02
   3.7550000e+00   1.2174220e-02   1.2356247e-02   1.2007534e-02
   3.7650000e+00   1.2065829e-02   1.2244578e-02   1.1902177e-02
   3.7750000e+00   1.1960480e-02   1.2136299e-02   1.1799557e-02
   3.7850000e+00   1.1781051e-02   1.1948631e-02   1.1627808e-02
   3.7950000e+00   1.1607853e-02   1.1767270e-02   1.1462199e-02
   3.8050000e+00   1.1446807e-02   1.1598836e-02   1.1308021e-02
   3.8150000e+00   1.1292858e-02   1.1437910e-02   1.1160560e-02
   3.8250000e+00   1.1147331e-02   1.1285725e-02   1.1021199e-02
   3.8350000e+00   1.1006971e-02   1.1139022e-02   1.0886721e-02
   3.8450000e+00   1.0875412e-02   1.1001739e-02   1.0760472e-02
   3.8550000e+00   1.0736696e-02   1.0856000e-02   1.0628262e-02
   3.8650000e+00   1.0602805e-02   1.0715130e-02   1.0500829e-02
   3.8750000e+00   1.0478911e-02   1.0584890e-02   1.0382803e-02
   3.8850000e+00   1.0361897e-02   1.0461913e-02   1.0271294e-02
   3.8950000e+00   1.0251966e-02   1.0346396e-02   1.0166508e-02
   3.9050000e+00   1.0147694e-02   1.0236920e-02   1.0067032e-02
   3.9150000e+00   1.0049906e-02   1.0134368e-02   9.9736322e-03
   3.9250000e+00   9.9571348e-03   1.0037127e-02   9.8849713e-03
   3.9350000e+00   9.8682945e-03   9.9440626e-03   9.8000130e-03
   3.9450000e+00   9.7843531e-03   9.8562270e-03   9.7196456e-03
   3.9550000e+00   9.7038484e-03   9.7720426e-03   9.6425130e-03
   3.9650000e+00   9.6269239e-03   9.6916541e-03   9.5687573e-03
   3.9750000e+00   9.5546054e-03   9.6157389e-03   9.4997302e-03
   3.9850000e+00   9.4873738e-03   9.5449567e-03   9.4357453e-03
   3.9950000e+00   9.4238993e-03   9.4781899e-03   9.3752771e-03
   4.0050000e+00   9.3634283e-03   9.4146397e-03   9.3176154e-03
   4.0150000e+00   9.3060319e-03   9.3543906e-03   9.2628187e-03
   4.0250000e+00   9.2513572e-03   9.2970581e-03   9.2105624e-03
   4.0350000e+00   9.1989672e-03   9.2421671e-03   9.1604442e-03
   4.0450000e+00   9.1488352e-03   9.1897051e-03   9.1124264e-03
   4.0550000e+00   9.1007409e-03   9.1394496e-03   9.0662923e-03
   4.0650000e+00   9.0545464e-03   9.0912424e-03   9.0219215e-03
   4.0750000e+00   9.0100404e-03   9.0448522e-03   8.9791207e-03
   4.0850000e+00   8.9670044e-03   9.0000523e-03   8.9376798e-03
   4.0950000e+00   8.9254323e-03   8.9568349e-03   8.8975937e-03
   4.1050000e+00   8.8884962e-03   8.9183237e-03   8.8620783e-03
   4.1150000e+00   8.8549584e-03   8.8832821e-03   8.8298951e-03
   4.1250000e+00   8.8225767e-03   8.8494948e-03   8.7987784e-03
   4.1350000e+00   8.7912714e-03   8.8168809e-03   8.7686502e-03
   4.1450000e+00   8.7609376e-03   8.7853219e-03   8.7394175e-03
   4.1550000e+00   8.7314758e-03   8.7547080e-03   8.7109898e-03
   4.1650000e+00   8.7028106e-03   8.7249609e-03   8.6832950e-03
   4.1750000e+00   8.6749070e-03   8.6960431e-03   8.6562999e-03
   4.1850000e+00   8.6476894e-03   8.6678696e-03   8.6299376e-03
   4.1950000e+00   8.6210668e-03   8.6403408e-03   8.6041246e-03
   4.2050000e+00   8.5950280e-03   8.6134479e-03   8.5788482e-03
   4.2150000e+00   8.5695625e-03   8.5871831e-03   8.5540957e-03
   4.2250000e+00   8.5446248e-03   8.5614958e-03   8.5298260e-03
   4.2350000e+00   8.5201545e-03   8.5363183e-03   8.5059855e-03
   4.2450000e+00   8.4968931e-03   8.5120236e-03   8.4836438e-03
   4.2550000e+00   8.4752945e-03   8.4892569e-03   8.4630835e-03
   4.2650000e+00   8.4548796e-03   8.4677872e-03   8.4436046e-03
   4.2750000e+00   8.4354920e-03   8.4474438e-03   8.4250637e-03
   4.2850000e+00   8.4170114e-03   8.4280960e-03   8.4073498e-03
   4.2950000e+00   8.3993484e-03   8.4096479e-03   8.3903800e-03
   4.3050000e+00   8.3824194e-03   8.3920085e-03   8.3740771e-03
   4.3150000e+00   8.3661405e-03   8.3750856e-03   8.3583649e-03
   4.3250000e+00   8.3504343e-03   8.3587938e-03   8.3431733e-03
   4.3350000e+00   8.3352392e-03   8.3430653e-03   8.3284460e-03
   4.3450000e+00   8.3205044e-03   8.3278444e-03   8.3141368e-03
   4.3550000e+00   8.3114479e-03   8.3182503e-03   8.3055509e-03
   4.3650000e+00   8.3052024e-03   8.3114850e-03   8.2997595e-03
   4.3750000e+00   8.2994766e-03   8.3052944e-03   8.2944390e-03
   4.3850000e+00   8.2942120e-03   8.2996141e-03   8.2895362e-03
   4.3950000e+00   8.2978152e-03   8.3028610e-03   8.2934495e-03
   4.4050000e+00   8.3038525e-03   8.3085800e-03   8.2997634e-03
   4.4150000e+00   8.3101710e-03   8.3146101e-03   8.3063324e-03
   4.4250000e+00   8.3167421e-03   8.3209193e-03   8.3131306e-03
   4.4350000e+00   8.3235412e-03   8.3274801e-03   8.3201358e-03
   4.4450000e+00   8.3316097e-03   8.3353422e-03   8.3283828e-03
   4.4550000e+00   8.3493576e-03   8.3529891e-03   8.3462185e-03
   4.4650000e+00   8.3671535e-03   8.3706881e-03   8.3640987e-03
   4.4750000e+00   8.3849955e-03   8.3884372e-03   8.3820216e-03
   4.4850000e+00   8.4028823e-03   8.4062347e-03   8.3999860e-03
   4.4950000e+00   8.4208124e-03   8.4240792e-03   8.4179906e-03
   4.5050000e+00   8.4387848e-03   8.4419693e-03   8.4360344e-03
   4.5150000e+00   8.4613493e-03   8.4646174e-03   8.4585282e-03
   4.5250000e+00   8.4839640e-03   8.4873196e-03   8.4810685e-03
   4.5350000e+00   8.5066302e-03   8.5100774e-03   8.5036567e-03
   4.5450000e+00   8.5293493e-03   8.5328925e-03   8.5262940e-03
   4.5550000e+00   8.5518760e-03   8.5556592e-03   8.5486145e-03
   4.5650000e+00   8.5706552e-03   8.5747431e-03   8.5671310e-03
   4.5750000e+00   8.5857911e-03   8.5902190e-03   8.5819728e-03
   4.5850000e+00   8.5914245e-03   8.5962582e-03   8.5872540e-03
   4.5950000e+00   8.5876598e-03   8.5929768e-03   8.5830681e-03
   4.6050000e+00   8.5844663e-03   8.5903289e-03   8.5793985e-03
   4.6150000e+00   8.5819280e-03   8.5884071e-03   8.5763211e-03
   4.6250000e+00   8.5801462e-03   8.5873232e-03   8.5739279e-03
   4.6350000e+00   8.5792420e-03   8.5872107e-03   8.5723289e-03
   4.6450000e+00   8.5793585e-03   8.5882266e-03   8.5716543e-03
   4.6550000e+00   8.5806617e-03   8.5905529e-03   8.5720559e-03
   4.6650000e+00   8.5833466e-03   8.5944023e-03   8.5737124e-03
   4.6750000e+00   8.5876466e-03   8.6000291e-03   8.5768379e-03
   4.6850000e+00   8.5938445e-03   8.6077409e-03   8.5816926e-03
   4.6950000e+00   8.6022792e-03   8.6179056e-03   8.5885889e-03
   4.7050000e+00   8.6133511e-03   8.6309563e-03   8.5978971e-03
   4.7150000e+00   8.6275350e-03   8.6474049e-03   8.6100574e-03
   4.7250000e+00   8.6314979e-03   8.6531587e-03   8.6124162e-03
   4.7350000e+00   8.6278313e-03   8.6508914e-03   8.6074939e-03
   4.7450000e+00   8.6253245e-03   8.6498858e-03   8.6036386e-03
   4.7550000e+00   8.6240777e-03   8.6502487e-03   8.6009441e-03
   4.7650000e+00   8.6241719e-03   8.6520644e-03   8.5994881e-03
   4.7750000e+00   8.6257167e-03   8.6554493e-03   8.5993740e-03
   4.7850000e+00   8.6288587e-03   8.6605618e-03   8.6007373e-03
   4.7950000e+00   8.6337716e-03   8.6675872e-03   8.6037409e-03
   4.8050000e+00   8.6405912e-03   8.6766668e-03   8.6085149e-03
   4.8150000e+00   8.6494202e-03   8.6879062e-03   8.6151592e-03
   4.8250000e+00   8.6604547e-03   8.7015150e-03   8.6238575e-03
   4.8350000e+00   8.6740127e-03   8.7178377e-03   8.6349032e-03
   4.8450000e+00   8.6903991e-03   8.7372029e-03   8.6485799e-03
   4.8550000e+00   8.7098315e-03   8.7598362e-03   8.6650968e-03
   4.8650000e+00   8.7325270e-03   8.7859602e-03   8.6846654e-03
   4.8750000e+00   8.7588024e-03   8.8159104e-03   8.7075851e-03
   4.8850000e+00   8.7890764e-03   8.8501387e-03   8.7342438e-03
   4.8950000e+00   8.8238772e-03   8.8892021e-03   8.7651425e-03
   4.9050000e+00   8.8598588e-03   8.9294791e-03   8.7971864e-03
   4.9150000e+00   8.8650248e-03   8.9365439e-03   8.8006086e-03
   4.9250000e+00   8.8708490e-03   8.9442971e-03   8.8046602e-03
   4.9350000e+00   8.8776613e-03   8.9531090e-03   8.8096345e-03
   4.9450000e+00   8.8855745e-03   8.9631036e-03   8.8156338e-03
   4.9550000e+00   8.8944190e-03   8.9740853e-03   8.8225123e-03
   4.9650000e+00   8.9040926e-03   8.9859333e-03   8.8301841e-03
   4.9750000e+00   8.9146458e-03   8.9987119e-03   8.8386882e-03
   4.9850000e+00   8.9262781e-03   9.0126500e-03   8.8481975e-03
   4.9950000e+00   8.9392244e-03   9.0279859e-03   8.8589423e-03
