   3.0500000e-01   9.1804319e-01   9.1987857e-01   9.1621917e-01
   3.1500000e-01   9.1767209e-01   9.1951919e-01   9.1583679e-01
   3.2500000e-01   9.1735047e-01   9.1920716e-01   9.1550559e-01
   3.3500000e-01   9.1701971e-01   9.1888047e-01   9.1517087e-01
   3.4500000e-01   9.1669846e-01   9.1856812e-01   9.1484073e-01
   3.5500000e-01   9.1630667e-01   9.1818306e-01   9.1444246e-01
   3.6500000e-01   9.1617956e-01   9.1806007e-01   9.1431116e-01
   3.7500000e-01   9.1588954e-01   9.1777596e-01   9.1401557e-01
   3.8500000e-01   9.1562910e-01   9.1751988e-01   9.1375096e-01
   3.9500000e-01   9.1541477e-01   9.1731110e-01   9.1353101e-01
   4.0500000e-01   9.1526356e-01   9.1716211e-01   9.1337733e-01
   4.1500000e-01   9.1508708e-01   9.1699290e-01   9.1319379e-01
   4.2500000e-01   9.1497901e-01   9.1688817e-01   9.1308257e-01
   4.3500000e-01   9.1487805e-01   9.1678942e-01   9.1297935e-01
   4.4500000e-01   9.1472646e-01   9.1664054e-01   9.1282510e-01
   4.5500000e-01   9.1458815e-01   9.1650808e-01   9.1268097e-01
   4.6500000e-01   9.1440685e-01   9.1632650e-01   9.1250007e-01
   4.7500000e-01   9.1437534e-01   9.1629849e-01   9.1246483e-01
   4.8500000e-01   9.1432020e-01   9.1624485e-01   9.1240837e-01
   4.9500000e-01   9.1414589e-01   9.1607493e-01   9.1222969e-01
   5.0500000e-01   9.1395319e-01   9.1588590e-01   9.1203374e-01
   5.1500000e-01   9.1387732e-01   9.1580802e-01   9.1195950e-01
   5.2500000e-01   9.1372619e-01   9.1565479e-01   9.1181018e-01
   5.3500000e-01   9.1348114e-01   9.1541928e-01   9.1155626e-01
   5.4500000e-01   9.1334060e-01   9.1528373e-01   9.1141049e-01
   5.5500000e-01   9.1304145e-01   9.1498741e-01   9.1110890e-01
   5.6500000e-01   9.1305815e-01   9.1500519e-01   9.1112413e-01
   5.7500000e-01   9.1271055e-01   9.1465611e-01   9.1077833e-01
   5.8500000e-01   9.1264109e-01   9.1458810e-01   9.1070669e-01
   5.9500000e-01   9.1248620e-01   9.1443473e-01   9.1055030e-01
   6.0500000e-01   9.1198007e-01   9.1392879e-01   9.1004492e-01
   6.1500000e-01   9.1161800e-01   9.1357076e-01   9.0967810e-01
   6.2500000e-01   9.1119743e-01   9.1314906e-01   9.0925891e-01
   6.3500000e-01   9.1082431e-01   9.1277940e-01   9.0888246e-01
   6.4500000e-01   9.1020825e-01   9.1216894e-01   9.0826127e-01
   6.5500000e-01   9.0961844e-01   9.1156866e-01   9.0768157e-01
   6.6500000e-01   9.0926433e-01   9.1122356e-01   9.0731869e-01
   6.7500000e-01   9.0884577e-01   9.1081031e-01   9.0689451e-01
   6.8500000e-01   9.0838580e-01   9.1032809e-01   9.0645566e-01
   6.9500000e-01   9.0722509e-01   9.0917779e-01   9.0528359e-01
   7.0500000e-01   9.0644714e-01   9.0840965e-01   9.0449804e-01
   7.1500000e-01   9.0533798e-01   9.0730445e-01   9.0338410e-01
   7.2500000e-01   9.0460186e-01   9.0656734e-01   9.0264968e-01
   7.3500000e-01   9.0368875e-01   9.0566282e-01   9.0172841e-01
   7.4500000e-01   9.0208540e-01   9.0406440e-01   9.0012067e-01
   7.5500000e-01   9.0011730e-01   9.0208518e-01   8.9816331e-01
   7.6500000e-01   8.9784479e-01   8.9982494e-01   8.9587865e-01
   7.7500000e-01   8.9520653e-01   8.9719215e-01   8.9323445e-01
   7.8500000e-01   8.9236341e-01   8.9434320e-01   8.9039735e-01
   7.9500000e-01   8.8984294e-01   8.9184551e-01   8.8785454e-01
   8.0500000e-01   8.8769680e-01   8.8969998e-01   8.8570842e-01
   8.1500000e-01   8.8790251e-01   8.8990782e-01   8.8591203e-01
   8.2500000e-01   8.8738605e-01   8.8937242e-01   8.8541341e-01
   8.3500000e-01   8.8626731e-01   8.8826270e-01   8.8428874e-01
   8.4500000e-01   8.8296905e-01   8.8493200e-01   8.8102353e-01
   8.5500000e-01   8.8001687e-01   8.8204143e-01   8.7800760e-01
   8.6500000e-01   8.7414953e-01   8.7618918e-01   8.7212490e-01
   8.7500000e-01   8.6629173e-01   8.6836715e-01   8.6423275e-01
   8.8500000e-01   8.5815056e-01   8.6021790e-01   8.5609859e-01
   8.9500000e-01   8.5276754e-01   8.5487865e-01   8.5067650e-01
   9.0500000e-01   8.4997001e-01   8.5212437e-01   8.4783892e-01
   9.1500000e-01   8.4816024e-01   8.5029671e-01   8.4604240e-01
   9.2500000e-01   8.4475850e-01   8.4693767e-01   8.4260090e-01
   9.3500000e-01   8.4075758e-01   8.4294506e-01   8.3859342e-01
   9.4500000e-01   8.3603886e-01   8.3826364e-01   8.3383848e-01
   9.5500000e-01   8.2673112e-01   8.2898159e-01   8.2450445e-01
   9.6500000e-01   8.1248156e-01   8.1487851e-01   8.1011483e-01
   9.7500000e-01   7.9727874e-01   7.9975705e-01   7.9483345e-01
   9.8500000e-01   7.8195019e-01   7.8446112e-01   7.7946979e-01
   9.9500000e-01   7.6512943e-01   7.6785395e-01   7.6244725e-01
   1.0050000e+00   7.4609441e-01   7.4889227e-01   7.4333505e-01
   1.0150000e+00   7.3006562e-01   7.3311516e-01   7.2706681e-01
   1.0250000e+00   7.2202619e-01   7.2504706e-01   7.1905286e-01
   1.0350000e+00   7.2212141e-01   7.2518421e-01   7.1910632e-01
   1.0450000e+00   7.2652170e-01   7.2958624e-01   7.2350908e-01
   1.0550000e+00   7.3703725e-01   7.3999226e-01   7.3413201e-01
   1.0650000e+00   7.4786680e-01   7.5069148e-01   7.4508528e-01
   1.0750000e+00   7.5486374e-01   7.5770042e-01   7.5207213e-01
   1.0850000e+00   7.5921955e-01   7.6202079e-01   7.5646129e-01
   1.0950000e+00   7.6092082e-01   7.6370098e-01   7.5818276e-01
   1.1050000e+00   7.6088942e-01   7.6365662e-01   7.5816336e-01
   1.1150000e+00   7.5802173e-01   7.6083315e-01   7.5525347e-01
   1.1250000e+00   7.5122245e-01   7.5404668e-01   7.4844189e-01
   1.1350000e+00   7.4088937e-01   7.4384093e-01   7.3798687e-01
   1.1450000e+00   7.3545399e-01   7.3840191e-01   7.3255311e-01
   1.1550000e+00   7.1761451e-01   7.2069203e-01   7.1458551e-01
   1.1650000e+00   6.8966123e-01   6.9303338e-01   6.8634666e-01
   1.1750000e+00   6.5971253e-01   6.6325450e-01   6.5623491e-01
   1.1850000e+00   6.3369075e-01   6.3742072e-01   6.3002965e-01
   1.1950000e+00   6.0981987e-01   6.1372245e-01   6.0599223e-01
   1.2050000e+00   5.8034956e-01   5.8444258e-01   5.7633831e-01
   1.2150000e+00   5.4807392e-01   5.5230576e-01   5.4392925e-01
   1.2250000e+00   5.2903547e-01   5.3339031e-01   5.2477336e-01
   1.2350000e+00   5.1538642e-01   5.1977584e-01   5.1109333e-01
   1.2450000e+00   5.0561255e-01   5.1003016e-01   5.0129113e-01
   1.2550000e+00   5.0071911e-01   5.0515888e-01   4.9637570e-01
   1.2650000e+00   4.9800214e-01   5.0244614e-01   4.9365511e-01
   1.2750000e+00   4.9832346e-01   5.0277249e-01   4.9397257e-01
   1.2850000e+00   5.0175211e-01   5.0618149e-01   4.9741931e-01
   1.2950000e+00   5.0353270e-01   5.0796059e-01   4.9920074e-01
   1.3050000e+00   5.0515984e-01   5.0958360e-01   5.0083244e-01
   1.3150000e+00   5.0651213e-01   5.1093662e-01   5.0218366e-01
   1.3250000e+00   5.0712670e-01   5.1155869e-01   5.0279220e-01
   1.3350000e+00   5.0687059e-01   5.1128756e-01   5.0254963e-01
   1.3450000e+00   5.0443031e-01   5.0887756e-01   5.0008109e-01
   1.3550000e+00   5.0041082e-01   5.0485399e-01   4.9606531e-01
   1.3650000e+00   4.9650850e-01   5.0097032e-01   4.9214614e-01
   1.3750000e+00   4.8820496e-01   4.9270618e-01   4.8380540e-01
   1.3850000e+00   4.7578090e-01   4.8030277e-01   4.7136206e-01
   1.3950000e+00   4.5713728e-01   4.6169747e-01   4.5268316e-01
   1.4050000e+00   3.9272900e-01   3.9735987e-01   3.8821676e-01
   1.4150000e+00   2.9928098e-01   3.0373967e-01   2.9495295e-01
   1.4250000e+00   2.1386323e-01   2.1778017e-01   2.1007867e-01
   1.4350000e+00   1.5405052e-01   1.5734378e-01   1.5088149e-01
   1.4450000e+00   1.1559659e-01   1.1833893e-01   1.1296588e-01
   1.4550000e+00   8.4910891e-02   8.7114458e-02   8.2803697e-02
   1.4650000e+00   6.3156965e-02   6.4911292e-02   6.1484241e-02
   1.4750000e+00   4.9067168e-02   5.0492697e-02   4.7711090e-02
   1.4850000e+00   4.1374209e-02   4.2604586e-02   4.0205749e-02
   1.4950000e+00   3.8597491e-02   3.9752992e-02   3.7500759e-02
   1.5050000e+00   4.0078790e-02   4.1273546e-02   3.8944375e-02
   1.5150000e+00   4.2207103e-02   4.3459575e-02   4.1017398e-02
   1.5250000e+00   4.4372004e-02   4.5679772e-02   4.3129121e-02
   1.5350000e+00   4.7445394e-02   4.8831696e-02   4.6127087e-02
   1.5450000e+00   5.1250797e-02   5.2731710e-02   4.9841547e-02
   1.5550000e+00   5.5539448e-02   5.7123081e-02   5.4031406e-02
   1.5650000e+00   6.0496089e-02   6.2193012e-02   5.8878876e-02
   1.5750000e+00   6.6597522e-02   6.8429857e-02   6.4849486e-02
   1.5850000e+00   7.3701310e-02   7.5684787e-02   7.1807376e-02
   1.5950000e+00   7.9037690e-02   8.1125991e-02   7.7042039e-02
   1.6050000e+00   8.4282032e-02   8.6476312e-02   8.2183920e-02
   1.6150000e+00   8.9451190e-02   9.1744630e-02   8.7257036e-02
   1.6250000e+00   9.2641920e-02   9.4994622e-02   9.0390252e-02
   1.6350000e+00   9.5981242e-02   9.8400983e-02   9.3664866e-02
   1.6450000e+00   9.9556036e-02   1.0203422e-01   9.7182330e-02
   1.6550000e+00   1.0379227e-01   1.0635056e-01   1.0134133e-01
   1.6650000e+00   1.0861499e-01   1.1124809e-01   1.0609119e-01
   1.6750000e+00   1.1416607e-01   1.1689540e-01   1.1154837e-01
   1.6850000e+00   1.1951542e-01   1.2233400e-01   1.1681152e-01
   1.6950000e+00   1.2453176e-01   1.2741985e-01   1.2175975e-01
   1.7050000e+00   1.2998084e-01   1.3296528e-01   1.2711514e-01
   1.7150000e+00   1.3514879e-01   1.3819828e-01   1.3221896e-01
   1.7250000e+00   1.4068041e-01   1.4381484e-01   1.3766815e-01
   1.7350000e+00   1.4552010e-01   1.4871648e-01   1.4244660e-01
   1.7450000e+00   1.4915872e-01   1.5240484e-01   1.4603725e-01
   1.7550000e+00   1.5329793e-01   1.5659722e-01   1.5012324e-01
   1.7650000e+00   1.5669584e-01   1.6003541e-01   1.5348168e-01
   1.7750000e+00   1.5959022e-01   1.6296825e-01   1.5633858e-01
   1.7850000e+00   1.6237798e-01   1.6579105e-01   1.5909282e-01
   1.7950000e+00   1.6575217e-01   1.6920793e-01   1.6242390e-01
   1.8050000e+00   1.6916662e-01   1.7266610e-01   1.6579617e-01
   1.8150000e+00   1.7332289e-01   1.7687106e-01   1.6990432e-01
   1.8250000e+00   1.7748858e-01   1.8108805e-01   1.7402014e-01
   1.8350000e+00   1.7943566e-01   1.8304814e-01   1.7595384e-01
   1.8450000e+00   1.7819067e-01   1.8179987e-01   1.7471332e-01
   1.8550000e+00   1.7348857e-01   1.7703615e-01   1.7007144e-01
   1.8650000e+00   1.6072101e-01   1.6412351e-01   1.5744472e-01
   1.8750000e+00   1.3727967e-01   1.4036136e-01   1.3431787e-01
   1.8850000e+00   1.1365131e-01   1.1638191e-01   1.1103344e-01
   1.8950000e+00   8.8631876e-02   9.0924913e-02   8.6438827e-02
   1.9050000e+00   6.7052535e-02   6.8905751e-02   6.5285152e-02
   1.9150000e+00   4.7010664e-02   4.8395446e-02   4.5694214e-02
   1.9250000e+00   3.5160494e-02   3.6233344e-02   3.4143240e-02
   1.9350000e+00   2.6601010e-02   2.7425048e-02   2.5821735e-02
   1.9450000e+00   2.1514708e-02   2.2178081e-02   2.0888778e-02
   1.9550000e+00   1.8439925e-02   1.9000075e-02   1.7912347e-02
   1.9650000e+00   1.6563240e-02   1.7057044e-02   1.6098769e-02
   1.9750000e+00   1.5592758e-02   1.6051383e-02   1.5161735e-02
   1.9850000e+00   1.5124859e-02   1.5566458e-02   1.4710028e-02
   1.9950000e+00   1.5065197e-02   1.5504758e-02   1.4652275e-02
   2.0050000e+00   1.5250416e-02   1.5697258e-02   1.4830581e-02
   2.0150000e+00   1.5705202e-02   1.6169458e-02   1.5268846e-02
   2.0250000e+00   1.6271316e-02   1.6756539e-02   1.5814990e-02
   2.0350000e+00   1.6965234e-02   1.7476001e-02   1.6484659e-02
   2.0450000e+00   1.7947298e-02   1.8493436e-02   1.7433079e-02
   2.0550000e+00   1.9410149e-02   2.0006803e-02   1.8847805e-02
   2.0650000e+00   2.1271446e-02   2.1930885e-02   2.0649314e-02
   2.0750000e+00   2.3927681e-02   2.4673448e-02   2.3223256e-02
   2.0850000e+00   2.7284184e-02   2.8133556e-02   2.6480731e-02
   2.0950000e+00   3.1697311e-02   3.2677059e-02   3.0769293e-02
   2.1050000e+00   3.7592066e-02   3.8737802e-02   3.6505189e-02
   2.1150000e+00   4.3639602e-02   4.4945218e-02   4.2399237e-02
   2.1250000e+00   5.1606527e-02   5.3111903e-02   5.0174452e-02
   2.1350000e+00   6.0429802e-02   6.2144736e-02   5.8795881e-02
   2.1450000e+00   6.9386786e-02   7.1297018e-02   6.7564433e-02
   2.1550000e+00   7.8750198e-02   8.0857804e-02   7.6737500e-02
   2.1650000e+00   8.7759573e-02   9.0045185e-02   8.5574691e-02
   2.1750000e+00   9.6898827e-02   9.9352955e-02   9.4549740e-02
   2.1850000e+00   1.0516696e-01   1.0776643e-01   1.0267765e-01
   2.1950000e+00   1.1313961e-01   1.1587833e-01   1.1051442e-01
   2.2050000e+00   1.1981753e-01   1.2266660e-01   1.1708483e-01
   2.2150000e+00   1.2720960e-01   1.3016181e-01   1.2437621e-01
   2.2250000e+00   1.3364508e-01   1.3668996e-01   1.3072031e-01
   2.2350000e+00   1.3904934e-01   1.4218373e-01   1.3603810e-01
   2.2450000e+00   1.4261420e-01   1.4580731e-01   1.3954672e-01
   2.2550000e+00   1.4097971e-01   1.4414835e-01   1.3793561e-01
   2.2650000e+00   1.3764615e-01   1.4076105e-01   1.3465409e-01
   2.2750000e+00   1.3062299e-01   1.3364469e-01   1.2772376e-01
   2.2850000e+00   1.2235812e-01   1.2523266e-01   1.1960010e-01
   2.2950000e+00   1.1273148e-01   1.1544995e-01   1.1012539e-01
   2.3050000e+00   1.0264114e-01   1.0520108e-01   1.0019000e-01
   2.3150000e+00   9.3085820e-02   9.5468225e-02   9.0807552e-02
   2.3250000e+00   8.4880993e-02   8.7116963e-02   8.2744035e-02
   2.3350000e+00   7.7560892e-02   7.9659371e-02   7.5557882e-02
   2.3450000e+00   7.1206688e-02   7.3165967e-02   6.9337526e-02
   2.3550000e+00   6.6135107e-02   6.7991407e-02   6.4365942e-02
   2.3650000e+00   6.2334708e-02   6.4100149e-02   6.0651990e-02
   2.3750000e+00   5.9114823e-02   6.0804122e-02   5.7505760e-02
   2.3850000e+00   5.6859752e-02   5.8501679e-02   5.5296928e-02
   2.3950000e+00   5.4900132e-02   5.6495843e-02   5.3381600e-02
   2.4050000e+00   5.3208416e-02   5.4763614e-02   5.1728551e-02
   2.4150000e+00   5.1623422e-02   5.3142753e-02   5.0178841e-02
   2.4250000e+00   5.0307054e-02   5.1792950e-02   4.8894045e-02
   2.4350000e+00   4.8855040e-02   5.0303328e-02   4.7477811e-02
   2.4450000e+00   4.7309191e-02   4.8721863e-02   4.5966826e-02
   2.4550000e+00   4.5977747e-02   4.7355725e-02   4.4667827e-02
   2.4650000e+00   4.4546914e-02   4.5891239e-02   4.3269698e-02
   2.4750000e+00   4.3287640e-02   4.4602726e-02   4.2038930e-02
   2.4850000e+00   4.2081444e-02   4.3364859e-02   4.0862953e-02
   2.4950000e+00   4.0892325e-02   4.2143316e-02   3.9704733e-02
   2.5050000e+00   4.0089706e-02   4.1322843e-02   3.8919671e-02
   2.5150000e+00   3.9611341e-02   4.0834160e-02   3.8451092e-02
   2.5250000e+00   3.9277179e-02   4.0487333e-02   3.8128513e-02
   2.5350000e+00   3.9304640e-02   4.0521406e-02   3.8150118e-02
   2.5450000e+00   3.9144018e-02   4.0354122e-02   3.7995966e-02
   2.5550000e+00   3.9301191e-02   4.0508014e-02   3.8155779e-02
   2.5650000e+00   3.9850662e-02   4.1073964e-02   3.8689440e-02
   2.5750000e+00   3.9970201e-02   4.1206832e-02   3.8797091e-02
   2.5850000e+00   3.9883829e-02   4.1112320e-02   3.8717597e-02
   2.5950000e+00   3.9062297e-02   4.0264464e-02   3.7921312e-02
   2.6050000e+00   3.7803669e-02   3.8976872e-02   3.6690609e-02
   2.6150000e+00   3.6189984e-02   3.7327479e-02   3.5111633e-02
   2.6250000e+00   3.2847738e-02   3.3891130e-02   3.1859110e-02
   2.6350000e+00   2.8567145e-02   2.9490035e-02   2.7693621e-02
   2.6450000e+00   2.5125938e-02   2.5948719e-02   2.4347731e-02
   2.6550000e+00   2.2285634e-02   2.3025140e-02   2.1587057e-02
   2.6650000e+00   1.9943408e-02   2.0610999e-02   1.9313165e-02
   2.6750000e+00   1.7946211e-02   1.8551675e-02   1.7375125e-02
   2.6850000e+00   1.2659093e-02   1.3087222e-02   1.2256374e-02
   2.6950000e+00   9.5982317e-03   9.9179645e-03   9.2982403e-03
   2.7050000e+00   7.6398443e-03   7.8868811e-03   7.4086106e-03
   2.7150000e+00   6.2973227e-03   6.4928138e-03   6.1147629e-03
   2.7250000e+00   5.3305554e-03   5.4882786e-03   5.1835863e-03
   2.7350000e+00   3.4626196e-03   3.5364048e-03   3.3945212e-03
   2.7450000e+00   2.7173949e-03   2.7571500e-03   2.6810102e-03
   2.7550000e+00   2.3080771e-03   2.3317318e-03   2.2865692e-03
   2.7650000e+00   2.0267382e-03   2.0420661e-03   2.0128634e-03
   2.7750000e+00   1.8034701e-03   1.8142351e-03   1.7937506e-03
   2.7850000e+00   1.5567684e-03   1.5629550e-03   1.5511823e-03
   2.7950000e+00   1.3425039e-03   1.3467762e-03   1.3386240e-03
   2.8050000e+00   1.1632984e-03   1.1670024e-03   1.1599107e-03
   2.8150000e+00   1.0136399e-03   1.0171594e-03   1.0103956e-03
   2.8250000e+00   9.0485799e-04   9.0802239e-04   9.0190920e-04
   2.8350000e+00   8.6806687e-04   8.7084297e-04   8.6545820e-04
   2.8450000e+00   9.5401091e-04   9.5651459e-04   9.5164575e-04
   2.8550000e+00   1.2186775e-03   1.2211309e-03   1.2163538e-03
   2.8650000e+00   1.6883162e-03   1.6908762e-03   1.6858895e-03
   2.8750000e+00   2.5369642e-03   2.5396804e-03   2.5343901e-03
   2.8850000e+00   3.6522040e-03   3.6549944e-03   3.6495619e-03
   2.8950000e+00   5.0986486e-03   5.1013460e-03   5.0960986e-03
   2.9050000e+00   6.6057252e-03   6.6081579e-03   6.6034305e-03
   2.9150000e+00   8.1750886e-03   8.1771270e-03   8.1731725e-03
   2.9250000e+00   9.4362723e-03   9.4378474e-03   9.4347998e-03
   2.9350000e+00   1.0679140e-02   1.0680228e-02   1.0678133e-02
   2.9450000e+00   1.1503164e-02   1.1503857e-02   1.1502535e-02
   2.9550000e+00   1.2404021e-02   1.2404300e-02   1.2403788e-02
   2.9650000e+00   1.3366827e-02   1.3366671e-02   1.3367009e-02
   2.9750000e+00   1.4483111e-02   1.4482455e-02   1.4483772e-02
   2.9850000e+00   1.5669400e-02   1.5668202e-02   1.5670580e-02
   2.9950000e+00   1.7142166e-02   1.7140262e-02   1.7144021e-02
   3.0050000e+00   1.8678660e-02   1.8675986e-02   1.8681250e-02
   3.0150000e+00   2.0312918e-02   2.0309357e-02   2.0316356e-02
   3.0250000e+00   2.1990970e-02   2.1986439e-02   2.1995335e-02
   3.0350000e+00   2.3722574e-02   2.3716969e-02   2.3727966e-02
   3.0450000e+00   2.5451559e-02   2.5444778e-02   2.5458075e-02
   3.0550000e+00   2.7248076e-02   2.7239991e-02   2.7255839e-02
   3.0650000e+00   2.8032359e-02   2.8023425e-02   2.8040935e-02
   3.0750000e+00   2.8616774e-02   2.8607105e-02   2.8626053e-02
   3.0850000e+00   2.8335468e-02   2.8325617e-02   2.8344924e-02
   3.0950000e+00   2.8091114e-02   2.8081115e-02   2.8100711e-02
   3.1050000e+00   2.7351188e-02   2.7341426e-02   2.7360560e-02
   3.1150000e+00   2.6757537e-02   2.6747963e-02   2.6766730e-02
   3.1250000e+00   2.6321380e-02   2.6311957e-02   2.6330431e-02
   3.1350000e+00   2.6010943e-02   2.6001612e-02   2.6019906e-02
   3.1450000e+00   2.5650596e-02   2.5641405e-02   2.5659425e-02
   3.1550000e+00   2.5406987e-02   2.5397881e-02   2.5415737e-02
   3.1650000e+00   2.4867401e-02   2.4858575e-02   2.4875883e-02
   3.1750000e+00   2.4451338e-02   2.4442730e-02   2.4459612e-02
   3.1850000e+00   2.3691295e-02   2.3683125e-02   2.3699151e-02
   3.1950000e+00   2.3039575e-02   2.3031784e-02   2.3047069e-02
   3.2050000e+00   2.2217427e-02   2.2210118e-02   2.2224460e-02
   3.2150000e+00   2.1462812e-02   2.1455945e-02   2.1469420e-02
   3.2250000e+00   2.0797816e-02   2.0791335e-02   2.0804055e-02
   3.2350000e+00   2.0163564e-02   2.0157450e-02   2.0169453e-02
   3.2450000e+00   1.9650325e-02   1.9644506e-02   1.9655931e-02
   3.2550000e+00   1.9167144e-02   1.9161602e-02   1.9172485e-02
   3.2650000e+00   1.8625708e-02   1.8620476e-02   1.8630753e-02
   3.2750000e+00   1.8085216e-02   1.8080293e-02   1.8089965e-02
   3.2850000e+00   1.7617225e-02   1.7612566e-02   1.7621721e-02
   3.2950000e+00   1.7192342e-02   1.7187919e-02   1.7196612e-02
   3.3050000e+00   1.6810776e-02   1.6806566e-02   1.6814842e-02
   3.3150000e+00   1.6472858e-02   1.6468837e-02   1.6476743e-02
   3.3250000e+00   1.6144274e-02   1.6140436e-02   1.6147983e-02
   3.3350000e+00   1.5827666e-02   1.5824004e-02   1.5831207e-02
   3.3450000e+00   1.5515875e-02   1.5512387e-02   1.5519250e-02
   3.3550000e+00   1.5216555e-02   1.5213233e-02   1.5219770e-02
   3.3650000e+00   1.4921057e-02   1.4917901e-02   1.4924114e-02
   3.3750000e+00   1.4644974e-02   1.4641976e-02   1.4647883e-02
   3.3850000e+00   1.4375288e-02   1.4372447e-02   1.4378047e-02
   3.3950000e+00   1.4124690e-02   1.4122005e-02   1.4127302e-02
   3.4050000e+00   1.3892562e-02   1.3890036e-02   1.3895026e-02
   3.4150000e+00   1.3667290e-02   1.3664945e-02   1.3669588e-02
   3.4250000e+00   1.3464179e-02   1.3462039e-02   1.3466292e-02
   3.4350000e+00   1.3262726e-02   1.3260869e-02   1.3264589e-02
   3.4450000e+00   1.3078312e-02   1.3076809e-02   1.3079864e-02
   3.4550000e+00   1.2897682e-02   1.2896699e-02   1.2898778e-02
   3.4650000e+00   1.2728383e-02   1.2728125e-02   1.2728845e-02
   3.4750000e+00   1.2570810e-02   1.2571542e-02   1.2570406e-02
   3.4850000e+00   1.2419219e-02   1.2421421e-02   1.2417522e-02
   3.4950000e+00   1.2282402e-02   1.2286312e-02   1.2279196e-02
   3.5050000e+00   1.2152824e-02   1.2159164e-02   1.2147463e-02
   3.5150000e+00   1.2039562e-02   1.2048898e-02   1.2031530e-02
   3.5250000e+00   1.1940898e-02   1.1953911e-02   1.1929574e-02
   3.5350000e+00   1.1857029e-02   1.1874896e-02   1.1841336e-02
   3.5450000e+00   1.1787669e-02   1.1810497e-02   1.1767490e-02
   3.5550000e+00   1.1735292e-02   1.1764420e-02   1.1709397e-02
   3.5650000e+00   1.1695736e-02   1.1731002e-02   1.1664247e-02
   3.5750000e+00   1.1663827e-02   1.1704981e-02   1.1626958e-02
   3.5850000e+00   1.1646763e-02   1.1694841e-02   1.1603551e-02
   3.5950000e+00   1.1647953e-02   1.1704114e-02   1.1597310e-02
   3.6050000e+00   1.1671381e-02   1.1737039e-02   1.1611987e-02
   3.6150000e+00   1.1723573e-02   1.1800477e-02   1.1653789e-02
   3.6250000e+00   1.1798927e-02   1.1888020e-02   1.1717848e-02
   3.6350000e+00   1.1791601e-02   1.1885212e-02   1.1706330e-02
   3.6450000e+00   1.1789437e-02   1.1887797e-02   1.1699745e-02
   3.6550000e+00   1.1789800e-02   1.1892967e-02   1.1695633e-02
   3.6650000e+00   1.1797556e-02   1.1906072e-02   1.1698417e-02
   3.6750000e+00   1.1808381e-02   1.1922211e-02   1.1704285e-02
   3.6850000e+00   1.1826194e-02   1.1945758e-02   1.1716748e-02
   3.6950000e+00   1.1849259e-02   1.1974840e-02   1.1734201e-02
   3.7050000e+00   1.1878743e-02   1.2010508e-02   1.1757897e-02
   3.7150000e+00   1.1914795e-02   1.2053118e-02   1.1787819e-02
   3.7250000e+00   1.1959880e-02   1.2105284e-02   1.1826286e-02
   3.7350000e+00   1.1962132e-02   1.2111559e-02   1.1824758e-02
   3.7450000e+00   1.1860709e-02   1.2007587e-02   1.1725718e-02
   3.7550000e+00   1.1759830e-02   1.1904187e-02   1.1627191e-02
   3.7650000e+00   1.1659044e-02   1.1800728e-02   1.1528887e-02
   3.7750000e+00   1.1560569e-02   1.1699824e-02   1.1432679e-02
   3.7850000e+00   1.1400499e-02   1.1532907e-02   1.1279007e-02
   3.7950000e+00   1.1246388e-02   1.1372061e-02   1.1131171e-02
   3.8050000e+00   1.1102618e-02   1.1222196e-02   1.0993082e-02
   3.8150000e+00   1.0964985e-02   1.1078806e-02   1.0860815e-02
   3.8250000e+00   1.0834924e-02   1.0943305e-02   1.0735807e-02
   3.8350000e+00   1.0709328e-02   1.0812511e-02   1.0615042e-02
   3.8450000e+00   1.0591103e-02   1.0689590e-02   1.0501184e-02
   3.8550000e+00   1.0468701e-02   1.0561451e-02   1.0384108e-02
   3.8650000e+00   1.0350992e-02   1.0438056e-02   1.0271674e-02
   3.8750000e+00   1.0241793e-02   1.0323697e-02   1.0167257e-02
   3.8850000e+00   1.0138548e-02   1.0215623e-02   1.0068481e-02
   3.8950000e+00   1.0041467e-02   1.0114043e-02   9.9755563e-03
   3.9050000e+00   9.9491744e-03   1.0017556e-02   9.8871382e-03
   3.9150000e+00   9.8623389e-03   9.9268880e-03   9.8038402e-03
   3.9250000e+00   9.7798162e-03   9.8407838e-03   9.7246188e-03
   3.9350000e+00   9.7006500e-03   9.7582388e-03   9.6485648e-03
   3.9450000e+00   9.6256065e-03   9.6800909e-03   9.5763774e-03
   3.9550000e+00   9.5534876e-03   9.6050499e-03   9.5069434e-03
   3.9650000e+00   9.4844322e-03   9.5332567e-03   9.4403990e-03
   3.9750000e+00   9.4202893e-03   9.4662687e-03   9.3788661e-03
   3.9850000e+00   9.3611172e-03   9.4042938e-03   9.3222632e-03
   3.9950000e+00   9.3050967e-03   9.3456844e-03   9.2686125e-03
   4.0050000e+00   9.2515872e-03   9.2897588e-03   9.2173125e-03
   4.0150000e+00   9.2006272e-03   9.2365670e-03   9.1683915e-03
   4.0250000e+00   9.1519325e-03   9.1858017e-03   9.1215856e-03
   4.0350000e+00   9.1051529e-03   9.1370822e-03   9.0765729e-03
   4.0450000e+00   9.0602379e-03   9.0903650e-03   9.0332974e-03
   4.0550000e+00   9.0169790e-03   9.0454364e-03   8.9915569e-03
   4.0650000e+00   8.9752793e-03   9.0021860e-03   8.9512659e-03
   4.0750000e+00   8.9349718e-03   8.9604317e-03   8.9122711e-03
   4.0850000e+00   8.8958611e-03   8.9199692e-03   8.8743860e-03
   4.0950000e+00   8.8579428e-03   8.8807938e-03   8.8376061e-03
   4.1050000e+00   8.8244960e-03   8.8461479e-03   8.8052438e-03
   4.1150000e+00   8.7942820e-03   8.8147930e-03   8.7760604e-03
   4.1250000e+00   8.7650019e-03   8.7844492e-03   8.7477404e-03
   4.1350000e+00   8.7365814e-03   8.7550398e-03   8.7202119e-03
   4.1450000e+00   8.7089440e-03   8.7264788e-03   8.6934066e-03
   4.1550000e+00   8.6820126e-03   8.6986816e-03   8.6672544e-03
   4.1650000e+00   8.6557199e-03   8.6715778e-03   8.6416912e-03
   4.1750000e+00   8.6300361e-03   8.6451357e-03   8.6166887e-03
   4.1850000e+00   8.6049059e-03   8.6192933e-03   8.5921974e-03
   4.1950000e+00   8.5802573e-03   8.5939720e-03   8.5681517e-03
   4.2050000e+00   8.5560759e-03   8.5691582e-03   8.5445364e-03
   4.2150000e+00   8.5323466e-03   8.5448381e-03   8.5213356e-03
   4.2250000e+00   8.5090347e-03   8.5209733e-03   8.4985179e-03
   4.2350000e+00   8.4860958e-03   8.4975141e-03   8.4760436e-03
   4.2450000e+00   8.4650704e-03   8.4757293e-03   8.4556963e-03
   4.2550000e+00   8.4459937e-03   8.4557969e-03   8.4373826e-03
   4.2650000e+00   8.4278488e-03   8.4368830e-03   8.4199222e-03
   4.2750000e+00   8.4105119e-03   8.4188526e-03   8.4032016e-03
   4.2850000e+00   8.3938859e-03   8.4016003e-03   8.3871312e-03
   4.2950000e+00   8.3778976e-03   8.3850473e-03   8.3716430e-03
   4.3050000e+00   8.3624795e-03   8.3691204e-03   8.3566749e-03
   4.3150000e+00   8.3475665e-03   8.3537481e-03   8.3421675e-03
   4.3250000e+00   8.3330989e-03   8.3388646e-03   8.3280665e-03
   4.3350000e+00   8.3190285e-03   8.3244171e-03   8.3143279e-03
   4.3450000e+00   8.3053155e-03   8.3103620e-03   8.3009155e-03
   4.3550000e+00   8.2973881e-03   8.3020569e-03   8.2933199e-03
   4.3650000e+00   8.2922313e-03   8.2965363e-03   8.2884822e-03
   4.3750000e+00   8.2874757e-03   8.2914570e-03   8.2840100e-03
   4.3850000e+00   8.2830760e-03   8.2867692e-03   8.2798620e-03
   4.3950000e+00   8.2874204e-03   8.2908667e-03   8.2844222e-03
   4.4050000e+00   8.2941187e-03   8.2973450e-03   8.2913125e-03
   4.4150000e+00   8.3010347e-03   8.3040625e-03   8.2984017e-03
   4.4250000e+00   8.3081470e-03   8.3109951e-03   8.3056704e-03
   4.4350000e+00   8.3154369e-03   8.3181223e-03   8.3131019e-03
   4.4450000e+00   8.3239302e-03   8.3264749e-03   8.3217174e-03
   4.4550000e+00   8.3418881e-03   8.3443628e-03   8.3397367e-03
   4.4650000e+00   8.3598856e-03   8.3622931e-03   8.3577930e-03
   4.4750000e+00   8.3779211e-03   8.3802641e-03   8.3758849e-03
   4.4850000e+00   8.3959934e-03   8.3982746e-03   8.3940115e-03
   4.4950000e+00   8.4141016e-03   8.4163234e-03   8.4121717e-03
   4.5050000e+00   8.4322448e-03   8.4344097e-03   8.4303647e-03
   4.5150000e+00   8.4546435e-03   8.4568623e-03   8.4527177e-03
   4.5250000e+00   8.4770840e-03   8.4793594e-03   8.4751100e-03
   4.5350000e+00   8.4995672e-03   8.5019022e-03   8.4975425e-03
   4.5450000e+00   8.5220941e-03   8.5244918e-03   8.5200161e-03
   4.5550000e+00   8.5441329e-03   8.5466911e-03   8.5419164e-03
   4.5650000e+00   8.5622886e-03   8.5650527e-03   8.5598938e-03
   4.5750000e+00   8.5767249e-03   8.5797207e-03   8.5741290e-03
   4.5850000e+00   8.5815177e-03   8.5847929e-03   8.5786780e-03
   4.5950000e+00   8.5767453e-03   8.5803566e-03   8.5736116e-03
   4.6050000e+00   8.5724110e-03   8.5764032e-03   8.5689433e-03
   4.6150000e+00   8.5685795e-03   8.5730043e-03   8.5647318e-03
   4.6250000e+00   8.5653288e-03   8.5702458e-03   8.5610482e-03
   4.6350000e+00   8.5627529e-03   8.5682309e-03   8.5579778e-03
   4.6450000e+00   8.5609633e-03   8.5670821e-03   8.5556224e-03
   4.6550000e+00   8.5600907e-03   8.5669423e-03   8.5541014e-03
   4.6650000e+00   8.5602896e-03   8.5679800e-03   8.5535567e-03
   4.6750000e+00   8.5617461e-03   8.5703978e-03   8.5541591e-03
   4.6850000e+00   8.5646863e-03   8.5744416e-03   8.5561170e-03
   4.6950000e+00   8.5693833e-03   8.5804072e-03   8.5596820e-03
   4.7050000e+00   8.5761623e-03   8.5886464e-03   8.5651552e-03
   4.7150000e+00   8.5854116e-03   8.5995776e-03   8.5728970e-03
   4.7250000e+00   8.5854556e-03   8.6009602e-03   8.5717382e-03
   4.7350000e+00   8.5787169e-03   8.5952726e-03   8.5640533e-03
   4.7450000e+00   8.5729081e-03   8.5905946e-03   8.5572255e-03
   4.7550000e+00   8.5681134e-03   8.5870161e-03   8.5513337e-03
   4.7650000e+00   8.5644050e-03   8.5846126e-03   8.5464468e-03
   4.7750000e+00   8.5618766e-03   8.5834834e-03   8.5426531e-03
   4.7850000e+00   8.5606471e-03   8.5837573e-03   8.5400627e-03
   4.7950000e+00   8.5608626e-03   8.5855900e-03   8.5388123e-03
   4.8050000e+00   8.5626444e-03   8.5891083e-03   8.5390180e-03
   4.8150000e+00   8.5660871e-03   8.5944099e-03   8.5407713e-03
   4.8250000e+00   8.5713560e-03   8.6016709e-03   8.5442272e-03
   4.8350000e+00   8.5787082e-03   8.6111695e-03   8.5496239e-03
   4.8450000e+00   8.5883947e-03   8.6231756e-03   8.5571945e-03
   4.8550000e+00   8.6006117e-03   8.6378935e-03   8.5671278e-03
   4.8650000e+00   8.6155604e-03   8.6555303e-03   8.5796184e-03
   4.8750000e+00   8.6335139e-03   8.6763747e-03   8.5949250e-03
   4.8850000e+00   8.6548142e-03   8.7007954e-03   8.6133650e-03
   4.8950000e+00   8.6799198e-03   8.7292760e-03   8.6353731e-03
   4.9050000e+00   8.7061067e-03   8.7588769e-03   8.6584223e-03
   4.9150000e+00   8.7069290e-03   8.7612156e-03   8.6578485e-03
   4.9250000e+00   8.7083354e-03   8.7641652e-03   8.6578330e-03
   4.9350000e+00   8.7105657e-03   8.7679964e-03   8.6585879e-03
   4.9450000e+00   8.7137076e-03   8.7728055e-03   8.6601931e-03
   4.9550000e+00   8.7176485e-03   8.7784607e-03   8.6625532e-03
   4.9650000e+00   8.7223263e-03   8.7848862e-03   8.6656181e-03
   4.9750000e+00   8.7277644e-03   8.7921142e-03   8.6694037e-03
   4.9850000e+00   8.7340977e-03   8.8003016e-03   8.6740256e-03
   4.9950000e+00   8.7415469e-03   8.8096749e-03   8.6796976e-03
