   3.0500000e-01   9.3389226e-01   9.3709995e-01   9.3041252e-01
   3.1500000e-01   9.3359001e-01   9.3680462e-01   9.3010461e-01
   3.2500000e-01   9.3328315e-01   9.3651634e-01   9.2977768e-01
   3.3500000e-01   9.3303225e-01   9.3627639e-01   9.2951429e-01
   3.4500000e-01   9.3273583e-01   9.3599610e-01   9.2920093e-01
   3.5500000e-01   9.3244689e-01   9.3571479e-01   9.2890413e-01
   3.6500000e-01   9.3230723e-01   9.3558683e-01   9.2875140e-01
   3.7500000e-01   9.3209495e-01   9.3537920e-01   9.2853436e-01
   3.8500000e-01   9.3189382e-01   9.3518610e-01   9.2832441e-01
   3.9500000e-01   9.3169747e-01   9.3500014e-01   9.2811711e-01
   4.0500000e-01   9.3156115e-01   9.3487179e-01   9.2797257e-01
   4.1500000e-01   9.3138472e-01   9.3470480e-01   9.2778621e-01
   4.2500000e-01   9.3128725e-01   9.3461262e-01   9.2768272e-01
   4.3500000e-01   9.3118811e-01   9.3451999e-01   9.2757633e-01
   4.4500000e-01   9.3106514e-01   9.3440066e-01   9.2744964e-01
   4.5500000e-01   9.3091349e-01   9.3425696e-01   9.2728992e-01
   4.6500000e-01   9.3080253e-01   9.3414511e-01   9.2717974e-01
   4.7500000e-01   9.3070346e-01   9.3405626e-01   9.2706993e-01
   4.8500000e-01   9.3063937e-01   9.3399287e-01   9.2700442e-01
   4.9500000e-01   9.3045037e-01   9.3381193e-01   9.2680704e-01
   5.0500000e-01   9.3027857e-01   9.3364084e-01   9.2663467e-01
   5.1500000e-01   9.3016659e-01   9.3353384e-01   9.2651680e-01
   5.2500000e-01   9.3000371e-01   9.3337570e-01   9.2634840e-01
   5.3500000e-01   9.2975586e-01   9.3312376e-01   9.2610686e-01
   5.4500000e-01   9.2949475e-01   9.3287884e-01   9.2582825e-01
   5.5500000e-01   9.2922287e-01   9.3260485e-01   9.2555878e-01
   5.6500000e-01   9.2907199e-01   9.3246060e-01   9.2540078e-01
   5.7500000e-01   9.2878925e-01   9.3217385e-01   9.2512183e-01
   5.8500000e-01   9.2852312e-01   9.3192416e-01   9.2483742e-01
   5.9500000e-01   9.2829047e-01   9.3168994e-01   9.2460755e-01
   6.0500000e-01   9.2788375e-01   9.3127687e-01   9.2420586e-01
   6.1500000e-01   9.2716610e-01   9.3057729e-01   9.2347419e-01
   6.2500000e-01   9.2678523e-01   9.3019739e-01   9.2308678e-01
   6.3500000e-01   9.2626879e-01   9.2967581e-01   9.2257722e-01
   6.4500000e-01   9.2554631e-01   9.2895103e-01   9.2185917e-01
   6.5500000e-01   9.2477852e-01   9.2818908e-01   9.2108263e-01
   6.6500000e-01   9.2422991e-01   9.2765736e-01   9.2051635e-01
   6.7500000e-01   9.2356459e-01   9.2700242e-01   9.1984287e-01
   6.8500000e-01   9.2313724e-01   9.2655541e-01   9.1942948e-01
   6.9500000e-01   9.2167247e-01   9.2509008e-01   9.1797236e-01
   7.0500000e-01   9.2055284e-01   9.2398667e-01   9.1683228e-01
   7.1500000e-01   9.1896054e-01   9.2242642e-01   9.1520739e-01
   7.2500000e-01   9.1806933e-01   9.2152883e-01   9.1432139e-01
   7.3500000e-01   9.1698364e-01   9.2043628e-01   9.1324641e-01
   7.4500000e-01   9.1483602e-01   9.1830026e-01   9.1108642e-01
   7.5500000e-01   9.1248235e-01   9.1595469e-01   9.0872109e-01
   7.6500000e-01   9.0951625e-01   9.1301555e-01   9.0573019e-01
   7.7500000e-01   9.0605471e-01   9.0958689e-01   9.0223313e-01
   7.8500000e-01   9.0265512e-01   9.0620177e-01   8.9881694e-01
   7.9500000e-01   8.9923224e-01   9.0281607e-01   8.9536363e-01
   8.0500000e-01   8.9685236e-01   9.0043667e-01   8.9298059e-01
   8.1500000e-01   8.9693391e-01   9.0054501e-01   8.9303427e-01
   8.2500000e-01   8.9638920e-01   8.9999610e-01   8.9248988e-01
   8.3500000e-01   8.9549287e-01   8.9904339e-01   8.9164947e-01
   8.4500000e-01   8.9216709e-01   8.9568887e-01   8.8834534e-01
   8.5500000e-01   8.8725540e-01   8.9097800e-01   8.8323718e-01
   8.6500000e-01   8.8010046e-01   8.8391083e-01   8.7599456e-01
   8.7500000e-01   8.7085284e-01   8.7479444e-01   8.6661216e-01
   8.8500000e-01   8.6170160e-01   8.6575098e-01   8.5734266e-01
   8.9500000e-01   8.5574703e-01   8.5982832e-01   8.5135958e-01
   9.0500000e-01   8.5235676e-01   8.5647941e-01   8.4793811e-01
   9.1500000e-01   8.5007944e-01   8.5431588e-01   8.4553259e-01
   9.2500000e-01   8.4614509e-01   8.5043007e-01   8.4155484e-01
   9.3500000e-01   8.4189979e-01   8.4622827e-01   8.3726128e-01
   9.4500000e-01   8.3661744e-01   8.4102507e-01   8.3190283e-01
   9.5500000e-01   8.2636435e-01   8.3099713e-01   8.2140840e-01
   9.6500000e-01   8.1047136e-01   8.1538874e-01   8.0523379e-01
   9.7500000e-01   7.9445088e-01   7.9965161e-01   7.8891685e-01
   9.8500000e-01   7.7898733e-01   7.8445296e-01   7.7316592e-01
   9.9500000e-01   7.6101458e-01   7.6678224e-01   7.5489800e-01
   1.0050000e+00   7.4143875e-01   7.4767136e-01   7.3481910e-01
   1.0150000e+00   7.2403885e-01   7.3060563e-01   7.1709137e-01
   1.0250000e+00   7.1664252e-01   7.2330806e-01   7.0957866e-01
   1.0350000e+00   7.1605727e-01   7.2280517e-01   7.0891159e-01
   1.0450000e+00   7.2067159e-01   7.2726614e-01   7.1369448e-01
   1.0550000e+00   7.3179234e-01   7.3816446e-01   7.2503646e-01
   1.0650000e+00   7.4312071e-01   7.4931207e-01   7.3654438e-01
   1.0750000e+00   7.4985416e-01   7.5589286e-01   7.4345771e-01
   1.0850000e+00   7.5409170e-01   7.6012150e-01   7.4769328e-01
   1.0950000e+00   7.5596099e-01   7.6194882e-01   7.4960734e-01
   1.1050000e+00   7.5594887e-01   7.6195500e-01   7.4957231e-01
   1.1150000e+00   7.5296028e-01   7.5897455e-01   7.4658895e-01
   1.1250000e+00   7.4632033e-01   7.5246306e-01   7.3980045e-01
   1.1350000e+00   7.3534701e-01   7.4169194e-01   7.2862565e-01
   1.1450000e+00   7.3013540e-01   7.3657671e-01   7.2330420e-01
   1.1550000e+00   7.1193128e-01   7.1868140e-01   7.0479050e-01
   1.1650000e+00   6.8242406e-01   6.8979254e-01   6.7464252e-01
   1.1750000e+00   6.5294662e-01   6.6069888e-01   6.4476390e-01
   1.1850000e+00   6.2638912e-01   6.3457671e-01   6.1775892e-01
   1.1950000e+00   6.0232633e-01   6.1080257e-01   5.9341137e-01
   1.2050000e+00   5.7223120e-01   5.8115581e-01   5.6285569e-01
   1.2150000e+00   5.4027226e-01   5.4947192e-01   5.3063004e-01
   1.2250000e+00   5.2064205e-01   5.3008424e-01   5.1075954e-01
   1.2350000e+00   5.0736900e-01   5.1688335e-01   4.9741089e-01
   1.2450000e+00   4.9753890e-01   5.0714099e-01   4.8749763e-01
   1.2550000e+00   4.9248403e-01   5.0214330e-01   4.8238629e-01
   1.2650000e+00   4.8987621e-01   4.9954198e-01   4.7977295e-01
   1.2750000e+00   4.9023046e-01   4.9987606e-01   4.8015165e-01
   1.2850000e+00   4.9367291e-01   5.0330673e-01   4.8359889e-01
   1.2950000e+00   4.9539614e-01   5.0501473e-01   4.8534234e-01
   1.3050000e+00   4.9705115e-01   5.0665368e-01   4.8701267e-01
   1.3150000e+00   4.9830432e-01   5.0791002e-01   4.8826225e-01
   1.3250000e+00   4.9891194e-01   5.0850670e-01   4.8887973e-01
   1.3350000e+00   4.9875762e-01   5.0835276e-01   4.8872406e-01
   1.3450000e+00   4.9610622e-01   5.0573357e-01   4.8604302e-01
   1.3550000e+00   4.9222106e-01   5.0187785e-01   4.8212554e-01
   1.3650000e+00   4.8833336e-01   4.9801106e-01   4.7821639e-01
   1.3750000e+00   4.7999624e-01   4.8970852e-01   4.6985615e-01
   1.3850000e+00   4.6757767e-01   4.7739524e-01   4.5732843e-01
   1.3950000e+00   4.4913463e-01   4.5901132e-01   4.3883925e-01
   1.4050000e+00   3.8516854e-01   3.9514238e-01   3.7482135e-01
   1.4150000e+00   2.9240342e-01   3.0198414e-01   2.8255161e-01
   1.4250000e+00   2.0818414e-01   2.1663415e-01   1.9957555e-01
   1.4350000e+00   1.4901842e-01   1.5612462e-01   1.4184740e-01
   1.4450000e+00   1.1108747e-01   1.1700342e-01   1.0516465e-01
   1.4550000e+00   8.1023717e-02   8.5743480e-02   7.6337934e-02
   1.4650000e+00   5.9934684e-02   6.3647031e-02   5.6277857e-02
   1.4750000e+00   4.6476269e-02   4.9447177e-02   4.3569530e-02
   1.4850000e+00   3.9267141e-02   4.1794376e-02   3.6806122e-02
   1.4950000e+00   3.6700541e-02   3.9060992e-02   3.4406410e-02
   1.5050000e+00   3.8074889e-02   4.0524924e-02   3.5690956e-02
   1.5150000e+00   4.0035416e-02   4.2612712e-02   3.7524216e-02
   1.5250000e+00   4.2058594e-02   4.4763581e-02   3.9419219e-02
   1.5350000e+00   4.4937970e-02   4.7818257e-02   4.2122654e-02
   1.5450000e+00   4.8514550e-02   5.1608334e-02   4.5484175e-02
   1.5550000e+00   5.2592845e-02   5.5917340e-02   4.9329436e-02
   1.5650000e+00   5.7349212e-02   6.0930421e-02   5.3825563e-02
   1.5750000e+00   6.3194972e-02   6.7082911e-02   5.9360023e-02
   1.5850000e+00   7.0063252e-02   7.4289772e-02   6.5882995e-02
   1.5950000e+00   7.5279908e-02   7.9749339e-02   7.0850654e-02
   1.6050000e+00   8.0352851e-02   8.5053799e-02   7.5686869e-02
   1.6150000e+00   8.5400944e-02   9.0320014e-02   8.0510670e-02
   1.6250000e+00   8.8516744e-02   9.3568704e-02   8.3489739e-02
   1.6350000e+00   9.1728092e-02   9.6914327e-02   8.6563974e-02
   1.6450000e+00   9.5252373e-02   1.0058348e-01   8.9937618e-02
   1.6550000e+00   9.9356878e-02   1.0485266e-01   9.3872453e-02
   1.6650000e+00   1.0420441e-01   1.0987220e-01   9.8539815e-02
   1.6750000e+00   1.0956076e-01   1.1543536e-01   1.0368366e-01
   1.6850000e+00   1.1482490e-01   1.2088344e-01   1.0875569e-01
   1.6950000e+00   1.1987075e-01   1.2609289e-01   1.1362864e-01
   1.7050000e+00   1.2503806e-01   1.3144773e-01   1.1860431e-01
   1.7150000e+00   1.3024111e-01   1.3681013e-01   1.2363772e-01
   1.7250000e+00   1.3565822e-01   1.4239213e-01   1.2888328e-01
   1.7350000e+00   1.4041467e-01   1.4729993e-01   1.3347996e-01
   1.7450000e+00   1.4407518e-01   1.5105103e-01   1.3704414e-01
   1.7550000e+00   1.4805011e-01   1.5515990e-01   1.4087957e-01
   1.7650000e+00   1.5146320e-01   1.5865995e-01   1.4419975e-01
   1.7750000e+00   1.5430579e-01   1.6157814e-01   1.4696258e-01
   1.7850000e+00   1.5714258e-01   1.6447478e-01   1.4973467e-01
   1.7950000e+00   1.6031462e-01   1.6775643e-01   1.5279325e-01
   1.8050000e+00   1.6371812e-01   1.7123491e-01   1.5611708e-01
   1.8150000e+00   1.6775763e-01   1.7538757e-01   1.6003656e-01
   1.8250000e+00   1.7188730e-01   1.7960806e-01   1.6406977e-01
   1.8350000e+00   1.7389857e-01   1.8166137e-01   1.6603426e-01
   1.8450000e+00   1.7258266e-01   1.8032019e-01   1.6474640e-01
   1.8550000e+00   1.6807355e-01   1.7568911e-01   1.6036502e-01
   1.8650000e+00   1.5520975e-01   1.6253540e-01   1.4781479e-01
   1.8750000e+00   1.3227682e-01   1.3892358e-01   1.2559375e-01
   1.8850000e+00   1.0901209e-01   1.1487236e-01   1.0315026e-01
   1.8950000e+00   8.4423999e-02   8.9325383e-02   7.9554505e-02
   1.9050000e+00   6.3527221e-02   6.7448109e-02   5.9659299e-02
   1.9150000e+00   4.4379826e-02   4.7254110e-02   4.1570309e-02
   1.9250000e+00   3.3327986e-02   3.5500630e-02   3.1221297e-02
   1.9350000e+00   2.5588139e-02   2.7204028e-02   2.4034584e-02
   1.9450000e+00   2.1144379e-02   2.2404590e-02   1.9941669e-02
   1.9550000e+00   1.8541299e-02   1.9574867e-02   1.7561071e-02
   1.9650000e+00   1.6997708e-02   1.7888082e-02   1.6157365e-02
   1.9750000e+00   1.6211447e-02   1.7026444e-02   1.5444523e-02
   1.9850000e+00   1.5833063e-02   1.6611599e-02   1.5101585e-02
   1.9950000e+00   1.5778744e-02   1.6553388e-02   1.5051064e-02
   2.0050000e+00   1.5918025e-02   1.6708261e-02   1.5175158e-02
   2.0150000e+00   1.6270822e-02   1.7097994e-02   1.5491994e-02
   2.0250000e+00   1.6716861e-02   1.7589432e-02   1.5893823e-02
   2.0350000e+00   1.7273067e-02   1.8200143e-02   1.6396818e-02
   2.0450000e+00   1.8067762e-02   1.9071170e-02   1.7116960e-02
   2.0550000e+00   1.9282306e-02   2.0396560e-02   1.8222850e-02
   2.0650000e+00   2.0853795e-02   2.2105534e-02   1.9659287e-02
   2.0750000e+00   2.3143109e-02   2.4584905e-02   2.1761359e-02
   2.0850000e+00   2.6097210e-02   2.7771142e-02   2.4486033e-02
   2.0950000e+00   3.0072270e-02   3.2036722e-02   2.8172613e-02
   2.1050000e+00   3.5466814e-02   3.7801102e-02   3.3198735e-02
   2.1150000e+00   4.1094362e-02   4.3789231e-02   3.8465508e-02
   2.1250000e+00   4.8622164e-02   5.1763610e-02   4.5543966e-02
   2.1350000e+00   5.7010036e-02   6.0617447e-02   5.3461973e-02
   2.1450000e+00   6.5685352e-02   6.9732183e-02   6.1690025e-02
   2.1550000e+00   7.4749854e-02   7.9230115e-02   7.0312389e-02
   2.1650000e+00   8.3531092e-02   8.8401856e-02   7.8693234e-02
   2.1750000e+00   9.2420693e-02   9.7673325e-02   8.7191013e-02
   2.1850000e+00   1.0061894e-01   1.0618036e-01   9.5068196e-02
   2.1950000e+00   1.0835890e-01   1.1421585e-01   1.0250441e-01
   2.2050000e+00   1.1488450e-01   1.2097920e-01   1.0878341e-01
   2.2150000e+00   1.2228216e-01   1.2862452e-01   1.1591876e-01
   2.2250000e+00   1.2859387e-01   1.3514716e-01   1.2201140e-01
   2.2350000e+00   1.3387177e-01   1.4058304e-01   1.2712473e-01
   2.2450000e+00   1.3730544e-01   1.4412991e-01   1.3044089e-01
   2.2550000e+00   1.3571568e-01   1.4248729e-01   1.2890715e-01
   2.2650000e+00   1.3245119e-01   1.3913266e-01   1.2573484e-01
   2.2750000e+00   1.2556829e-01   1.3201662e-01   1.1909607e-01
   2.2850000e+00   1.1755098e-01   1.2373531e-01   1.1135212e-01
   2.2950000e+00   1.0811523e-01   1.1396324e-01   1.0226621e-01
   2.3050000e+00   9.8090850e-02   1.0356570e-01   9.2631946e-02
   2.3150000e+00   8.8886563e-02   9.3970946e-02   8.3826379e-02
   2.3250000e+00   8.0628222e-02   8.5394085e-02   7.5899916e-02
   2.3350000e+00   7.3457573e-02   7.7897492e-02   6.9063347e-02
   2.3450000e+00   6.7348439e-02   7.1495836e-02   6.3251150e-02
   2.3550000e+00   6.2403890e-02   6.6305495e-02   5.8558201e-02
   2.3650000e+00   5.8712551e-02   6.2438532e-02   5.5044969e-02
   2.3750000e+00   5.5695700e-02   5.9252944e-02   5.2197328e-02
   2.3850000e+00   5.3502522e-02   5.6943364e-02   5.0122042e-02
   2.3950000e+00   5.1614625e-02   5.4954817e-02   4.8335669e-02
   2.4050000e+00   4.9964073e-02   5.3220310e-02   4.6770407e-02
   2.4150000e+00   4.8491752e-02   5.1656485e-02   4.5389064e-02
   2.4250000e+00   4.7209714e-02   5.0307775e-02   4.4174968e-02
   2.4350000e+00   4.5822927e-02   4.8845257e-02   4.2864195e-02
   2.4450000e+00   4.4363145e-02   4.7297786e-02   4.1491721e-02
   2.4550000e+00   4.3032669e-02   4.5903065e-02   4.0227200e-02
   2.4650000e+00   4.1684223e-02   4.4470189e-02   3.8963245e-02
   2.4750000e+00   4.0480754e-02   4.3195022e-02   3.7831421e-02
   2.4850000e+00   3.9338040e-02   4.1984384e-02   3.6756551e-02
   2.4950000e+00   3.8214990e-02   4.0795597e-02   3.5699145e-02
   2.5050000e+00   3.7444759e-02   3.9978576e-02   3.4975312e-02
   2.5150000e+00   3.6946280e-02   3.9456012e-02   3.4501728e-02
   2.5250000e+00   3.6647136e-02   3.9139969e-02   3.4219005e-02
   2.5350000e+00   3.6614272e-02   3.9111156e-02   3.4182859e-02
   2.5450000e+00   3.6510140e-02   3.8996100e-02   3.4088280e-02
   2.5550000e+00   3.6720299e-02   3.9218007e-02   3.4285160e-02
   2.5650000e+00   3.7207400e-02   3.9739872e-02   3.4737856e-02
   2.5750000e+00   3.7243211e-02   3.9781729e-02   3.4769089e-02
   2.5850000e+00   3.7158255e-02   3.9700491e-02   3.4679895e-02
   2.5950000e+00   3.6456962e-02   3.8949642e-02   3.4025999e-02
   2.6050000e+00   3.5215475e-02   3.7636937e-02   3.2856374e-02
   2.6150000e+00   3.3624072e-02   3.5950857e-02   3.1360597e-02
   2.6250000e+00   3.0494529e-02   3.2623091e-02   2.8427527e-02
   2.6350000e+00   2.6484228e-02   2.8350413e-02   2.4677371e-02
   2.6450000e+00   2.3277953e-02   2.4926745e-02   2.1686260e-02
   2.6550000e+00   2.0654481e-02   2.2118074e-02   1.9245293e-02
   2.6650000e+00   1.8499526e-02   1.9809245e-02   1.7241738e-02
   2.6750000e+00   1.6677626e-02   1.7853174e-02   1.5551375e-02
   2.6850000e+00   1.2023187e-02   1.2822001e-02   1.1264791e-02
   2.6950000e+00   9.3963881e-03   9.9673002e-03   8.8592007e-03
   2.7050000e+00   7.7506819e-03   8.1727370e-03   7.3569702e-03
   2.7150000e+00   6.6361352e-03   6.9558469e-03   6.3403134e-03
   2.7250000e+00   5.8309952e-03   6.0781803e-03   5.6040517e-03
   2.7350000e+00   4.4430912e-03   4.5389256e-03   4.3578346e-03
   2.7450000e+00   3.8466771e-03   3.8911534e-03   3.8079351e-03
   2.7550000e+00   3.4490950e-03   3.4731907e-03   3.4282707e-03
   2.7650000e+00   3.1194897e-03   3.1345974e-03   3.1063639e-03
   2.7750000e+00   2.8210746e-03   2.8318872e-03   2.8115428e-03
   2.7850000e+00   2.4798131e-03   2.4869122e-03   2.4733168e-03
   2.7950000e+00   2.1515478e-03   2.1573910e-03   2.1460410e-03
   2.8050000e+00   1.8621476e-03   1.8677248e-03   1.8568430e-03
   2.8150000e+00   1.6155573e-03   1.6212078e-03   1.6101813e-03
   2.8250000e+00   1.4382071e-03   1.4438995e-03   1.4327676e-03
   2.8350000e+00   1.3816953e-03   1.3872407e-03   1.3763549e-03
   2.8450000e+00   1.5273375e-03   1.5327192e-03   1.5221177e-03
   2.8550000e+00   1.9645827e-03   1.9700466e-03   1.9592630e-03
   2.8650000e+00   2.7362238e-03   2.7419713e-03   2.7306235e-03
   2.8750000e+00   4.1273283e-03   4.1333533e-03   4.1214663e-03
   2.8850000e+00   5.9492817e-03   5.9553240e-03   5.9434197e-03
   2.8950000e+00   8.3012203e-03   8.3068426e-03   8.2957914e-03
   2.9050000e+00   1.0737445e-02   1.0742258e-02   1.0732830e-02
   2.9150000e+00   1.3257972e-02   1.3261691e-02   1.3254449e-02
   2.9250000e+00   1.5272858e-02   1.5275375e-02   1.5270530e-02
   2.9350000e+00   1.7247482e-02   1.7248759e-02   1.7246384e-02
   2.9450000e+00   1.8551782e-02   1.8552077e-02   1.8551657e-02
   2.9550000e+00   1.9971793e-02   1.9971061e-02   1.9972685e-02
   2.9650000e+00   2.1482963e-02   2.1481165e-02   2.1484912e-02
   2.9750000e+00   2.3226951e-02   2.3223936e-02   2.3230107e-02
   2.9850000e+00   2.5071247e-02   2.5066929e-02   2.5075694e-02
   2.9950000e+00   2.7348511e-02   2.7342520e-02   2.7354616e-02
   3.0050000e+00   2.9709919e-02   2.9702130e-02   2.9717804e-02
   3.0150000e+00   3.2206375e-02   3.2196537e-02   3.2216289e-02
   3.0250000e+00   3.4753578e-02   3.4741527e-02   3.4765682e-02
   3.0350000e+00   3.7365528e-02   3.7351049e-02   3.7380036e-02
   3.0450000e+00   3.9957586e-02   3.9940467e-02   3.9974707e-02
   3.0550000e+00   4.2634036e-02   4.2614009e-02   4.2654039e-02
   3.0650000e+00   4.3800499e-02   4.3778535e-02   4.3822423e-02
   3.0750000e+00   4.4668686e-02   4.4645025e-02   4.4692297e-02
   3.0850000e+00   4.4257835e-02   4.4233667e-02   4.4281956e-02
   3.0950000e+00   4.3900398e-02   4.3875803e-02   4.3924948e-02
   3.1050000e+00   4.2807766e-02   4.2783604e-02   4.2831894e-02
   3.1150000e+00   4.1929001e-02   4.1905175e-02   4.1952801e-02
   3.1250000e+00   4.1282015e-02   4.1258466e-02   4.1305546e-02
   3.1350000e+00   4.0821010e-02   4.0797612e-02   4.0844396e-02
   3.1450000e+00   4.0284804e-02   4.0261671e-02   4.0307931e-02
   3.1550000e+00   3.9921933e-02   3.9898945e-02   3.9944920e-02
   3.1650000e+00   3.9116121e-02   3.9093722e-02   3.9138527e-02
   3.1750000e+00   3.8493554e-02   3.8471610e-02   3.8515512e-02
   3.1850000e+00   3.7353560e-02   3.7332580e-02   3.7374564e-02
   3.1950000e+00   3.6373302e-02   3.6353160e-02   3.6393475e-02
   3.2050000e+00   3.5133327e-02   3.5114274e-02   3.5152420e-02
   3.2150000e+00   3.3991658e-02   3.3973610e-02   3.4009753e-02
   3.2250000e+00   3.2982907e-02   3.2965742e-02   3.3000126e-02
   3.2350000e+00   3.2018282e-02   3.2001963e-02   3.2034663e-02
   3.2450000e+00   3.1235942e-02   3.1220303e-02   3.1251647e-02
   3.2550000e+00   3.0497921e-02   3.0482925e-02   3.0512989e-02
   3.2650000e+00   2.9669200e-02   2.9654927e-02   2.9683550e-02
   3.2750000e+00   2.8840070e-02   2.8826522e-02   2.8853700e-02
   3.2850000e+00   2.8120735e-02   2.8107808e-02   2.8133749e-02
   3.2950000e+00   2.7466501e-02   2.7454132e-02   2.7478960e-02
   3.3050000e+00   2.6877951e-02   2.6866085e-02   2.6889912e-02
   3.3150000e+00   2.6355914e-02   2.6344495e-02   2.6367430e-02
   3.3250000e+00   2.5847575e-02   2.5836591e-02   2.5858659e-02
   3.3350000e+00   2.5357103e-02   2.5346538e-02   2.5367772e-02
   3.3450000e+00   2.4873429e-02   2.4863278e-02   2.4883687e-02
   3.3550000e+00   2.4408500e-02   2.4398745e-02   2.4418365e-02
   3.3650000e+00   2.3948898e-02   2.3939535e-02   2.3958373e-02
   3.3750000e+00   2.3518964e-02   2.3509966e-02   2.3528078e-02
   3.3850000e+00   2.3098451e-02   2.3089811e-02   2.3107211e-02
   3.3950000e+00   2.2707189e-02   2.2698882e-02   2.2715619e-02
   3.4050000e+00   2.2344269e-02   2.2336272e-02   2.2352392e-02
   3.4150000e+00   2.1991477e-02   2.1983788e-02   2.1999298e-02
   3.4250000e+00   2.1672731e-02   2.1665329e-02   2.1680273e-02
   3.4350000e+00   2.1355589e-02   2.1348494e-02   2.1362838e-02
   3.4450000e+00   2.1064096e-02   2.1057313e-02   2.1071056e-02
   3.4550000e+00   2.0776609e-02   2.0770192e-02   2.0783240e-02
   3.4650000e+00   2.0504432e-02   2.0498456e-02   2.0510682e-02
   3.4750000e+00   2.0247432e-02   2.0242013e-02   2.0253216e-02
   3.4850000e+00   1.9994021e-02   1.9989407e-02   1.9999150e-02
   3.4950000e+00   1.9760312e-02   1.9756672e-02   1.9764653e-02
   3.5050000e+00   1.9528636e-02   1.9526438e-02   1.9531817e-02
   3.5150000e+00   1.9314481e-02   1.9314178e-02   1.9316138e-02
   3.5250000e+00   1.9113178e-02   1.9115375e-02   1.9112811e-02
   3.5350000e+00   1.8917913e-02   1.8923666e-02   1.8914647e-02
   3.5450000e+00   1.8741624e-02   1.8751314e-02   1.8735116e-02
   3.5550000e+00   1.8571193e-02   1.8586233e-02   1.8560240e-02
   3.5650000e+00   1.8420603e-02   1.8441216e-02   1.8404980e-02
   3.5750000e+00   1.8283377e-02   1.8309669e-02   1.8262953e-02
   3.5850000e+00   1.8152175e-02   1.8185444e-02   1.8125811e-02
   3.5950000e+00   1.8028896e-02   1.8070802e-02   1.7995125e-02
   3.6050000e+00   1.7915697e-02   1.7968251e-02   1.7872721e-02
   3.6150000e+00   1.7816009e-02   1.7881838e-02   1.7761468e-02
   3.6250000e+00   1.7732357e-02   1.7813437e-02   1.7664414e-02
   3.6350000e+00   1.7644946e-02   1.7731895e-02   1.7571806e-02
   3.6450000e+00   1.7560277e-02   1.7653592e-02   1.7481493e-02
   3.6550000e+00   1.7477815e-02   1.7577749e-02   1.7393128e-02
   3.6650000e+00   1.7398553e-02   1.7505710e-02   1.7307430e-02
   3.6750000e+00   1.7322209e-02   1.7436953e-02   1.7224287e-02
   3.6850000e+00   1.7249431e-02   1.7372376e-02   1.7144150e-02
   3.6950000e+00   1.7179956e-02   1.7311547e-02   1.7066896e-02
   3.7050000e+00   1.7114887e-02   1.7255789e-02   1.6993418e-02
   3.7150000e+00   1.7053869e-02   1.7204641e-02   1.6923461e-02
   3.7250000e+00   1.6997789e-02   1.7159211e-02   1.6857727e-02
   3.7350000e+00   1.6926340e-02   1.7094294e-02   1.6780310e-02
   3.7450000e+00   1.6811831e-02   1.6976121e-02   1.6669103e-02
   3.7550000e+00   1.6697592e-02   1.6858236e-02   1.6558151e-02
   3.7650000e+00   1.6584306e-02   1.6741384e-02   1.6448060e-02
   3.7750000e+00   1.6471786e-02   1.6625441e-02   1.6338613e-02
   3.7850000e+00   1.6341767e-02   1.6485321e-02   1.6217716e-02
   3.7950000e+00   1.6216438e-02   1.6350504e-02   1.6100907e-02
   3.8050000e+00   1.6096218e-02   1.6221704e-02   1.5988385e-02
   3.8150000e+00   1.5979576e-02   1.6097008e-02   1.5878949e-02
   3.8250000e+00   1.5867236e-02   1.5977361e-02   1.5773126e-02
   3.8350000e+00   1.5757670e-02   1.5860878e-02   1.5669704e-02
   3.8450000e+00   1.5651402e-02   1.5748320e-02   1.5569023e-02
   3.8550000e+00   1.5555140e-02   1.5644565e-02   1.5479396e-02
   3.8650000e+00   1.5464525e-02   1.5546681e-02   1.5395193e-02
   3.8750000e+00   1.5377991e-02   1.5453642e-02   1.5314382e-02
   3.8850000e+00   1.5294527e-02   1.5364219e-02   1.5236144e-02
   3.8950000e+00   1.5214200e-02   1.5278518e-02   1.5160510e-02
   3.9050000e+00   1.5136239e-02   1.5195608e-02   1.5086855e-02
   3.9150000e+00   1.5060677e-02   1.5115580e-02   1.5015173e-02
   3.9250000e+00   1.4987189e-02   1.5038027e-02   1.4945202e-02
   3.9350000e+00   1.4915350e-02   1.4962428e-02   1.4876605e-02
   3.9450000e+00   1.4845278e-02   1.4888961e-02   1.4809450e-02
   3.9550000e+00   1.4776539e-02   1.4817091e-02   1.4743394e-02
   3.9650000e+00   1.4709192e-02   1.4746897e-02   1.4678478e-02
   3.9750000e+00   1.4651246e-02   1.4686005e-02   1.4623043e-02
   3.9850000e+00   1.4600242e-02   1.4632143e-02   1.4574468e-02
   3.9950000e+00   1.4550530e-02   1.4579855e-02   1.4526938e-02
   4.0050000e+00   1.4501876e-02   1.4528848e-02   1.4480269e-02
   4.0150000e+00   1.4454223e-02   1.4479065e-02   1.4434408e-02
   4.0250000e+00   1.4407451e-02   1.4430360e-02   1.4389255e-02
   4.0350000e+00   1.4361449e-02   1.4382597e-02   1.4344725e-02
   4.0450000e+00   1.4316162e-02   1.4335709e-02   1.4300771e-02
   4.0550000e+00   1.4271477e-02   1.4289559e-02   1.4257300e-02
   4.0650000e+00   1.4227363e-02   1.4244113e-02   1.4214287e-02
   4.0750000e+00   1.4183767e-02   1.4199305e-02   1.4171689e-02
   4.0850000e+00   1.4140606e-02   1.4155029e-02   1.4129443e-02
   4.0950000e+00   1.4097865e-02   1.4111273e-02   1.4087533e-02
   4.1050000e+00   1.4061273e-02   1.4073730e-02   1.4051717e-02
   4.1150000e+00   1.4028870e-02   1.4040441e-02   1.4020036e-02
   4.1250000e+00   1.3996785e-02   1.4007546e-02   1.3988608e-02
   4.1350000e+00   1.3964979e-02   1.3974998e-02   1.3957403e-02
   4.1450000e+00   1.3933436e-02   1.3942775e-02   1.3926408e-02
   4.1550000e+00   1.3902134e-02   1.3910850e-02   1.3895605e-02
   4.1650000e+00   1.3871044e-02   1.3879187e-02   1.3864973e-02
   4.1750000e+00   1.3840152e-02   1.3847769e-02   1.3834501e-02
   4.1850000e+00   1.3809446e-02   1.3816580e-02   1.3804177e-02
   4.1950000e+00   1.3778906e-02   1.3785596e-02   1.3773989e-02
   4.2050000e+00   1.3748523e-02   1.3754805e-02   1.3743927e-02
   4.2150000e+00   1.3718284e-02   1.3724189e-02   1.3713982e-02
   4.2250000e+00   1.3688179e-02   1.3693740e-02   1.3684147e-02
   4.2350000e+00   1.3658201e-02   1.3663444e-02   1.3654416e-02
   4.2450000e+00   1.3634280e-02   1.3639053e-02   1.3630864e-02
   4.2550000e+00   1.3614593e-02   1.3618842e-02   1.3611586e-02
   4.2650000e+00   1.3595186e-02   1.3598980e-02   1.3592533e-02
   4.2750000e+00   1.3576025e-02   1.3579424e-02   1.3573679e-02
   4.2850000e+00   1.3557083e-02   1.3560137e-02   1.3555002e-02
   4.2950000e+00   1.3538336e-02   1.3541089e-02   1.3536486e-02
   4.3050000e+00   1.3519765e-02   1.3522256e-02   1.3518114e-02
   4.3150000e+00   1.3501355e-02   1.3503616e-02   1.3499876e-02
   4.3250000e+00   1.3483090e-02   1.3485151e-02   1.3481760e-02
   4.3350000e+00   1.3464959e-02   1.3466845e-02   1.3463758e-02
   4.3450000e+00   1.3446951e-02   1.3448686e-02   1.3445863e-02
   4.3550000e+00   1.3438564e-02   1.3440125e-02   1.3437604e-02
   4.3650000e+00   1.3434400e-02   1.3435797e-02   1.3433563e-02
   4.3750000e+00   1.3430382e-02   1.3431639e-02   1.3429649e-02
   4.3850000e+00   1.3426500e-02   1.3427636e-02   1.3425856e-02
   4.3950000e+00   1.3436118e-02   1.3437144e-02   1.3435557e-02
   4.4050000e+00   1.3449182e-02   1.3450110e-02   1.3448697e-02
   4.4150000e+00   1.3462342e-02   1.3463182e-02   1.3461923e-02
   4.4250000e+00   1.3475592e-02   1.3476355e-02   1.3475233e-02
   4.4350000e+00   1.3488930e-02   1.3489624e-02   1.3488624e-02
   4.4450000e+00   1.3503945e-02   1.3504578e-02   1.3503686e-02
   4.4550000e+00   1.3533348e-02   1.3533937e-02   1.3533127e-02
   4.4650000e+00   1.3562778e-02   1.3563324e-02   1.3562595e-02
   4.4750000e+00   1.3592237e-02   1.3592740e-02   1.3592090e-02
   4.4850000e+00   1.3621722e-02   1.3622185e-02   1.3621612e-02
   4.4950000e+00   1.3651235e-02   1.3651658e-02   1.3651160e-02
   4.5050000e+00   1.3680775e-02   1.3681159e-02   1.3680734e-02
   4.5150000e+00   1.3715978e-02   1.3716359e-02   1.3715946e-02
   4.5250000e+00   1.3751213e-02   1.3751592e-02   1.3751190e-02
   4.5350000e+00   1.3786481e-02   1.3786859e-02   1.3786465e-02
   4.5450000e+00   1.3821781e-02   1.3822160e-02   1.3821773e-02
   4.5550000e+00   1.3855270e-02   1.3855688e-02   1.3855239e-02
   4.5650000e+00   1.3882056e-02   1.3882539e-02   1.3881982e-02
   4.5750000e+00   1.3902600e-02   1.3903167e-02   1.3902468e-02
   4.5850000e+00   1.3907195e-02   1.3907881e-02   1.3906973e-02
   4.5950000e+00   1.3895857e-02   1.3896704e-02   1.3895510e-02
   4.6050000e+00   1.3884675e-02   1.3885707e-02   1.3884183e-02
   4.6150000e+00   1.3873663e-02   1.3874911e-02   1.3873003e-02
   4.6250000e+00   1.3862839e-02   1.3864338e-02   1.3861984e-02
   4.6350000e+00   1.3852225e-02   1.3854017e-02   1.3851142e-02
   4.6450000e+00   1.3841848e-02   1.3843985e-02   1.3840496e-02
   4.6550000e+00   1.3831742e-02   1.3834284e-02   1.3830072e-02
   4.6650000e+00   1.3821947e-02   1.3824969e-02   1.3819901e-02
   4.6750000e+00   1.3812516e-02   1.3816106e-02   1.3810022e-02
   4.6850000e+00   1.3803514e-02   1.3807779e-02   1.3800484e-02
   4.6950000e+00   1.3795021e-02   1.3800092e-02   1.3791351e-02
   4.7050000e+00   1.3787141e-02   1.3793176e-02   1.3782702e-02
   4.7150000e+00   1.3780004e-02   1.3787194e-02   1.3774636e-02
   4.7250000e+00   1.3762363e-02   1.3770518e-02   1.3756212e-02
   4.7350000e+00   1.3737532e-02   1.3746475e-02   1.3730737e-02
   4.7450000e+00   1.3712997e-02   1.3722804e-02   1.3705497e-02
   4.7550000e+00   1.3688794e-02   1.3699545e-02   1.3680518e-02
   4.7650000e+00   1.3664956e-02   1.3676743e-02   1.3655829e-02
   4.7750000e+00   1.3641525e-02   1.3654446e-02   1.3631463e-02
   4.7850000e+00   1.3618541e-02   1.3632705e-02   1.3607452e-02
   4.7950000e+00   1.3596062e-02   1.3611591e-02   1.3583842e-02
   4.8050000e+00   1.3574149e-02   1.3591178e-02   1.3560682e-02
   4.8150000e+00   1.3552860e-02   1.3571534e-02   1.3538021e-02
   4.8250000e+00   1.3532269e-02   1.3552749e-02   1.3515919e-02
   4.8350000e+00   1.3512468e-02   1.3534936e-02   1.3494449e-02
   4.8450000e+00   1.3493552e-02   1.3518211e-02   1.3473688e-02
   4.8550000e+00   1.3475637e-02   1.3502712e-02   1.3453733e-02
   4.8650000e+00   1.3458846e-02   1.3488583e-02   1.3434686e-02
   4.8750000e+00   1.3443323e-02   1.3475995e-02   1.3416667e-02
   4.8850000e+00   1.3429204e-02   1.3465110e-02   1.3399787e-02
   4.8950000e+00   1.3416717e-02   1.3456202e-02   1.3384236e-02
   4.9050000e+00   1.3404750e-02   1.3447949e-02   1.3369075e-02
   4.9150000e+00   1.3381857e-02   1.3426768e-02   1.3344701e-02
   4.9250000e+00   1.3359301e-02   1.3405983e-02   1.3320612e-02
   4.9350000e+00   1.3337100e-02   1.3385624e-02   1.3296814e-02
   4.9450000e+00   1.3315280e-02   1.3365722e-02   1.3273330e-02
   4.9550000e+00   1.3293855e-02   1.3346289e-02   1.3250174e-02
   4.9650000e+00   1.3272853e-02   1.3327354e-02   1.3227373e-02
   4.9750000e+00   1.3252261e-02   1.3308899e-02   1.3204915e-02
   4.9850000e+00   1.3232068e-02   1.3290919e-02   1.3182792e-02
   4.9950000e+00   1.3212398e-02   1.3273563e-02   1.3161101e-02
