   3.0500000e-01   9.7673506e-01   9.7808969e-01   9.7525167e-01
   3.1500000e-01   9.7661593e-01   9.7797602e-01   9.7512759e-01
   3.2500000e-01   9.7650320e-01   9.7787221e-01   9.7500502e-01
   3.3500000e-01   9.7640774e-01   9.7778178e-01   9.7490368e-01
   3.4500000e-01   9.7629702e-01   9.7767915e-01   9.7478422e-01
   3.5500000e-01   9.7618295e-01   9.7756972e-01   9.7466533e-01
   3.6500000e-01   9.7613407e-01   9.7752590e-01   9.7461058e-01
   3.7500000e-01   9.7605033e-01   9.7744533e-01   9.7452365e-01
   3.8500000e-01   9.7597291e-01   9.7737190e-01   9.7444175e-01
   3.9500000e-01   9.7589664e-01   9.7730092e-01   9.7435979e-01
   4.0500000e-01   9.7584092e-01   9.7724913e-01   9.7429973e-01
   4.1500000e-01   9.7576510e-01   9.7717865e-01   9.7421836e-01
   4.2500000e-01   9.7572290e-01   9.7713839e-01   9.7417380e-01
   4.3500000e-01   9.7566525e-01   9.7708355e-01   9.7411287e-01
   4.4500000e-01   9.7558319e-01   9.7700368e-01   9.7402857e-01
   4.5500000e-01   9.7548281e-01   9.7690759e-01   9.7392372e-01
   4.6500000e-01   9.7537102e-01   9.7679586e-01   9.7381188e-01
   4.7500000e-01   9.7524301e-01   9.7667233e-01   9.7367888e-01
   4.8500000e-01   9.7508098e-01   9.7651025e-01   9.7351682e-01
   4.9500000e-01   9.7484183e-01   9.7627574e-01   9.7327258e-01
   5.0500000e-01   9.7454961e-01   9.7598413e-01   9.7297999e-01
   5.1500000e-01   9.7423839e-01   9.7567290e-01   9.7266795e-01
   5.2500000e-01   9.7385246e-01   9.7528994e-01   9.7227860e-01
   5.3500000e-01   9.7337005e-01   9.7481090e-01   9.7179363e-01
   5.4500000e-01   9.7284291e-01   9.7429204e-01   9.7125775e-01
   5.5500000e-01   9.7225722e-01   9.7370738e-01   9.7067114e-01
   5.6500000e-01   9.7160755e-01   9.7306156e-01   9.7001794e-01
   5.7500000e-01   9.7095327e-01   9.7241014e-01   9.6936058e-01
   5.8500000e-01   9.7019135e-01   9.7164730e-01   9.6859784e-01
   5.9500000e-01   9.6945111e-01   9.7091350e-01   9.6785167e-01
   6.0500000e-01   9.6853595e-01   9.7000606e-01   9.6692925e-01
   6.1500000e-01   9.6642495e-01   9.6796878e-01   9.6475648e-01
   6.2500000e-01   9.6562194e-01   9.6713068e-01   9.6397348e-01
   6.3500000e-01   9.6414602e-01   9.6565304e-01   9.6250147e-01
   6.4500000e-01   9.6239470e-01   9.6391931e-01   9.6073749e-01
   6.5500000e-01   9.6016470e-01   9.6172144e-01   9.5846358e-01
   6.6500000e-01   9.5896276e-01   9.6057418e-01   9.5721056e-01
   6.7500000e-01   9.5735801e-01   9.5900415e-01   9.5557713e-01
   6.8500000e-01   9.5595676e-01   9.5753136e-01   9.5423778e-01
   6.9500000e-01   9.5277894e-01   9.5440678e-01   9.5101907e-01
   7.0500000e-01   9.5014791e-01   9.5184812e-01   9.4830947e-01
   7.1500000e-01   9.4674929e-01   9.4856534e-01   9.4478725e-01
   7.2500000e-01   9.4475457e-01   9.4658408e-01   9.4278480e-01
   7.3500000e-01   9.4259357e-01   9.4446676e-01   9.4058140e-01
   7.4500000e-01   9.3817205e-01   9.4014787e-01   9.3605959e-01
   7.5500000e-01   9.3365007e-01   9.3569895e-01   9.3145410e-01
   7.6500000e-01   9.2835621e-01   9.3056694e-01   9.2599437e-01
   7.7500000e-01   9.2240375e-01   9.2475666e-01   9.1989040e-01
   7.8500000e-01   9.1681487e-01   9.1929146e-01   9.1417478e-01
   7.9500000e-01   9.1149458e-01   9.1414568e-01   9.0868254e-01
   8.0500000e-01   9.0794250e-01   9.1065184e-01   9.0506844e-01
   8.1500000e-01   9.0809889e-01   9.1085260e-01   9.0517094e-01
   8.2500000e-01   9.0716493e-01   9.0991175e-01   9.0424100e-01
   8.3500000e-01   9.0582108e-01   9.0849451e-01   9.0297836e-01
   8.4500000e-01   9.0086170e-01   9.0354926e-01   8.9798417e-01
   8.5500000e-01   8.9445011e-01   8.9756192e-01   8.9113827e-01
   8.6500000e-01   8.8497056e-01   8.8834177e-01   8.8138893e-01
   8.7500000e-01   8.7345219e-01   8.7715365e-01   8.6951928e-01
   8.8500000e-01   8.6233082e-01   8.6627824e-01   8.5812600e-01
   8.9500000e-01   8.5529869e-01   8.5936653e-01   8.5097901e-01
   9.0500000e-01   8.5137294e-01   8.5556205e-01   8.4694102e-01
   9.1500000e-01   8.4892061e-01   8.5324122e-01   8.4433037e-01
   9.2500000e-01   8.4446635e-01   8.4889721e-01   8.3977143e-01
   9.3500000e-01   8.3964421e-01   8.4415891e-01   8.3485671e-01
   9.4500000e-01   8.3380076e-01   8.3846031e-01   8.2886847e-01
   9.5500000e-01   8.2268698e-01   8.2765425e-01   8.1741177e-01
   9.6500000e-01   8.0566304e-01   8.1107380e-01   7.9994426e-01
   9.7500000e-01   7.8872716e-01   7.9450865e-01   7.8261445e-01
   9.8500000e-01   7.7253172e-01   7.7861983e-01   7.6607924e-01
   9.9500000e-01   7.5385720e-01   7.6036089e-01   7.4700400e-01
   1.0050000e+00   7.3385726e-01   7.4084859e-01   7.2645825e-01
   1.0150000e+00   7.1603814e-01   7.2346252e-01   7.0822476e-01
   1.0250000e+00   7.0838357e-01   7.1588472e-01   7.0046746e-01
   1.0350000e+00   7.0791813e-01   7.1552033e-01   6.9990092e-01
   1.0450000e+00   7.1252502e-01   7.1998042e-01   7.0468002e-01
   1.0550000e+00   7.2388658e-01   7.3107082e-01   7.1631152e-01
   1.0650000e+00   7.3557180e-01   7.4252314e-01   7.2822092e-01
   1.0750000e+00   7.4246370e-01   7.4928692e-01   7.3527871e-01
   1.0850000e+00   7.4695309e-01   7.5374055e-01   7.3978859e-01
   1.0950000e+00   7.4887138e-01   7.5560861e-01   7.4175856e-01
   1.1050000e+00   7.4888824e-01   7.5563472e-01   7.4175740e-01
   1.1150000e+00   7.4572695e-01   7.5251533e-01   7.3857384e-01
   1.1250000e+00   7.3888715e-01   7.4579392e-01   7.3159014e-01
   1.1350000e+00   7.2761071e-01   7.3477269e-01   7.2006370e-01
   1.1450000e+00   7.2225592e-01   7.2950498e-01   7.1460312e-01
   1.1550000e+00   7.0356762e-01   7.1118430e-01   6.9554523e-01
   1.1650000e+00   6.7360097e-01   6.8191602e-01   6.6486065e-01
   1.1750000e+00   6.4336548e-01   6.5208975e-01   6.3420184e-01
   1.1850000e+00   6.1640041e-01   6.2559960e-01   6.0675050e-01
   1.1950000e+00   5.9187658e-01   6.0140922e-01   5.8190673e-01
   1.2050000e+00   5.6147541e-01   5.7147972e-01   5.5102161e-01
   1.2150000e+00   5.2900223e-01   5.3930247e-01   5.1826782e-01
   1.2250000e+00   5.0927462e-01   5.1983483e-01   4.9828592e-01
   1.2350000e+00   4.9580601e-01   5.0642453e-01   4.8475979e-01
   1.2450000e+00   4.8591690e-01   4.9662634e-01   4.7478389e-01
   1.2550000e+00   4.8086115e-01   4.9163106e-01   4.6967009e-01
   1.2650000e+00   4.7821093e-01   4.8898449e-01   4.6701732e-01
   1.2750000e+00   4.7853993e-01   4.8929835e-01   4.6736628e-01
   1.2850000e+00   4.8202656e-01   4.9276610e-01   4.7086432e-01
   1.2950000e+00   4.8376080e-01   4.9449357e-01   4.7260968e-01
   1.3050000e+00   4.8542109e-01   4.9613611e-01   4.7428615e-01
   1.3150000e+00   4.8670508e-01   4.9742583e-01   4.7556394e-01
   1.3250000e+00   4.8730683e-01   4.9801586e-01   4.7617783e-01
   1.3350000e+00   4.8714795e-01   4.9785341e-01   4.7601985e-01
   1.3450000e+00   4.8450077e-01   4.9524608e-01   4.7333767e-01
   1.3550000e+00   4.8058543e-01   4.9135050e-01   4.6939821e-01
   1.3650000e+00   4.7665859e-01   4.8744265e-01   4.6545475e-01
   1.3750000e+00   4.6823259e-01   4.7906425e-01   4.5699711e-01
   1.3850000e+00   4.5579416e-01   4.6671317e-01   4.4446562e-01
   1.3950000e+00   4.3721548e-01   4.4818981e-01   4.2585089e-01
   1.4050000e+00   3.7316468e-01   3.8418130e-01   3.6182126e-01
   1.4150000e+00   2.8120733e-01   2.9167602e-01   2.7053433e-01
   1.4250000e+00   1.9875624e-01   2.0785604e-01   1.8957451e-01
   1.4350000e+00   1.4159739e-01   1.4917083e-01   1.3403411e-01
   1.4450000e+00   1.0528621e-01   1.1154967e-01   9.9082525e-02
   1.4550000e+00   7.6648316e-02   8.1627917e-02   7.1759026e-02
   1.4650000e+00   5.6611993e-02   6.0526891e-02   5.2798621e-02
   1.4750000e+00   4.3820690e-02   4.6959955e-02   4.0783644e-02
   1.4850000e+00   3.6947185e-02   3.9624717e-02   3.4369214e-02
   1.4950000e+00   3.4495105e-02   3.6999082e-02   3.2088872e-02
   1.5050000e+00   3.5807878e-02   3.8404667e-02   3.3309593e-02
   1.5150000e+00   3.7682121e-02   4.0411721e-02   3.5052555e-02
   1.5250000e+00   3.9613108e-02   4.2475154e-02   3.6851832e-02
   1.5350000e+00   4.2356885e-02   4.5402068e-02   3.9413858e-02
   1.5450000e+00   4.5766305e-02   4.9034080e-02   4.2601406e-02
   1.5550000e+00   4.9644495e-02   5.3153301e-02   4.6238776e-02
   1.5650000e+00   5.4162189e-02   5.7939420e-02   5.0487210e-02
   1.5750000e+00   5.9721990e-02   6.3821718e-02   5.5723066e-02
   1.5850000e+00   6.6246989e-02   7.0703373e-02   6.1888145e-02
   1.5950000e+00   7.1199517e-02   7.5911657e-02   6.6580920e-02
   1.6050000e+00   7.6025745e-02   8.0984890e-02   7.1157362e-02
   1.6150000e+00   8.0823141e-02   8.6014911e-02   7.5718319e-02
   1.6250000e+00   8.3788436e-02   8.9122002e-02   7.8539089e-02
   1.6350000e+00   8.6848009e-02   9.2328460e-02   8.1450944e-02
   1.6450000e+00   9.0206913e-02   9.5840113e-02   8.4651910e-02
   1.6550000e+00   9.4121512e-02   9.9933222e-02   8.8384943e-02
   1.6650000e+00   9.8720416e-02   1.0471544e-01   9.2793637e-02
   1.6750000e+00   1.0384680e-01   1.1006899e-01   9.7688916e-02
   1.6850000e+00   1.0886666e-01   1.1528872e-01   1.0250279e-01
   1.6950000e+00   1.1367059e-01   1.2026794e-01   1.0712306e-01
   1.7050000e+00   1.1864105e-01   1.2545044e-01   1.1187950e-01
   1.7150000e+00   1.2360770e-01   1.3058775e-01   1.1666565e-01
   1.7250000e+00   1.2879332e-01   1.3595920e-01   1.2166078e-01
   1.7350000e+00   1.3336921e-01   1.4069934e-01   1.2606378e-01
   1.7450000e+00   1.3685683e-01   1.4428957e-01   1.2944470e-01
   1.7550000e+00   1.4070800e-01   1.4828843e-01   1.3314197e-01
   1.7650000e+00   1.4397493e-01   1.5165197e-01   1.3630692e-01
   1.7750000e+00   1.4670743e-01   1.5447029e-01   1.3895021e-01
   1.7850000e+00   1.4941012e-01   1.5724112e-01   1.4158108e-01
   1.7950000e+00   1.5250684e-01   1.6046013e-01   1.4455080e-01
   1.8050000e+00   1.5576716e-01   1.6380799e-01   1.4772028e-01
   1.8150000e+00   1.5968151e-01   1.6784787e-01   1.5150184e-01
   1.8250000e+00   1.6364953e-01   1.7192209e-01   1.5535955e-01
   1.8350000e+00   1.6558007e-01   1.7389728e-01   1.5724024e-01
   1.8450000e+00   1.6432074e-01   1.7261084e-01   1.5601116e-01
   1.8550000e+00   1.5994606e-01   1.6809617e-01   1.5178191e-01
   1.8650000e+00   1.4761899e-01   1.5544482e-01   1.3980037e-01
   1.8750000e+00   1.2557334e-01   1.3263948e-01   1.1854313e-01
   1.8850000e+00   1.0332369e-01   1.0953109e-01   9.7182370e-02
   1.8950000e+00   7.9924801e-02   8.5100531e-02   7.4839585e-02
   1.9050000e+00   6.0056462e-02   6.4191500e-02   5.6023387e-02
   1.9150000e+00   4.1863201e-02   4.4900917e-02   3.8927699e-02
   1.9250000e+00   3.1325009e-02   3.3633024e-02   2.9112614e-02
   1.9350000e+00   2.3898010e-02   2.5628187e-02   2.2253534e-02
   1.9450000e+00   1.9599935e-02   2.0960504e-02   1.8316127e-02
   1.9550000e+00   1.7061840e-02   1.8186621e-02   1.6007084e-02
   1.9650000e+00   1.5546028e-02   1.6521243e-02   1.4635872e-02
   1.9750000e+00   1.4771008e-02   1.5667301e-02   1.3936940e-02
   1.9850000e+00   1.4397931e-02   1.5255990e-02   1.3600670e-02
   1.9950000e+00   1.4346368e-02   1.5200337e-02   1.3553040e-02
   2.0050000e+00   1.4486873e-02   1.5357125e-02   1.3677845e-02
   2.0150000e+00   1.4839130e-02   1.5748038e-02   1.3992859e-02
   2.0250000e+00   1.5282700e-02   1.6239127e-02   1.4390619e-02
   2.0350000e+00   1.5832817e-02   1.6846172e-02   1.4885760e-02
   2.0450000e+00   1.6616989e-02   1.7710070e-02   1.5592873e-02
   2.0550000e+00   1.7807686e-02   1.9016113e-02   1.6671685e-02
   2.0650000e+00   1.9341122e-02   2.0692526e-02   1.8066170e-02
   2.0750000e+00   2.1563043e-02   2.3111902e-02   2.0095674e-02
   2.0850000e+00   2.4416515e-02   2.6206270e-02   2.2713533e-02
   2.0950000e+00   2.8233567e-02   3.0324596e-02   2.6234721e-02
   2.1050000e+00   3.3395188e-02   3.5870719e-02   3.1017562e-02
   2.1150000e+00   3.8763370e-02   4.1614241e-02   3.6014197e-02
   2.1250000e+00   4.5923928e-02   4.9240448e-02   4.2711302e-02
   2.1350000e+00   5.3898809e-02   5.7705462e-02   5.0197403e-02
   2.1450000e+00   6.2127461e-02   6.6395391e-02   5.7961582e-02
   2.1550000e+00   7.0736894e-02   7.5464078e-02   6.6107641e-02
   2.1650000e+00   7.9078112e-02   8.4221287e-02   7.4027095e-02
   2.1750000e+00   8.7546781e-02   9.3099522e-02   8.2079241e-02
   2.1850000e+00   9.5328436e-02   1.0121233e-01   8.9520761e-02
   2.1950000e+00   1.0271727e-01   1.0892607e-01   9.6579719e-02
   2.2050000e+00   1.0895153e-01   1.1541979e-01   1.0254766e-01
   2.2150000e+00   1.1601111e-01   1.2274226e-01   1.0933013e-01
   2.2250000e+00   1.2205789e-01   1.2902192e-01   1.1513667e-01
   2.2350000e+00   1.2709983e-01   1.3424417e-01   1.1999545e-01
   2.2450000e+00   1.3040404e-01   1.3767446e-01   1.2316965e-01
   2.2550000e+00   1.2887196e-01   1.3608575e-01   1.2169753e-01
   2.2650000e+00   1.2575739e-01   1.3286445e-01   1.1868966e-01
   2.2750000e+00   1.1914437e-01   1.2599780e-01   1.1234136e-01
   2.2850000e+00   1.1148377e-01   1.1804020e-01   1.0498250e-01
   2.2950000e+00   1.0247128e-01   1.0866111e-01   9.6347325e-02
   2.3050000e+00   9.2927610e-02   9.8720172e-02   8.7215817e-02
   2.3150000e+00   8.4135667e-02   8.9503992e-02   7.8853597e-02
   2.3250000e+00   7.6341408e-02   8.1372850e-02   7.1405326e-02
   2.3350000e+00   6.9528996e-02   7.4216004e-02   6.4943581e-02
   2.3450000e+00   6.3724773e-02   6.8098886e-02   5.9453248e-02
   2.3550000e+00   5.9030998e-02   6.3148928e-02   5.5019594e-02
   2.3650000e+00   5.5548741e-02   5.9478882e-02   5.1724215e-02
   2.3750000e+00   5.2668937e-02   5.6419336e-02   4.9022942e-02
   2.3850000e+00   5.0589915e-02   5.4218800e-02   4.7066095e-02
   2.3950000e+00   4.8801841e-02   5.2324881e-02   4.5383722e-02
   2.4050000e+00   4.7246321e-02   5.0681268e-02   4.3916148e-02
   2.4150000e+00   4.5834755e-02   4.9173070e-02   4.2600490e-02
   2.4250000e+00   4.4626921e-02   4.7896029e-02   4.1462015e-02
   2.4350000e+00   4.3315877e-02   4.6504747e-02   4.0230242e-02
   2.4450000e+00   4.1925052e-02   4.5021507e-02   3.8930948e-02
   2.4550000e+00   4.0683155e-02   4.3713221e-02   3.7755538e-02
   2.4650000e+00   3.9395911e-02   4.2338409e-02   3.6555706e-02
   2.4750000e+00   3.8253484e-02   4.1121050e-02   3.5487638e-02
   2.4850000e+00   3.7170088e-02   3.9966445e-02   3.4474654e-02
   2.4950000e+00   3.6107313e-02   3.8834162e-02   3.3480103e-02
   2.5050000e+00   3.5376434e-02   3.8054271e-02   3.2797726e-02
   2.5150000e+00   3.4913187e-02   3.7567107e-02   3.2358991e-02
   2.5250000e+00   3.4630792e-02   3.7265748e-02   3.2094520e-02
   2.5350000e+00   3.4608621e-02   3.7249372e-02   3.2067803e-02
   2.5450000e+00   3.4501609e-02   3.7128728e-02   3.1972888e-02
   2.5550000e+00   3.4697462e-02   3.7333114e-02   3.2157905e-02
   2.5650000e+00   3.5166226e-02   3.7838720e-02   3.2590773e-02
   2.5750000e+00   3.5206132e-02   3.7888576e-02   3.2623434e-02
   2.5850000e+00   3.5137951e-02   3.7821758e-02   3.2552322e-02
   2.5950000e+00   3.4460927e-02   3.7089364e-02   3.1927719e-02
   2.6050000e+00   3.3291707e-02   3.5847342e-02   3.0831497e-02
   2.6150000e+00   3.1789850e-02   3.4249524e-02   2.9426240e-02
   2.6250000e+00   2.8822346e-02   3.1073472e-02   2.6662796e-02
   2.6350000e+00   2.5018075e-02   2.6995214e-02   2.3126964e-02
   2.6450000e+00   2.1973685e-02   2.3724614e-02   2.0303917e-02
   2.6550000e+00   1.9477235e-02   2.1035219e-02   1.7995600e-02
   2.6650000e+00   1.7427935e-02   1.8825501e-02   1.6102242e-02
   2.6750000e+00   1.5691951e-02   1.6949399e-02   1.4502060e-02
   2.6850000e+00   1.1218657e-02   1.2082256e-02   1.0408712e-02
   2.6950000e+00   8.6789898e-03   9.3037430e-03   8.0982382e-03
   2.7050000e+00   7.0815364e-03   7.5491554e-03   6.6505529e-03
   2.7150000e+00   5.9984642e-03   6.3570188e-03   5.6706743e-03
   2.7250000e+00   5.2186545e-03   5.4991876e-03   4.9641866e-03
   2.7350000e+00   3.8356068e-03   3.9500674e-03   3.7350950e-03
   2.7450000e+00   3.2614911e-03   3.3166106e-03   3.2142150e-03
   2.7550000e+00   2.8996322e-03   2.9300317e-03   2.8738688e-03
   2.7650000e+00   2.6117343e-03   2.6307515e-03   2.5956136e-03
   2.7750000e+00   2.3570490e-03   2.3704160e-03   2.3456036e-03
   2.7850000e+00   2.0677111e-03   2.0760017e-03   2.0603668e-03
   2.7950000e+00   1.7931060e-03   1.7995800e-03   1.7871804e-03
   2.8050000e+00   1.5524263e-03   1.5584917e-03   1.5468088e-03
   2.8150000e+00   1.3478781e-03   1.3539995e-03   1.3421931e-03
   2.8250000e+00   1.2007646e-03   1.2068492e-03   1.1950616e-03
   2.8350000e+00   1.1536332e-03   1.1594585e-03   1.1481106e-03
   2.8450000e+00   1.2742034e-03   1.2797770e-03   1.2688702e-03
   2.8550000e+00   1.6371954e-03   1.6428152e-03   1.6317923e-03
   2.8650000e+00   2.2784209e-03   2.2843267e-03   2.2727360e-03
   2.8750000e+00   3.4353665e-03   3.4415813e-03   3.4293925e-03
   2.8850000e+00   4.9526067e-03   4.9588818e-03   4.9465925e-03
   2.8950000e+00   6.9146506e-03   6.9205508e-03   6.9090232e-03
   2.9050000e+00   8.9512906e-03   8.9564142e-03   8.9464386e-03
   2.9150000e+00   1.1063153e-02   1.1067203e-02   1.1059364e-02
   2.9250000e+00   1.2754635e-02   1.2757486e-02   1.2752025e-02
   2.9350000e+00   1.4415411e-02   1.4417018e-02   1.4414024e-02
   2.9450000e+00   1.5513923e-02   1.5514540e-02   1.5513508e-02
   2.9550000e+00   1.6711482e-02   1.6711062e-02   1.6712085e-02
   2.9650000e+00   1.7987702e-02   1.7986201e-02   1.7989366e-02
   2.9750000e+00   1.9462786e-02   1.9460047e-02   1.9465665e-02
   2.9850000e+00   2.1025271e-02   2.1021202e-02   2.1029456e-02
   2.9950000e+00   2.2958130e-02   2.2952346e-02   2.2963997e-02
   3.0050000e+00   2.4966544e-02   2.4958910e-02   2.4974226e-02
   3.0150000e+00   2.7094292e-02   2.7084539e-02   2.7104050e-02
   3.0250000e+00   2.9270026e-02   2.9257977e-02   2.9282036e-02
   3.0350000e+00   3.1505970e-02   3.1491393e-02   3.1520456e-02
   3.0450000e+00   3.3729703e-02   3.3712372e-02   3.3746891e-02
   3.0550000e+00   3.6030890e-02   3.6010516e-02   3.6051063e-02
   3.0650000e+00   3.7034981e-02   3.7012593e-02   3.7057132e-02
   3.0750000e+00   3.7782820e-02   3.7758674e-02   3.7806702e-02
   3.0850000e+00   3.7428004e-02   3.7403357e-02   3.7452385e-02
   3.0950000e+00   3.7119446e-02   3.7094383e-02   3.7144244e-02
   3.1050000e+00   3.6177830e-02   3.6153249e-02   3.6202161e-02
   3.1150000e+00   3.5421145e-02   3.5396943e-02   3.5445112e-02
   3.1250000e+00   3.4864411e-02   3.4840516e-02   3.4888081e-02
   3.1350000e+00   3.4467887e-02   3.4444167e-02   3.4491391e-02
   3.1450000e+00   3.4006928e-02   3.3983499e-02   3.4030149e-02
   3.1550000e+00   3.3695101e-02   3.3671837e-02   3.3718165e-02
   3.1650000e+00   3.3003074e-02   3.2980438e-02   3.3025525e-02
   3.1750000e+00   3.2468763e-02   3.2446613e-02   3.2490741e-02
   3.1850000e+00   3.1491109e-02   3.1469973e-02   3.1512093e-02
   3.1950000e+00   3.0651227e-02   3.0630970e-02   3.0671348e-02
   3.2050000e+00   2.9589803e-02   2.9570682e-02   2.9608808e-02
   3.2150000e+00   2.8613550e-02   2.8595477e-02   2.8631525e-02
   3.2250000e+00   2.7751741e-02   2.7734585e-02   2.7768815e-02
   3.2350000e+00   2.6928351e-02   2.6912071e-02   2.6944563e-02
   3.2450000e+00   2.6261065e-02   2.6245491e-02   2.6276585e-02
   3.2550000e+00   2.5632010e-02   2.5617100e-02   2.5646876e-02
   3.2650000e+00   2.4926139e-02   2.4911976e-02   2.4940271e-02
   3.2750000e+00   2.4220448e-02   2.4207032e-02   2.4233845e-02
   3.2850000e+00   2.3608620e-02   2.3595843e-02   2.3621389e-02
   3.2950000e+00   2.3052499e-02   2.3040296e-02   2.3064703e-02
   3.3050000e+00   2.2552498e-02   2.2540812e-02   2.2564194e-02
   3.3150000e+00   2.2109230e-02   2.2098003e-02   2.2120475e-02
   3.3250000e+00   2.1677798e-02   2.1667018e-02   2.1688604e-02
   3.3350000e+00   2.1261718e-02   2.1251367e-02   2.1272102e-02
   3.3450000e+00   2.0851591e-02   2.0841664e-02   2.0861559e-02
   3.3550000e+00   2.0457529e-02   2.0448007e-02   2.0467098e-02
   3.3650000e+00   2.0068150e-02   2.0059029e-02   2.0077324e-02
   3.3750000e+00   1.9704053e-02   1.9695306e-02   1.9712861e-02
   3.3850000e+00   1.9348077e-02   1.9339696e-02   1.9356526e-02
   3.3950000e+00   1.9016989e-02   1.9008951e-02   1.9025103e-02
   3.4050000e+00   1.8709997e-02   1.8702280e-02   1.8717797e-02
   3.4150000e+00   1.8411681e-02   1.8404289e-02   1.8419170e-02
   3.4250000e+00   1.8142255e-02   1.8135173e-02   1.8149451e-02
   3.4350000e+00   1.7874301e-02   1.7867565e-02   1.7881180e-02
   3.4450000e+00   1.7628138e-02   1.7621771e-02   1.7634690e-02
   3.4550000e+00   1.7385524e-02   1.7379623e-02   1.7391681e-02
   3.4650000e+00   1.7156048e-02   1.7150742e-02   1.7161719e-02
   3.4750000e+00   1.6939654e-02   1.6935134e-02   1.6944700e-02
   3.4850000e+00   1.6726752e-02   1.6723402e-02   1.6730884e-02
   3.4950000e+00   1.6530823e-02   1.6528891e-02   1.6533846e-02
   3.5050000e+00   1.6337413e-02   1.6337584e-02   1.6338791e-02
   3.5150000e+00   1.6159567e-02   1.6162474e-02   1.6158793e-02
   3.5250000e+00   1.5993574e-02   1.6000040e-02   1.5989972e-02
   3.5350000e+00   1.5834384e-02   1.5845833e-02   1.5826785e-02
   3.5450000e+00   1.5691827e-02   1.5708692e-02   1.5679832e-02
   3.5550000e+00   1.5556455e-02   1.5580559e-02   1.5538525e-02
   3.5650000e+00   1.5438168e-02   1.5469689e-02   1.5414095e-02
   3.5750000e+00   1.5331312e-02   1.5370279e-02   1.5301015e-02
   3.5850000e+00   1.5231569e-02   1.5279580e-02   1.5193656e-02
   3.5950000e+00   1.5141086e-02   1.5200136e-02   1.5093797e-02
   3.6050000e+00   1.5062210e-02   1.5134690e-02   1.5003422e-02
   3.6150000e+00   1.4998777e-02   1.5087780e-02   1.4925722e-02
   3.6250000e+00   1.4951869e-02   1.5059572e-02   1.4862517e-02
   3.6350000e+00   1.4887219e-02   1.5002028e-02   1.4791630e-02
   3.6450000e+00   1.4825649e-02   1.4948136e-02   1.4723303e-02
   3.6550000e+00   1.4766315e-02   1.4896712e-02   1.4656969e-02
   3.6650000e+00   1.4710618e-02   1.4849672e-02   1.4593625e-02
   3.6750000e+00   1.4657916e-02   1.4805954e-02   1.4532928e-02
   3.6850000e+00   1.4609167e-02   1.4766907e-02   1.4475540e-02
   3.6950000e+00   1.4563873e-02   1.4731801e-02   1.4421154e-02
   3.7050000e+00   1.4523295e-02   1.4702106e-02   1.4370811e-02
   3.7150000e+00   1.4486978e-02   1.4677284e-02   1.4324159e-02
   3.7250000e+00   1.4456014e-02   1.4658715e-02   1.4282046e-02
   3.7350000e+00   1.4405759e-02   1.4615944e-02   1.4224997e-02
   3.7450000e+00   1.4303624e-02   1.4509477e-02   1.4126733e-02
   3.7550000e+00   1.4201759e-02   1.4403320e-02   1.4028714e-02
   3.7650000e+00   1.4100810e-02   1.4298105e-02   1.3931549e-02
   3.7750000e+00   1.4000748e-02   1.4193975e-02   1.3835111e-02
   3.7850000e+00   1.3875734e-02   1.4057121e-02   1.3720713e-02
   3.7950000e+00   1.3755591e-02   1.3925740e-02   1.3610579e-02
   3.8050000e+00   1.3641158e-02   1.3801134e-02   1.3505201e-02
   3.8150000e+00   1.3530548e-02   1.3680938e-02   1.3403104e-02
   3.8250000e+00   1.3424706e-02   1.3566344e-02   1.3305001e-02
   3.8350000e+00   1.3321798e-02   1.3455103e-02   1.3209435e-02
   3.8450000e+00   1.3222645e-02   1.3348378e-02   1.3116957e-02
   3.8550000e+00   1.3130055e-02   1.3246720e-02   1.3032331e-02
   3.8650000e+00   1.3042557e-02   1.3150371e-02   1.2952577e-02
   3.8750000e+00   1.2959672e-02   1.3059533e-02   1.2876632e-02
   3.8850000e+00   1.2880210e-02   1.2972745e-02   1.2803541e-02
   3.8950000e+00   1.2804288e-02   1.2890170e-02   1.2733378e-02
   3.9050000e+00   1.2731012e-02   1.2810733e-02   1.2665416e-02
   3.9150000e+00   1.2660503e-02   1.2734645e-02   1.2599711e-02
   3.9250000e+00   1.2592358e-02   1.2661391e-02   1.2535948e-02
   3.9350000e+00   1.2526073e-02   1.2590350e-02   1.2473725e-02
   3.9450000e+00   1.2461843e-02   1.2521810e-02   1.2413167e-02
   3.9550000e+00   1.2399143e-02   1.2455113e-02   1.2353862e-02
   3.9650000e+00   1.2338055e-02   1.2390367e-02   1.2295868e-02
   3.9750000e+00   1.2284719e-02   1.2333234e-02   1.2245736e-02
   3.9850000e+00   1.2237356e-02   1.2282173e-02   1.2201487e-02
   3.9950000e+00   1.2191518e-02   1.2232984e-02   1.2158461e-02
   4.0050000e+00   1.2146917e-02   1.2185301e-02   1.2116434e-02
   4.0150000e+00   1.2103505e-02   1.2139084e-02   1.2075358e-02
   4.0250000e+00   1.2061142e-02   1.2094162e-02   1.2035119e-02
   4.0350000e+00   1.2019693e-02   1.2050366e-02   1.1995611e-02
   4.0450000e+00   1.1979098e-02   1.2007624e-02   1.1956783e-02
   4.0550000e+00   1.1939224e-02   1.1965778e-02   1.1918528e-02
   4.0650000e+00   1.1900038e-02   1.1924788e-02   1.1880818e-02
   4.0750000e+00   1.1861475e-02   1.1884573e-02   1.1843602e-02
   4.0850000e+00   1.1823433e-02   1.1845005e-02   1.1806800e-02
   4.0950000e+00   1.1785899e-02   1.1806073e-02   1.1770400e-02
   4.1050000e+00   1.1753637e-02   1.1772496e-02   1.1739199e-02
   4.1150000e+00   1.1724998e-02   1.1742626e-02   1.1711551e-02
   4.1250000e+00   1.1696746e-02   1.1713243e-02   1.1684207e-02
   4.1350000e+00   1.1668835e-02   1.1684290e-02   1.1657131e-02
   4.1450000e+00   1.1641245e-02   1.1655741e-02   1.1630306e-02
   4.1550000e+00   1.1613948e-02   1.1627559e-02   1.1603712e-02
   4.1650000e+00   1.1586909e-02   1.1599702e-02   1.1577320e-02
   4.1750000e+00   1.1560111e-02   1.1572150e-02   1.1551118e-02
   4.1850000e+00   1.1533539e-02   1.1544881e-02   1.1525094e-02
   4.1950000e+00   1.1507167e-02   1.1517863e-02   1.1499228e-02
   4.2050000e+00   1.1480984e-02   1.1491082e-02   1.1473512e-02
   4.2150000e+00   1.1454975e-02   1.1464520e-02   1.1447932e-02
   4.2250000e+00   1.1429128e-02   1.1438163e-02   1.1422482e-02
   4.2350000e+00   1.1403432e-02   1.1411993e-02   1.1397151e-02
   4.2450000e+00   1.1382580e-02   1.1390446e-02   1.1376837e-02
   4.2550000e+00   1.1365198e-02   1.1372291e-02   1.1360055e-02
   4.2650000e+00   1.1348162e-02   1.1354576e-02   1.1343541e-02
   4.2750000e+00   1.1331426e-02   1.1337244e-02   1.1327262e-02
   4.2850000e+00   1.1314955e-02   1.1320247e-02   1.1311191e-02
   4.2950000e+00   1.1298719e-02   1.1303549e-02   1.1295305e-02
   4.3050000e+00   1.1282693e-02   1.1287115e-02   1.1279585e-02
   4.3150000e+00   1.1266856e-02   1.1270918e-02   1.1264016e-02
   4.3250000e+00   1.1251188e-02   1.1254932e-02   1.1248584e-02
   4.3350000e+00   1.1235673e-02   1.1239137e-02   1.1233276e-02
   4.3450000e+00   1.1220298e-02   1.1223514e-02   1.1218082e-02
   4.3550000e+00   1.1212970e-02   1.1215910e-02   1.1210959e-02
   4.3650000e+00   1.1209204e-02   1.1211881e-02   1.1207386e-02
   4.3750000e+00   1.1205599e-02   1.1208048e-02   1.1203947e-02
   4.3850000e+00   1.1202140e-02   1.1204392e-02   1.1200632e-02
   4.3950000e+00   1.1210038e-02   1.1212117e-02   1.1208659e-02
   4.4050000e+00   1.1220850e-02   1.1222774e-02   1.1219586e-02
   4.4150000e+00   1.1231761e-02   1.1233547e-02   1.1230598e-02
   4.4250000e+00   1.1242763e-02   1.1244428e-02   1.1241691e-02
   4.4350000e+00   1.1253853e-02   1.1255408e-02   1.1252862e-02
   4.4450000e+00   1.1266366e-02   1.1267827e-02   1.1265446e-02
   4.4550000e+00   1.1290993e-02   1.1292394e-02   1.1290121e-02
   4.4650000e+00   1.1315646e-02   1.1316990e-02   1.1314821e-02
   4.4750000e+00   1.1340325e-02   1.1341614e-02   1.1339545e-02
   4.4850000e+00   1.1365030e-02   1.1366265e-02   1.1364294e-02
   4.4950000e+00   1.1389760e-02   1.1390944e-02   1.1389067e-02
   4.5050000e+00   1.1414515e-02   1.1415649e-02   1.1413863e-02
   4.5150000e+00   1.1444088e-02   1.1445235e-02   1.1443434e-02
   4.5250000e+00   1.1473691e-02   1.1474853e-02   1.1473034e-02
   4.5350000e+00   1.1503325e-02   1.1504504e-02   1.1502662e-02
   4.5450000e+00   1.1532989e-02   1.1534187e-02   1.1532320e-02
   4.5550000e+00   1.1561197e-02   1.1562478e-02   1.1560475e-02
   4.5650000e+00   1.1583815e-02   1.1585214e-02   1.1583011e-02
   4.5750000e+00   1.1601217e-02   1.1602760e-02   1.1600312e-02
   4.5850000e+00   1.1605275e-02   1.1607010e-02   1.1604230e-02
   4.5950000e+00   1.1596011e-02   1.1597992e-02   1.1594780e-02
   4.6050000e+00   1.1586919e-02   1.1589185e-02   1.1585472e-02
   4.6150000e+00   1.1578018e-02   1.1580613e-02   1.1576322e-02
   4.6250000e+00   1.1569332e-02   1.1572309e-02   1.1567346e-02
   4.6350000e+00   1.1560892e-02   1.1564313e-02   1.1558567e-02
   4.6450000e+00   1.1552733e-02   1.1556673e-02   1.1550012e-02
   4.6550000e+00   1.1544899e-02   1.1549447e-02   1.1541712e-02
   4.6650000e+00   1.1537446e-02   1.1542707e-02   1.1533709e-02
   4.6750000e+00   1.1530441e-02   1.1536541e-02   1.1526054e-02
   4.6850000e+00   1.1523966e-02   1.1531056e-02   1.1518809e-02
   4.6950000e+00   1.1518127e-02   1.1526388e-02   1.1512055e-02
   4.7050000e+00   1.1513054e-02   1.1522702e-02   1.1505890e-02
   4.7150000e+00   1.1508909e-02   1.1520205e-02   1.1500441e-02
   4.7250000e+00   1.1495630e-02   1.1508284e-02   1.1486077e-02
   4.7350000e+00   1.1476025e-02   1.1489776e-02   1.1465591e-02
   4.7450000e+00   1.1456787e-02   1.1471734e-02   1.1445390e-02
   4.7550000e+00   1.1437957e-02   1.1454208e-02   1.1425506e-02
   4.7650000e+00   1.1419575e-02   1.1437248e-02   1.1405974e-02
   4.7750000e+00   1.1401691e-02   1.1420912e-02   1.1386830e-02
   4.7850000e+00   1.1384353e-02   1.1405264e-02   1.1368114e-02
   4.7950000e+00   1.1367630e-02   1.1390387e-02   1.1349882e-02
   4.8050000e+00   1.1351593e-02   1.1376368e-02   1.1332189e-02
   4.8150000e+00   1.1336307e-02   1.1363283e-02   1.1315091e-02
   4.8250000e+00   1.1321857e-02   1.1351234e-02   1.1298656e-02
   4.8350000e+00   1.1308354e-02   1.1340359e-02   1.1282972e-02
   4.8450000e+00   1.1295910e-02   1.1330799e-02   1.1268130e-02
   4.8550000e+00   1.1284654e-02   1.1322703e-02   1.1254235e-02
   4.8650000e+00   1.1274724e-02   1.1316234e-02   1.1241404e-02
   4.8750000e+00   1.1266279e-02   1.1311580e-02   1.1229769e-02
   4.8850000e+00   1.1259476e-02   1.1308932e-02   1.1219457e-02
   4.8950000e+00   1.1254575e-02   1.1308601e-02   1.1210682e-02
   4.9050000e+00   1.1250314e-02   1.1309054e-02   1.1202409e-02
   4.9150000e+00   1.1233750e-02   1.1294642e-02   1.1184003e-02
   4.9250000e+00   1.1217558e-02   1.1280665e-02   1.1165910e-02
   4.9350000e+00   1.1201774e-02   1.1267183e-02   1.1148150e-02
   4.9450000e+00   1.1186429e-02   1.1254235e-02   1.1130746e-02
   4.9550000e+00   1.1171530e-02   1.1241819e-02   1.1113710e-02
   4.9650000e+00   1.1157097e-02   1.1229952e-02   1.1097065e-02
   4.9750000e+00   1.1143117e-02   1.1218617e-02   1.1080800e-02
   4.9850000e+00   1.1129589e-02   1.1207826e-02   1.1064906e-02
   4.9950000e+00   1.1116655e-02   1.1197748e-02   1.1049500e-02
