   3.0500000e-01   9.6246279e-01   9.6600102e-01   9.5856797e-01
   3.1500000e-01   9.6227707e-01   9.6582858e-01   9.5837220e-01
   3.2500000e-01   9.6209859e-01   9.6567201e-01   9.5816941e-01
   3.3500000e-01   9.6194869e-01   9.6553420e-01   9.5800473e-01
   3.4500000e-01   9.6177447e-01   9.6537993e-01   9.5780925e-01
   3.5500000e-01   9.6159725e-01   9.6521371e-01   9.5762110e-01
   3.6500000e-01   9.6151883e-01   9.6514788e-01   9.5752763e-01
   3.7500000e-01   9.6138794e-01   9.6502432e-01   9.5738981e-01
   3.8500000e-01   9.6126691e-01   9.6491284e-01   9.5725784e-01
   3.9500000e-01   9.6115033e-01   9.6480927e-01   9.5712748e-01
   4.0500000e-01   9.6106907e-01   9.6473763e-01   9.5703577e-01
   4.1500000e-01   9.6096218e-01   9.6464310e-01   9.5691621e-01
   4.2500000e-01   9.6090308e-01   9.6458965e-01   9.5685026e-01
   4.3500000e-01   9.6083934e-01   9.6453296e-01   9.5677806e-01
   4.4500000e-01   9.6075417e-01   9.6445294e-01   9.5668779e-01
   4.5500000e-01   9.6065177e-01   9.6436115e-01   9.5657486e-01
   4.6500000e-01   9.6056079e-01   9.6426964e-01   9.5648434e-01
   4.7500000e-01   9.6047877e-01   9.6419915e-01   9.5638951e-01
   4.8500000e-01   9.6039804e-01   9.6411866e-01   9.5630785e-01
   4.9500000e-01   9.6023498e-01   9.6396592e-01   9.5613378e-01
   5.0500000e-01   9.6005983e-01   9.6379264e-01   9.5595740e-01
   5.1500000e-01   9.5991246e-01   9.6364851e-01   9.5580440e-01
   5.2500000e-01   9.5971575e-01   9.6345652e-01   9.5560109e-01
   5.3500000e-01   9.5943989e-01   9.6318314e-01   9.5532788e-01
   5.4500000e-01   9.5915674e-01   9.6291807e-01   9.5502423e-01
   5.5500000e-01   9.5883697e-01   9.6259790e-01   9.5470582e-01
   5.6500000e-01   9.5856419e-01   9.6233210e-01   9.5442560e-01
   5.7500000e-01   9.5821379e-01   9.6197902e-01   9.5407754e-01
   5.8500000e-01   9.5785159e-01   9.6162786e-01   9.5369908e-01
   5.9500000e-01   9.5749829e-01   9.6127729e-01   9.5334545e-01
   6.0500000e-01   9.5699548e-01   9.6077104e-01   9.5284563e-01
   6.1500000e-01   9.5595680e-01   9.5979218e-01   9.5176634e-01
   6.2500000e-01   9.5550372e-01   9.5931085e-01   9.5131745e-01
   6.3500000e-01   9.5475011e-01   9.5855029e-01   9.5057509e-01
   6.4500000e-01   9.5379385e-01   9.5760116e-01   9.4961996e-01
   6.5500000e-01   9.5264036e-01   9.5645693e-01   9.4844076e-01
   6.6500000e-01   9.5195311e-01   9.5581592e-01   9.4771322e-01
   6.7500000e-01   9.5105704e-01   9.5494759e-01   9.4679985e-01
   6.8500000e-01   9.5033059e-01   9.5414078e-01   9.4612965e-01
   6.9500000e-01   9.4843744e-01   9.5227746e-01   9.4423175e-01
   7.0500000e-01   9.4689687e-01   9.5078034e-01   9.4263881e-01
   7.1500000e-01   9.4481388e-01   9.4878371e-01   9.4046550e-01
   7.2500000e-01   9.4358603e-01   9.4754773e-01   9.3925113e-01
   7.3500000e-01   9.4218686e-01   9.4616794e-01   9.3784274e-01
   7.4500000e-01   9.3932976e-01   9.4336905e-01   9.3493600e-01
   7.5500000e-01   9.3628728e-01   9.4035305e-01   9.3185235e-01
   7.6500000e-01   9.3257746e-01   9.3676530e-01   9.2803042e-01
   7.7500000e-01   9.2828644e-01   9.3257773e-01   9.2363067e-01
   7.8500000e-01   9.2412867e-01   9.2850482e-01   9.1939238e-01
   7.9500000e-01   9.2005584e-01   9.2459722e-01   9.1518169e-01
   8.0500000e-01   9.1727691e-01   9.2185618e-01   9.1236317e-01
   8.1500000e-01   9.1739543e-01   9.2203206e-01   9.1241176e-01
   8.2500000e-01   9.1668764e-01   9.2130391e-01   9.1171515e-01
   8.3500000e-01   9.1562349e-01   9.2013184e-01   9.1076610e-01
   8.4500000e-01   9.1169336e-01   9.1616373e-01   9.0683590e-01
   8.5500000e-01   9.0642203e-01   9.1142193e-01   9.0106076e-01
   8.6500000e-01   8.9856301e-01   9.0385853e-01   8.9291419e-01
   8.7500000e-01   8.8879198e-01   8.9449855e-01   8.8272309e-01
   8.8500000e-01   8.7924272e-01   8.8526344e-01   8.7282711e-01
   8.9500000e-01   8.7314799e-01   8.7933067e-01   8.6659505e-01
   9.0500000e-01   8.6972173e-01   8.7607577e-01   8.6303210e-01
   9.1500000e-01   8.6755670e-01   8.7409978e-01   8.6062663e-01
   9.2500000e-01   8.6365270e-01   8.7035572e-01   8.5658584e-01
   9.3500000e-01   8.5942462e-01   8.6624750e-01   8.5222487e-01
   9.4500000e-01   8.5427370e-01   8.6131126e-01   8.4687223e-01
   9.5500000e-01   8.4443064e-01   8.5192725e-01   8.3651254e-01
   9.6500000e-01   8.2929336e-01   8.3747144e-01   8.2072582e-01
   9.7500000e-01   8.1417695e-01   8.2293547e-01   8.0499874e-01
   9.8500000e-01   7.9967448e-01   8.0892141e-01   7.8994686e-01
   9.9500000e-01   7.8288070e-01   7.9279812e-01   7.7254292e-01
   1.0050000e+00   7.6479764e-01   7.7549707e-01   7.5356829e-01
   1.0150000e+00   7.4863329e-01   7.6004252e-01   7.3676361e-01
   1.0250000e+00   7.4169092e-01   7.5323456e-01   7.2962758e-01
   1.0350000e+00   7.4124462e-01   7.5294493e-01   7.2903195e-01
   1.0450000e+00   7.4545168e-01   7.5691751e-01   7.3352469e-01
   1.0550000e+00   7.5577438e-01   7.6679567e-01   7.4427146e-01
   1.0650000e+00   7.6635178e-01   7.7698747e-01   7.5520152e-01
   1.0750000e+00   7.7258161e-01   7.8300986e-01   7.6172363e-01
   1.0850000e+00   7.7661692e-01   7.8697950e-01   7.6578539e-01
   1.0950000e+00   7.7835055e-01   7.8863219e-01   7.6760129e-01
   1.1050000e+00   7.7836198e-01   7.8865670e-01   7.6757977e-01
   1.1150000e+00   7.7551898e-01   7.8588622e-01   7.6471452e-01
   1.1250000e+00   7.6934430e-01   7.7990536e-01   7.5828955e-01
   1.1350000e+00   7.5913671e-01   7.7011534e-01   7.4769156e-01
   1.1450000e+00   7.5428672e-01   7.6540963e-01   7.4265656e-01
   1.1550000e+00   7.3730701e-01   7.4904142e-01   7.2508377e-01
   1.1650000e+00   7.0990043e-01   7.2279749e-01   6.9650541e-01
   1.1750000e+00   6.8213164e-01   6.9575975e-01   6.6798966e-01
   1.1850000e+00   6.5716356e-01   6.7162892e-01   6.4218139e-01
   1.1950000e+00   6.3433507e-01   6.4942210e-01   6.1877996e-01
   1.2050000e+00   6.0580651e-01   6.2177018e-01   5.8936694e-01
   1.2150000e+00   5.7511836e-01   5.9171030e-01   5.5810006e-01
   1.2250000e+00   5.5630382e-01   5.7341803e-01   5.3878877e-01
   1.2350000e+00   5.4342435e-01   5.6070692e-01   5.2574054e-01
   1.2450000e+00   5.3391901e-01   5.5140504e-01   5.1604645e-01
   1.2550000e+00   5.2904155e-01   5.4665624e-01   5.1104859e-01
   1.2650000e+00   5.2649357e-01   5.4412982e-01   5.0848125e-01
   1.2750000e+00   5.2681331e-01   5.4442279e-01   5.0883995e-01
   1.2850000e+00   5.3017262e-01   5.4773069e-01   5.1223017e-01
   1.2950000e+00   5.3184271e-01   5.4937995e-01   5.1393364e-01
   1.3050000e+00   5.3344271e-01   5.5094070e-01   5.1556828e-01
   1.3150000e+00   5.3467645e-01   5.5217648e-01   5.1679950e-01
   1.3250000e+00   5.3525586e-01   5.5273383e-01   5.1740068e-01
   1.3350000e+00   5.3510544e-01   5.5257772e-01   5.1724929e-01
   1.3450000e+00   5.3255159e-01   5.5010491e-01   5.1462826e-01
   1.3550000e+00   5.2878175e-01   5.4638941e-01   5.1079297e-01
   1.3650000e+00   5.2499563e-01   5.4265836e-01   5.0695669e-01
   1.3750000e+00   5.1685999e-01   5.3465250e-01   4.9873333e-01
   1.3850000e+00   5.0478680e-01   5.2279877e-01   4.8642758e-01
   1.3950000e+00   4.8668398e-01   5.0491068e-01   4.6815743e-01
   1.4050000e+00   4.2329027e-01   4.4206923e-01   4.0435985e-01
   1.4150000e+00   3.2911481e-01   3.4781025e-01   3.1054565e-01
   1.4250000e+00   2.4053099e-01   2.5770289e-01   2.2374920e-01
   1.4350000e+00   1.7603081e-01   1.9103455e-01   1.6161976e-01
   1.4450000e+00   1.3339711e-01   1.4626838e-01   1.2121479e-01
   1.4550000e+00   9.8707519e-02   1.0928252e-01   8.8857648e-02
   1.4650000e+00   7.3805643e-02   8.2334269e-02   6.5979686e-02
   1.4750000e+00   5.7612654e-02   6.4572949e-02   5.1307171e-02
   1.4850000e+00   4.8814728e-02   5.4811240e-02   4.3430636e-02
   1.4950000e+00   4.5659560e-02   5.1288261e-02   4.0623876e-02
   1.5050000e+00   4.7350016e-02   5.3175669e-02   4.2127063e-02
   1.5150000e+00   4.9758598e-02   5.5865031e-02   4.4270077e-02
   1.5250000e+00   5.2235475e-02   5.8620104e-02   4.6481102e-02
   1.5350000e+00   5.5745275e-02   6.2511431e-02   4.9627182e-02
   1.5450000e+00   6.0089930e-02   6.7315219e-02   5.3530512e-02
   1.5550000e+00   6.5013643e-02   7.2730247e-02   5.7979575e-02
   1.5650000e+00   7.0722487e-02   7.8978433e-02   6.3163242e-02
   1.5750000e+00   7.7704717e-02   8.6599121e-02   6.9521780e-02
   1.5850000e+00   8.5847321e-02   9.5434545e-02   7.6981153e-02
   1.5950000e+00   9.1990606e-02   1.0206506e-01   8.2637975e-02
   1.6050000e+00   9.7941517e-02   1.0848109e-01   8.8127842e-02
   1.6150000e+00   1.0383000e-01   1.1480043e-01   9.3584764e-02
   1.6250000e+00   1.0745500e-01   1.1868569e-01   9.6947807e-02
   1.6350000e+00   1.1118119e-01   1.2268000e-01   1.0041042e-01
   1.6450000e+00   1.1525910e-01   1.2703190e-01   1.0420503e-01
   1.6550000e+00   1.1999525e-01   1.3208763e-01   1.0862023e-01
   1.6650000e+00   1.2554154e-01   1.3795134e-01   1.1383514e-01
   1.6750000e+00   1.3168174e-01   1.4448889e-01   1.1957654e-01
   1.6850000e+00   1.3767285e-01   1.5082062e-01   1.2521623e-01
   1.6950000e+00   1.4338292e-01   1.5682139e-01   1.3061662e-01
   1.7050000e+00   1.4924844e-01   1.6304731e-01   1.3612585e-01
   1.7150000e+00   1.5509562e-01   1.6916881e-01   1.4167504e-01
   1.7250000e+00   1.6117053e-01   1.7554459e-01   1.4744272e-01
   1.7350000e+00   1.6650095e-01   1.8113783e-01   1.5249121e-01
   1.7450000e+00   1.7055791e-01   1.8535029e-01   1.5638398e-01
   1.7550000e+00   1.7501096e-01   1.9004143e-01   1.6058728e-01
   1.7650000e+00   1.7878659e-01   1.9396200e-01   1.6420543e-01
   1.7750000e+00   1.8193097e-01   1.9723717e-01   1.6721261e-01
   1.7850000e+00   1.8504372e-01   2.0044668e-01   1.7021969e-01
   1.7950000e+00   1.8858455e-01   2.0418318e-01   1.7355710e-01
   1.8050000e+00   1.9231373e-01   2.0803843e-01   1.7715380e-01
   1.8150000e+00   1.9676952e-01   2.1268354e-01   1.8140442e-01
   1.8250000e+00   2.0128278e-01   2.1734890e-01   1.8575759e-01
   1.8350000e+00   2.0347419e-01   2.1959976e-01   1.8787567e-01
   1.8450000e+00   2.0204349e-01   2.1813376e-01   1.8648870e-01
   1.8550000e+00   1.9708534e-01   2.1296515e-01   1.8175031e-01
   1.8650000e+00   1.8298102e-01   1.9839851e-01   1.6815992e-01
   1.8750000e+00   1.5740974e-01   1.7162884e-01   1.4384132e-01
   1.8850000e+00   1.3107127e-01   1.4385718e-01   1.1899199e-01
   1.8950000e+00   1.0273732e-01   1.1368740e-01   9.2523743e-02
   1.9050000e+00   7.8130968e-02   8.7100113e-02   6.9879229e-02
   1.9150000e+00   5.5113165e-02   6.1868700e-02   4.9005537e-02
   1.9250000e+00   4.1558770e-02   4.6773144e-02   3.6914918e-02
   1.9350000e+00   3.1906950e-02   3.5862902e-02   2.8438386e-02
   1.9450000e+00   2.6285320e-02   2.9419350e-02   2.3573465e-02
   1.9550000e+00   2.2954747e-02   2.5557783e-02   2.0727303e-02
   1.9650000e+00   2.0962485e-02   2.3226028e-02   1.9041940e-02
   1.9750000e+00   1.9942803e-02   2.2026399e-02   1.8184059e-02
   1.9850000e+00   1.9451556e-02   2.1447794e-02   1.7771133e-02
   1.9950000e+00   1.9383249e-02   2.1370177e-02   1.7711172e-02
   2.0050000e+00   1.9567666e-02   2.1591887e-02   1.7862062e-02
   2.0150000e+00   2.0030458e-02   2.2143060e-02   1.8245487e-02
   2.0250000e+00   2.0613277e-02   2.2834330e-02   1.8730816e-02
   2.0350000e+00   2.1336352e-02   2.3687067e-02   1.9336923e-02
   2.0450000e+00   2.2366429e-02   2.4898243e-02   2.0203354e-02
   2.0550000e+00   2.3929984e-02   2.6722688e-02   2.1529612e-02
   2.0650000e+00   2.5941476e-02   2.9055894e-02   2.3247330e-02
   2.0750000e+00   2.8851375e-02   3.2406963e-02   2.5752158e-02
   2.0850000e+00   3.2578444e-02   3.6667225e-02   2.8986192e-02
   2.0950000e+00   3.7547134e-02   4.2294658e-02   3.3340650e-02
   2.1050000e+00   4.4231757e-02   4.9807334e-02   3.9247899e-02
   2.1150000e+00   5.1141884e-02   5.7511513e-02   4.5405294e-02
   2.1250000e+00   6.0293002e-02   6.7627234e-02   5.3631782e-02
   2.1350000e+00   7.0395427e-02   7.8721655e-02   6.2778495e-02
   2.1450000e+00   8.0729162e-02   8.9963478e-02   7.2220576e-02
   2.1550000e+00   9.1436366e-02   1.0155306e-01   8.2057239e-02
   2.1650000e+00   1.0171729e-01   1.1261242e-01   9.1562266e-02
   2.1750000e+00   1.1206052e-01   1.2370564e-01   1.0115364e-01
   2.1850000e+00   1.2149238e-01   1.3372294e-01   1.0998603e-01
   2.1950000e+00   1.3037236e-01   1.4317303e-01   1.1829536e-01
   2.2050000e+00   1.3781833e-01   1.5106424e-01   1.2528597e-01
   2.2150000e+00   1.4619666e-01   1.5987818e-01   1.3319520e-01
   2.2250000e+00   1.5332584e-01   1.6739272e-01   1.3992689e-01
   2.2350000e+00   1.5924652e-01   1.7360554e-01   1.4555346e-01
   2.2450000e+00   1.6310680e-01   1.7767154e-01   1.4920191e-01
   2.2550000e+00   1.6132113e-01   1.7579479e-01   1.4751510e-01
   2.2650000e+00   1.5767635e-01   1.7197901e-01   1.4403639e-01
   2.2750000e+00   1.4991181e-01   1.6379891e-01   1.3671034e-01
   2.2850000e+00   1.4084724e-01   1.5423835e-01   1.2814412e-01
   2.2950000e+00   1.3010148e-01   1.4286757e-01   1.1804076e-01
   2.3050000e+00   1.1861118e-01   1.3068707e-01   1.0727047e-01
   2.3150000e+00   1.0793726e-01   1.1924441e-01   9.7361227e-02
   2.3250000e+00   9.8372170e-02   1.0906853e-01   8.8421525e-02
   2.3350000e+00   8.9957075e-02   1.0000645e-01   8.0655480e-02
   2.3450000e+00   8.2740072e-02   9.2188119e-02   7.4025704e-02
   2.3550000e+00   7.6869534e-02   8.5819518e-02   6.8651742e-02
   2.3650000e+00   7.2487774e-02   8.1068534e-02   6.4625780e-02
   2.3750000e+00   6.8861115e-02   7.7081742e-02   6.1343604e-02
   2.3850000e+00   6.6230919e-02   7.4208126e-02   5.8951303e-02
   2.3950000e+00   6.3963506e-02   7.1727287e-02   5.6890016e-02
   2.4050000e+00   6.1986208e-02   6.9572140e-02   5.5084767e-02
   2.4150000e+00   6.0193776e-02   6.7581580e-02   5.3480935e-02
   2.4250000e+00   5.8653302e-02   6.5900248e-02   5.2077589e-02
   2.4350000e+00   5.6979354e-02   6.4061635e-02   5.0559753e-02
   2.4450000e+00   5.5203026e-02   6.2094126e-02   4.8964798e-02
   2.4550000e+00   5.3608446e-02   6.0363562e-02   4.7502716e-02
   2.4650000e+00   5.1959925e-02   5.8532718e-02   4.6029397e-02
   2.4750000e+00   5.0493384e-02   5.6909785e-02   4.4711722e-02
   2.4850000e+00   4.9099968e-02   5.5367227e-02   4.3459499e-02
   2.4950000e+00   4.7731485e-02   5.3852578e-02   4.2227831e-02
   2.5050000e+00   4.6789597e-02   5.2807635e-02   4.1383363e-02
   2.5150000e+00   4.6190364e-02   5.2158916e-02   4.0834090e-02
   2.5250000e+00   4.5826535e-02   5.1755074e-02   4.0505377e-02
   2.5350000e+00   4.5796886e-02   5.1739039e-02   4.0466914e-02
   2.5450000e+00   4.5662174e-02   5.1574897e-02   4.0355020e-02
   2.5550000e+00   4.5917746e-02   5.1847867e-02   4.0585983e-02
   2.5650000e+00   4.6523050e-02   5.2532187e-02   4.1118375e-02
   2.5750000e+00   4.6574495e-02   5.2606603e-02   4.1156830e-02
   2.5850000e+00   4.6484925e-02   5.2520321e-02   4.1059113e-02
   2.5950000e+00   4.5615439e-02   5.1532606e-02   4.0293129e-02
   2.6050000e+00   4.4102562e-02   4.9866434e-02   3.8928768e-02
   2.6150000e+00   4.2156111e-02   4.7716879e-02   3.7180222e-02
   2.6250000e+00   3.8301357e-02   4.3413928e-02   3.3741557e-02
   2.6350000e+00   3.3337612e-02   3.7855009e-02   2.9330993e-02
   2.6450000e+00   2.9347956e-02   3.3368410e-02   2.5801683e-02
   2.6550000e+00   2.6065508e-02   2.9658010e-02   2.2912817e-02
   2.6650000e+00   2.3362239e-02   2.6596182e-02   2.0537499e-02
   2.6750000e+00   2.1067077e-02   2.3985721e-02   1.8528995e-02
   2.6850000e+00   1.5134566e-02   1.7155632e-02   1.3405180e-02
   2.6950000e+00   1.1752730e-02   1.3222436e-02   1.0514815e-02
   2.7050000e+00   9.6204549e-03   1.0724482e-02   8.7044161e-03
   2.7150000e+00   8.1721451e-03   9.0209606e-03   7.4777763e-03
   2.7250000e+00   7.1273012e-03   7.7928334e-03   6.5901930e-03
   2.7350000e+00   5.2802558e-03   5.5532737e-03   5.0718512e-03
   2.7450000e+00   4.5081040e-03   4.6400123e-03   4.4113342e-03
   2.7550000e+00   4.0161776e-03   4.0890759e-03   3.9637235e-03
   2.7650000e+00   3.6214983e-03   3.6671445e-03   3.5885930e-03
   2.7750000e+00   3.2705629e-03   3.3026488e-03   3.2470011e-03
   2.7850000e+00   2.8711524e-03   2.8910177e-03   2.8556733e-03
   2.7950000e+00   2.4908078e-03   2.5062886e-03   2.4780618e-03
   2.8050000e+00   2.1568646e-03   2.1713607e-03   2.1446957e-03
   2.8150000e+00   1.8727759e-03   1.8874054e-03   1.8604459e-03
   2.8250000e+00   1.6683947e-03   1.6829250e-03   1.6559733e-03
   2.8350000e+00   1.6029839e-03   1.6168808e-03   1.5908831e-03
   2.8450000e+00   1.7705959e-03   1.7838778e-03   1.7588535e-03
   2.8550000e+00   2.2746733e-03   2.2880482e-03   2.2627553e-03
   2.8650000e+00   3.1640899e-03   3.1781230e-03   3.1515613e-03
   2.8750000e+00   4.7658300e-03   4.7805593e-03   4.7527116e-03
   2.8850000e+00   6.8605720e-03   6.8753954e-03   6.8474357e-03
   2.8950000e+00   9.5597553e-03   9.5736349e-03   9.5475565e-03
   2.9050000e+00   1.2350160e-02   1.2362160e-02   1.2339740e-02
   2.9150000e+00   1.5231526e-02   1.5240969e-02   1.5223494e-02
   2.9250000e+00   1.7530542e-02   1.7537159e-02   1.7525122e-02
   2.9350000e+00   1.9780318e-02   1.9784027e-02   1.9777584e-02
   2.9450000e+00   2.1264338e-02   2.1265744e-02   2.1263726e-02
   2.9550000e+00   2.2878553e-02   2.2877558e-02   2.2880153e-02
   2.9650000e+00   2.4594691e-02   2.4591208e-02   2.4598587e-02
   2.9750000e+00   2.6573030e-02   2.6566711e-02   2.6579539e-02
   2.9850000e+00   2.8662554e-02   2.8653203e-02   2.8671853e-02
   2.9950000e+00   3.1238877e-02   3.1225643e-02   3.1251750e-02
   3.0050000e+00   3.3906094e-02   3.3888698e-02   3.3922797e-02
   3.0150000e+00   3.6720971e-02   3.6698839e-02   3.6742027e-02
   3.0250000e+00   3.9588019e-02   3.9560787e-02   3.9613765e-02
   3.0350000e+00   4.2522638e-02   4.2489825e-02   4.2553515e-02
   3.0450000e+00   4.5429482e-02   4.5390618e-02   4.5465924e-02
   3.0550000e+00   4.8425470e-02   4.8379959e-02   4.8468031e-02
   3.0650000e+00   4.9728042e-02   4.9678111e-02   4.9774685e-02
   3.0750000e+00   5.0696281e-02   5.0642487e-02   5.0746504e-02
   3.0850000e+00   5.0235060e-02   5.0180109e-02   5.0286378e-02
   3.0950000e+00   4.9833722e-02   4.9777805e-02   4.9885961e-02
   3.1050000e+00   4.8610510e-02   4.8555575e-02   4.8661869e-02
   3.1150000e+00   4.7626080e-02   4.7571914e-02   4.7676755e-02
   3.1250000e+00   4.6901022e-02   4.6847488e-02   4.6951133e-02
   3.1350000e+00   4.6384084e-02   4.6330902e-02   4.6433890e-02
   3.1450000e+00   4.5782844e-02   4.5730272e-02   4.5832105e-02
   3.1550000e+00   4.5375743e-02   4.5323508e-02   4.5424708e-02
   3.1650000e+00   4.4472075e-02   4.4421187e-02   4.4519812e-02
   3.1750000e+00   4.3773567e-02   4.3723721e-02   4.3820356e-02
   3.1850000e+00   4.2494179e-02   4.2446530e-02   4.2538946e-02
   3.1950000e+00   4.1393317e-02   4.1347582e-02   4.1436325e-02
   3.2050000e+00   3.9999896e-02   3.9956642e-02   4.0040614e-02
   3.2150000e+00   3.8715953e-02   3.8674996e-02   3.8754551e-02
   3.2250000e+00   3.7580699e-02   3.7541757e-02   3.7617435e-02
   3.2350000e+00   3.6494397e-02   3.6457388e-02   3.6529349e-02
   3.2450000e+00   3.5612855e-02   3.5577404e-02   3.5646368e-02
   3.2550000e+00   3.4780832e-02   3.4746854e-02   3.4812985e-02
   3.2650000e+00   3.3846073e-02   3.3813753e-02   3.3876693e-02
   3.2750000e+00   3.2910333e-02   3.2879676e-02   3.2939417e-02
   3.2850000e+00   3.2098072e-02   3.2068840e-02   3.2125838e-02
   3.2950000e+00   3.1358968e-02   3.1331019e-02   3.1385548e-02
   3.3050000e+00   3.0693789e-02   3.0666997e-02   3.0719300e-02
   3.3150000e+00   3.0103559e-02   3.0077797e-02   3.0128119e-02
   3.3250000e+00   2.9528616e-02   2.9503857e-02   2.9552248e-02
   3.3350000e+00   2.8973688e-02   2.8949895e-02   2.8996429e-02
   3.3450000e+00   2.8426271e-02   2.8403432e-02   2.8448130e-02
   3.3550000e+00   2.7899895e-02   2.7877971e-02   2.7920909e-02
   3.3650000e+00   2.7379385e-02   2.7358368e-02   2.7399561e-02
   3.3750000e+00   2.6892322e-02   2.6872150e-02   2.6911719e-02
   3.3850000e+00   2.6415793e-02   2.6396451e-02   2.6434426e-02
   3.3950000e+00   2.5972287e-02   2.5953723e-02   2.5990208e-02
   3.4050000e+00   2.5560803e-02   2.5542972e-02   2.5578059e-02
   3.4150000e+00   2.5160713e-02   2.5143621e-02   2.5177310e-02
   3.4250000e+00   2.4799164e-02   2.4782782e-02   2.4815146e-02
   3.4350000e+00   2.4439392e-02   2.4423806e-02   2.4454716e-02
   3.4450000e+00   2.4108697e-02   2.4093965e-02   2.4123354e-02
   3.4550000e+00   2.3782584e-02   2.3768937e-02   2.3796453e-02
   3.4650000e+00   2.3473941e-02   2.3461686e-02   2.3486860e-02
   3.4750000e+00   2.3182696e-02   2.3172285e-02   2.3194417e-02
   3.4850000e+00   2.2895906e-02   2.2888245e-02   2.2905894e-02
   3.4950000e+00   2.2631763e-02   2.2627438e-02   2.2639653e-02
   3.5050000e+00   2.2370689e-02   2.2371313e-02   2.2375471e-02
   3.5150000e+00   2.2130276e-02   2.2137334e-02   2.2130977e-02
   3.5250000e+00   2.1905475e-02   2.1920902e-02   2.1900790e-02
   3.5350000e+00   2.1689298e-02   2.1716430e-02   2.1676956e-02
   3.5450000e+00   2.1495325e-02   2.1535170e-02   2.1474501e-02
   3.5550000e+00   2.1310369e-02   2.1367193e-02   2.1278023e-02
   3.5650000e+00   2.1148339e-02   2.1222548e-02   2.1103991e-02
   3.5750000e+00   2.1001669e-02   2.1093322e-02   2.0945090e-02
   3.5850000e+00   2.0864018e-02   2.0976847e-02   2.0792407e-02
   3.5950000e+00   2.0738143e-02   2.0876803e-02   2.0647928e-02
   3.6050000e+00   2.0627085e-02   2.0797146e-02   2.0513935e-02
   3.6150000e+00   2.0535778e-02   2.0744445e-02   2.0394032e-02
   3.6250000e+00   2.0465991e-02   2.0718314e-02   2.0291392e-02
   3.6350000e+00   2.0376225e-02   2.0645156e-02   2.0188975e-02
   3.6450000e+00   2.0290402e-02   2.0577270e-02   2.0089431e-02
   3.6550000e+00   2.0207498e-02   2.0512841e-02   1.9992258e-02
   3.6650000e+00   2.0129247e-02   2.0454810e-02   1.9898433e-02
   3.6750000e+00   2.0054903e-02   2.0401438e-02   1.9807735e-02
   3.6850000e+00   1.9985641e-02   2.0354823e-02   1.9720790e-02
   3.6950000e+00   1.9920871e-02   2.0313829e-02   1.9637381e-02
   3.7050000e+00   1.9862212e-02   2.0280558e-02   1.9558648e-02
   3.7150000e+00   1.9809086e-02   2.0254241e-02   1.9484242e-02
   3.7250000e+00   1.9762883e-02   2.0236942e-02   1.9415076e-02
   3.7350000e+00   1.9692303e-02   2.0183829e-02   1.9330401e-02
   3.7450000e+00   1.9555714e-02   2.0037241e-02   1.9201680e-02
   3.7550000e+00   1.9419456e-02   1.9891068e-02   1.9073250e-02
   3.7650000e+00   1.9284394e-02   1.9746139e-02   1.8945850e-02
   3.7750000e+00   1.9150435e-02   1.9602776e-02   1.8819243e-02
   3.7850000e+00   1.8985417e-02   1.9410247e-02   1.8675970e-02
   3.7950000e+00   1.8826730e-02   1.9225420e-02   1.8537712e-02
   3.8050000e+00   1.8675365e-02   1.9050384e-02   1.8404822e-02
   3.8150000e+00   1.8528931e-02   1.8881638e-02   1.8275735e-02
   3.8250000e+00   1.8388630e-02   1.8720948e-02   1.8151171e-02
   3.8350000e+00   1.8252124e-02   1.8565023e-02   1.8029562e-02
   3.8450000e+00   1.8120414e-02   1.8415661e-02   1.7911400e-02
   3.8550000e+00   1.7998090e-02   1.8272168e-02   1.7805223e-02
   3.8650000e+00   1.7882565e-02   1.8135967e-02   1.7705364e-02
   3.8750000e+00   1.7772960e-02   1.8007774e-02   1.7609779e-02
   3.8850000e+00   1.7667756e-02   1.7885441e-02   1.7517421e-02
   3.8950000e+00   1.7567097e-02   1.7769214e-02   1.7428346e-02
   3.9050000e+00   1.7469839e-02   1.7657536e-02   1.7341757e-02
   3.9150000e+00   1.7376118e-02   1.7550752e-02   1.7257667e-02
   3.9250000e+00   1.7285427e-02   1.7448090e-02   1.7175740e-02
   3.9350000e+00   1.7197120e-02   1.7348637e-02   1.7095542e-02
   3.9450000e+00   1.7111437e-02   1.7252846e-02   1.7017177e-02
   3.9550000e+00   1.7027710e-02   1.7159743e-02   1.6940203e-02
   3.9650000e+00   1.6946042e-02   1.7069487e-02   1.6864675e-02
   3.9750000e+00   1.6874932e-02   1.6989462e-02   1.6799921e-02
   3.9850000e+00   1.6811890e-02   1.6917731e-02   1.6743045e-02
   3.9950000e+00   1.6750793e-02   1.6848753e-02   1.6687505e-02
   4.0050000e+00   1.6691275e-02   1.6781988e-02   1.6633063e-02
   4.0150000e+00   1.6633270e-02   1.6717382e-02   1.6579656e-02
   4.0250000e+00   1.6576601e-02   1.6654690e-02   1.6527157e-02
   4.0350000e+00   1.6521096e-02   1.6593656e-02   1.6475454e-02
   4.0450000e+00   1.6466675e-02   1.6534178e-02   1.6424489e-02
   4.0550000e+00   1.6413170e-02   1.6476027e-02   1.6374144e-02
   4.0650000e+00   1.6360538e-02   1.6419142e-02   1.6324387e-02
   4.0750000e+00   1.6308696e-02   1.6363403e-02   1.6275163e-02
   4.0850000e+00   1.6257516e-02   1.6308622e-02   1.6226387e-02
   4.0950000e+00   1.6206979e-02   1.6254784e-02   1.6178044e-02
   4.1050000e+00   1.6163573e-02   1.6208273e-02   1.6136691e-02
   4.1150000e+00   1.6125059e-02   1.6166851e-02   1.6100090e-02
   4.1250000e+00   1.6087035e-02   1.6126153e-02   1.6063816e-02
   4.1350000e+00   1.6049444e-02   1.6086097e-02   1.6027828e-02
   4.1450000e+00   1.6012258e-02   1.6046642e-02   1.5992110e-02
   4.1550000e+00   1.5975442e-02   1.6007734e-02   1.5956640e-02
   4.1650000e+00   1.5938953e-02   1.5969309e-02   1.5921388e-02
   4.1750000e+00   1.5902769e-02   1.5931338e-02   1.5886339e-02
   4.1850000e+00   1.5866869e-02   1.5893788e-02   1.5851482e-02
   4.1950000e+00   1.5831224e-02   1.5856612e-02   1.5816796e-02
   4.2050000e+00   1.5795817e-02   1.5819787e-02   1.5782272e-02
   4.2150000e+00   1.5760629e-02   1.5783288e-02   1.5747896e-02
   4.2250000e+00   1.5725646e-02   1.5747094e-02   1.5713660e-02
   4.2350000e+00   1.5690855e-02   1.5711179e-02   1.5679554e-02
   4.2450000e+00   1.5662720e-02   1.5681394e-02   1.5652437e-02
   4.2550000e+00   1.5639330e-02   1.5656168e-02   1.5630178e-02
   4.2650000e+00   1.5616378e-02   1.5631603e-02   1.5608208e-02
   4.2750000e+00   1.5593806e-02   1.5607613e-02   1.5586492e-02
   4.2850000e+00   1.5571570e-02   1.5584127e-02   1.5565003e-02
   4.2950000e+00   1.5549633e-02   1.5561087e-02   1.5543717e-02
   4.3050000e+00   1.5527962e-02   1.5538445e-02   1.5522614e-02
   4.3150000e+00   1.5506531e-02   1.5516157e-02   1.5501678e-02
   4.3250000e+00   1.5485316e-02   1.5494185e-02   1.5480896e-02
   4.3350000e+00   1.5464297e-02   1.5472496e-02   1.5460255e-02
   4.3450000e+00   1.5443457e-02   1.5451064e-02   1.5439745e-02
   4.3550000e+00   1.5433573e-02   1.5440520e-02   1.5430235e-02
   4.3650000e+00   1.5428530e-02   1.5434850e-02   1.5425548e-02
   4.3750000e+00   1.5423695e-02   1.5429470e-02   1.5421017e-02
   4.3850000e+00   1.5419048e-02   1.5424352e-02   1.5416631e-02
   4.3950000e+00   1.5429847e-02   1.5434735e-02   1.5427668e-02
   4.4050000e+00   1.5444602e-02   1.5449121e-02   1.5442637e-02
   4.4150000e+00   1.5459486e-02   1.5463676e-02   1.5457709e-02
   4.4250000e+00   1.5474489e-02   1.5478387e-02   1.5472882e-02
   4.4350000e+00   1.5489608e-02   1.5493243e-02   1.5488150e-02
   4.4450000e+00   1.5506657e-02   1.5510066e-02   1.5505330e-02
   4.4550000e+00   1.5540173e-02   1.5543441e-02   1.5538943e-02
   4.4650000e+00   1.5573722e-02   1.5576854e-02   1.5572586e-02
   4.4750000e+00   1.5607304e-02   1.5610304e-02   1.5606259e-02
   4.4850000e+00   1.5640919e-02   1.5643792e-02   1.5639963e-02
   4.4950000e+00   1.5674566e-02   1.5677316e-02   1.5673696e-02
   4.5050000e+00   1.5708245e-02   1.5710875e-02   1.5707459e-02
   4.5150000e+00   1.5748455e-02   1.5751117e-02   1.5747676e-02
   4.5250000e+00   1.5788702e-02   1.5791401e-02   1.5787928e-02
   4.5350000e+00   1.5828988e-02   1.5831728e-02   1.5828216e-02
   4.5450000e+00   1.5869312e-02   1.5872099e-02   1.5868540e-02
   4.5550000e+00   1.5907634e-02   1.5910620e-02   1.5906776e-02
   4.5650000e+00   1.5938343e-02   1.5941613e-02   1.5937344e-02
   4.5750000e+00   1.5961953e-02   1.5965567e-02   1.5960774e-02
   4.5850000e+00   1.5967407e-02   1.5971477e-02   1.5965970e-02
   4.5950000e+00   1.5954733e-02   1.5959391e-02   1.5952948e-02
   4.6050000e+00   1.5942280e-02   1.5947616e-02   1.5940092e-02
   4.6150000e+00   1.5930073e-02   1.5936192e-02   1.5927419e-02
   4.6250000e+00   1.5918141e-02   1.5925169e-02   1.5914944e-02
   4.6350000e+00   1.5906521e-02   1.5914608e-02   1.5902690e-02
   4.6450000e+00   1.5895260e-02   1.5904582e-02   1.5890684e-02
   4.6550000e+00   1.5884412e-02   1.5895179e-02   1.5878958e-02
   4.6650000e+00   1.5874047e-02   1.5886509e-02   1.5867556e-02
   4.6750000e+00   1.5864248e-02   1.5878704e-02   1.5856529e-02
   4.6850000e+00   1.5855121e-02   1.5871928e-02   1.5845942e-02
   4.6950000e+00   1.5846799e-02   1.5866383e-02   1.5835878e-02
   4.7050000e+00   1.5839445e-02   1.5862320e-02   1.5826441e-02
   4.7150000e+00   1.5833264e-02   1.5860045e-02   1.5817764e-02
   4.7250000e+00   1.5814758e-02   1.5844757e-02   1.5797171e-02
   4.7350000e+00   1.5787736e-02   1.5820333e-02   1.5768444e-02
   4.7450000e+00   1.5761178e-02   1.5796606e-02   1.5740021e-02
   4.7550000e+00   1.5735137e-02   1.5773652e-02   1.5711936e-02
   4.7650000e+00   1.5709665e-02   1.5751543e-02   1.5684227e-02
   4.7750000e+00   1.5684824e-02   1.5730366e-02   1.5656935e-02
   4.7850000e+00   1.5660677e-02   1.5710215e-02   1.5630102e-02
   4.7950000e+00   1.5637312e-02   1.5691216e-02   1.5603787e-02
   4.8050000e+00   1.5614820e-02   1.5673494e-02   1.5578055e-02
   4.8150000e+00   1.5593286e-02   1.5657159e-02   1.5552965e-02
   4.8250000e+00   1.5572819e-02   1.5642363e-02   1.5528596e-02
   4.8350000e+00   1.5553560e-02   1.5629311e-02   1.5505041e-02
   4.8450000e+00   1.5535654e-02   1.5618210e-02   1.5482400e-02
   4.8550000e+00   1.5519267e-02   1.5609280e-02   1.5460794e-02
   4.8650000e+00   1.5504578e-02   1.5602754e-02   1.5440354e-02
   4.8750000e+00   1.5491793e-02   1.5598906e-02   1.5421229e-02
   4.8850000e+00   1.5481114e-02   1.5598020e-02   1.5403562e-02
   4.8950000e+00   1.5472876e-02   1.5600552e-02   1.5387593e-02
   4.9050000e+00   1.5465456e-02   1.5604234e-02   1.5372148e-02
   4.9150000e+00   1.5442178e-02   1.5586026e-02   1.5345169e-02
   4.9250000e+00   1.5419382e-02   1.5568447e-02   1.5318548e-02
   4.9350000e+00   1.5397110e-02   1.5551597e-02   1.5292296e-02
   4.9450000e+00   1.5375401e-02   1.5535536e-02   1.5266442e-02
   4.9550000e+00   1.5354267e-02   1.5520251e-02   1.5241002e-02
   4.9650000e+00   1.5333739e-02   1.5505762e-02   1.5216008e-02
   4.9750000e+00   1.5313797e-02   1.5492047e-02   1.5191446e-02
   4.9850000e+00   1.5294437e-02   1.5479130e-02   1.5167304e-02
   4.9950000e+00   1.5275842e-02   1.5467259e-02   1.5143710e-02
