   3.0500000e-01   9.6249553e-01   9.6516846e-01   9.5953200e-01
   3.1500000e-01   9.6235046e-01   9.6503216e-01   9.5937448e-01
   3.2500000e-01   9.6214668e-01   9.6484278e-01   9.5915602e-01
   3.3500000e-01   9.6198170e-01   9.6469183e-01   9.5897538e-01
   3.4500000e-01   9.6179834e-01   9.6452019e-01   9.5877965e-01
   3.5500000e-01   9.6164489e-01   9.6437583e-01   9.5861565e-01
   3.6500000e-01   9.6153056e-01   9.6427241e-01   9.5848975e-01
   3.7500000e-01   9.6141743e-01   9.6416674e-01   9.5836796e-01
   3.8500000e-01   9.6129928e-01   9.6405567e-01   9.5824231e-01
   3.9500000e-01   9.6117175e-01   9.6393773e-01   9.5810426e-01
   4.0500000e-01   9.6108864e-01   9.6385857e-01   9.5801671e-01
   4.1500000e-01   9.6096905e-01   9.6374723e-01   9.5788845e-01
   4.2500000e-01   9.6089531e-01   9.6368022e-01   9.5780726e-01
   4.3500000e-01   9.6081247e-01   9.6360254e-01   9.5771918e-01
   4.4500000e-01   9.6072229e-01   9.6351756e-01   9.5762275e-01
   4.5500000e-01   9.6060724e-01   9.6340688e-01   9.5750353e-01
   4.6500000e-01   9.6051422e-01   9.6331795e-01   9.5740497e-01
   4.7500000e-01   9.6038305e-01   9.6319134e-01   9.5726938e-01
   4.8500000e-01   9.6025312e-01   9.6306740e-01   9.5713259e-01
   4.9500000e-01   9.6004265e-01   9.6286184e-01   9.5691727e-01
   5.0500000e-01   9.5983737e-01   9.6265755e-01   9.5671088e-01
   5.1500000e-01   9.5960208e-01   9.6242800e-01   9.5646904e-01
   5.2500000e-01   9.5931157e-01   9.6214201e-01   9.5617380e-01
   5.3500000e-01   9.5899101e-01   9.6182012e-01   9.5585355e-01
   5.4500000e-01   9.5856711e-01   9.6140225e-01   9.5542524e-01
   5.5500000e-01   9.5815140e-01   9.6099189e-01   9.5500314e-01
   5.6500000e-01   9.5770633e-01   9.6054962e-01   9.5455465e-01
   5.7500000e-01   9.5723324e-01   9.6008305e-01   9.5407398e-01
   5.8500000e-01   9.5666826e-01   9.5952691e-01   9.5350047e-01
   5.9500000e-01   9.5616750e-01   9.5902503e-01   9.5300054e-01
   6.0500000e-01   9.5548307e-01   9.5835165e-01   9.5230471e-01
   6.1500000e-01   9.5418361e-01   9.5699058e-01   9.5106705e-01
   6.2500000e-01   9.5322480e-01   9.5612306e-01   9.5002119e-01
   6.3500000e-01   9.5228016e-01   9.5517631e-01   9.4907198e-01
   6.4500000e-01   9.5107812e-01   9.5397032e-01   9.4787288e-01
   6.5500000e-01   9.4937103e-01   9.5224264e-01   9.4620156e-01
   6.6500000e-01   9.4815963e-01   9.5109017e-01   9.4493038e-01
   6.7500000e-01   9.4710694e-01   9.5001378e-01   9.4389420e-01
   6.8500000e-01   9.4609556e-01   9.4905828e-01   9.4281904e-01
   6.9500000e-01   9.4388649e-01   9.4683048e-01   9.4062403e-01
   7.0500000e-01   9.4137411e-01   9.4440036e-01   9.3803279e-01
   7.1500000e-01   9.3834466e-01   9.4139607e-01   9.3499070e-01
   7.2500000e-01   9.3674694e-01   9.3985150e-01   9.3332794e-01
   7.3500000e-01   9.3498769e-01   9.3811271e-01   9.3154352e-01
   7.4500000e-01   9.3118363e-01   9.3436654e-01   9.2768840e-01
   7.5500000e-01   9.2718219e-01   9.3045050e-01   9.2359521e-01
   7.6500000e-01   9.2215195e-01   9.2554588e-01   9.1843829e-01
   7.7500000e-01   9.1654179e-01   9.2007592e-01   9.1268514e-01
   7.8500000e-01   9.1137178e-01   9.1502721e-01   9.0738699e-01
   7.9500000e-01   9.0633617e-01   9.1008969e-01   9.0224904e-01
   8.0500000e-01   9.0302169e-01   9.0684954e-01   8.9886689e-01
   8.1500000e-01   9.0268882e-01   9.0657848e-01   8.9846452e-01
   8.2500000e-01   9.0196471e-01   9.0585301e-01   8.9774515e-01
   8.3500000e-01   9.0121543e-01   9.0511075e-01   8.9698586e-01
   8.4500000e-01   8.9669702e-01   9.0071258e-01   8.9233298e-01
   8.5500000e-01   8.8886641e-01   8.9318859e-01   8.8419757e-01
   8.6500000e-01   8.7947962e-01   8.8403906e-01   8.7456538e-01
   8.7500000e-01   8.6725870e-01   8.7226780e-01   8.6187522e-01
   8.8500000e-01   8.5583938e-01   8.6122515e-01   8.5006017e-01
   8.9500000e-01   8.4919954e-01   8.5475907e-01   8.4322739e-01
   9.0500000e-01   8.4543767e-01   8.5107339e-01   8.3937794e-01
   9.1500000e-01   8.4193760e-01   8.4776787e-01   8.3569114e-01
   9.2500000e-01   8.3761271e-01   8.4355257e-01   8.3124431e-01
   9.3500000e-01   8.3274264e-01   8.3884686e-01   8.2619368e-01
   9.4500000e-01   8.2693923e-01   8.3319160e-01   8.2023451e-01
   9.5500000e-01   8.1488134e-01   8.2154222e-01   8.0775835e-01
   9.6500000e-01   7.9742448e-01   8.0461557e-01   7.8973001e-01
   9.7500000e-01   7.8002990e-01   7.8772998e-01   7.7180004e-01
   9.8500000e-01   7.6319691e-01   7.7143515e-01   7.5440159e-01
   9.9500000e-01   7.4459219e-01   7.5328857e-01   7.3529951e-01
   1.0050000e+00   7.2275424e-01   7.3213849e-01   7.1276734e-01
   1.0150000e+00   7.0461564e-01   7.1442775e-01   6.9418179e-01
   1.0250000e+00   6.9678460e-01   7.0680850e-01   6.8612846e-01
   1.0350000e+00   6.9576121e-01   7.0583769e-01   6.8506009e-01
   1.0450000e+00   7.0121271e-01   7.1111459e-01   6.9067549e-01
   1.0550000e+00   7.1279826e-01   7.2244975e-01   7.0251964e-01
   1.0650000e+00   7.2453627e-01   7.3388763e-01   7.1458358e-01
   1.0750000e+00   7.3233673e-01   7.4139931e-01   7.2266575e-01
   1.0850000e+00   7.3605071e-01   7.4509870e-01   7.2641412e-01
   1.0950000e+00   7.3818768e-01   7.4715277e-01   7.2863478e-01
   1.1050000e+00   7.3810161e-01   7.4704511e-01   7.2858543e-01
   1.1150000e+00   7.3547265e-01   7.4445332e-01   7.2589121e-01
   1.1250000e+00   7.2802258e-01   7.3726078e-01   7.1818074e-01
   1.1350000e+00   7.1661037e-01   7.2611025e-01   7.0650034e-01
   1.1450000e+00   7.1085519e-01   7.2054702e-01   7.0054532e-01
   1.1550000e+00   6.9209843e-01   7.0219935e-01   6.8135481e-01
   1.1650000e+00   6.6020131e-01   6.7114984e-01   6.4859491e-01
   1.1750000e+00   6.2980281e-01   6.4138547e-01   6.1753956e-01
   1.1850000e+00   6.0180930e-01   6.1396788e-01   5.8896773e-01
   1.1950000e+00   5.7719300e-01   5.8975880e-01   5.6393504e-01
   1.2050000e+00   5.4539931e-01   5.5851023e-01   5.3162333e-01
   1.2150000e+00   5.1302359e-01   5.2650751e-01   4.9887605e-01
   1.2250000e+00   4.9243577e-01   5.0617989e-01   4.7805146e-01
   1.2350000e+00   4.7880476e-01   4.9271194e-01   4.6426930e-01
   1.2450000e+00   4.6875354e-01   4.8273385e-01   4.5415429e-01
   1.2550000e+00   4.6331598e-01   4.7738692e-01   4.4863264e-01
   1.2650000e+00   4.6079319e-01   4.7485616e-01   4.4612047e-01
   1.2750000e+00   4.6143584e-01   4.7544886e-01   4.4680993e-01
   1.2850000e+00   4.6460473e-01   4.7866400e-01   4.4992876e-01
   1.2950000e+00   4.6657517e-01   4.8058272e-01   4.5194498e-01
   1.3050000e+00   4.6838511e-01   4.8234315e-01   4.5380967e-01
   1.3150000e+00   4.6952573e-01   4.8350644e-01   4.5491934e-01
   1.3250000e+00   4.7019250e-01   4.8415254e-01   4.5561312e-01
   1.3350000e+00   4.7000488e-01   4.8397678e-01   4.5541185e-01
   1.3450000e+00   4.6718002e-01   4.8120096e-01   4.5253239e-01
   1.3550000e+00   4.6313801e-01   4.7719080e-01   4.4847090e-01
   1.3650000e+00   4.5907816e-01   4.7318517e-01   4.4436251e-01
   1.3750000e+00   4.5086705e-01   4.6499875e-01   4.3612654e-01
   1.3850000e+00   4.3780596e-01   4.5205290e-01   4.2297870e-01
   1.3950000e+00   4.1922311e-01   4.3355401e-01   4.0432441e-01
   1.4050000e+00   3.5455085e-01   3.6891591e-01   3.3972315e-01
   1.4150000e+00   2.6189120e-01   2.7540839e-01   2.4812175e-01
   1.4250000e+00   1.7965307e-01   1.9127113e-01   1.6801620e-01
   1.4350000e+00   1.2396718e-01   1.3336465e-01   1.1470744e-01
   1.4450000e+00   8.9779680e-02   9.7278653e-02   8.2494670e-02
   1.4550000e+00   6.4058049e-02   6.9740932e-02   5.8616495e-02
   1.4650000e+00   4.6991495e-02   5.1212137e-02   4.3008057e-02
   1.4750000e+00   3.6708387e-02   3.9901900e-02   3.3734567e-02
   1.4850000e+00   3.1507618e-02   3.4113173e-02   2.9104508e-02
   1.4950000e+00   2.9712585e-02   3.2102538e-02   2.7517354e-02
   1.5050000e+00   3.0664330e-02   3.3171670e-02   2.8355828e-02
   1.5150000e+00   3.2035780e-02   3.4707845e-02   2.9568193e-02
   1.5250000e+00   3.3473635e-02   3.6312859e-02   3.0844180e-02
   1.5350000e+00   3.5569326e-02   3.8641968e-02   3.2712488e-02
   1.5450000e+00   3.8187155e-02   4.1546215e-02   3.5051575e-02
   1.5550000e+00   4.1261361e-02   4.4937601e-02   3.7814741e-02
   1.5650000e+00   4.4926066e-02   4.8961740e-02   4.1125419e-02
   1.5750000e+00   4.9487004e-02   5.3953125e-02   4.5261069e-02
   1.5850000e+00   5.4980329e-02   5.9932571e-02   5.0271543e-02
   1.5950000e+00   5.9234515e-02   6.4544351e-02   5.4168237e-02
   1.6050000e+00   6.3418337e-02   6.9064590e-02   5.8014606e-02
   1.6150000e+00   6.7637021e-02   7.3611517e-02   6.1902694e-02
   1.6250000e+00   7.0256174e-02   7.6428290e-02   6.4322112e-02
   1.6350000e+00   7.2993314e-02   7.9363298e-02   6.6858317e-02
   1.6450000e+00   7.5952291e-02   8.2543029e-02   6.9594803e-02
   1.6550000e+00   7.9465085e-02   8.6301445e-02   7.2858740e-02
   1.6650000e+00   8.3723968e-02   9.0842807e-02   7.6827329e-02
   1.6750000e+00   8.8379912e-02   9.5801081e-02   8.1173436e-02
   1.6850000e+00   9.3009043e-02   1.0072460e-01   8.5500218e-02
   1.6950000e+00   9.7504592e-02   1.0549362e-01   8.9713553e-02
   1.7050000e+00   1.0209448e-01   1.1034631e-01   9.4031569e-02
   1.7150000e+00   1.0675558e-01   1.1527806e-01   9.8412422e-02
   1.7250000e+00   1.1171199e-01   1.2049489e-01   1.0309509e-01
   1.7350000e+00   1.1595826e-01   1.2497074e-01   1.0710525e-01
   1.7450000e+00   1.1939254e-01   1.2857576e-01   1.1035651e-01
   1.7550000e+00   1.2292024e-01   1.3228627e-01   1.1369618e-01
   1.7650000e+00   1.2609192e-01   1.3561134e-01   1.1670536e-01
   1.7750000e+00   1.2872141e-01   1.3836662e-01   1.1920133e-01
   1.7850000e+00   1.3143873e-01   1.4120293e-01   1.2178999e-01
   1.7950000e+00   1.3423839e-01   1.4413929e-01   1.2444968e-01
   1.8050000e+00   1.3749272e-01   1.4752991e-01   1.2755636e-01
   1.8150000e+00   1.4116993e-01   1.5137409e-01   1.3106012e-01
   1.8250000e+00   1.4509809e-01   1.5546537e-01   1.3481133e-01
   1.8350000e+00   1.4698129e-01   1.5743110e-01   1.3660677e-01
   1.8450000e+00   1.4573475e-01   1.5612981e-01   1.3541959e-01
   1.8550000e+00   1.4155868e-01   1.5178075e-01   1.3142584e-01
   1.8650000e+00   1.2943599e-01   1.3912286e-01   1.1987549e-01
   1.8750000e+00   1.0853468e-01   1.1716105e-01   1.0008413e-01
   1.8850000e+00   8.7837363e-02   9.5241363e-02   8.0648002e-02
   1.8950000e+00   6.6647139e-02   7.2579538e-02   6.0955246e-02
   1.9050000e+00   4.9565691e-02   5.4087125e-02   4.5282538e-02
   1.9150000e+00   3.4834559e-02   3.7910936e-02   3.1971868e-02
   1.9250000e+00   2.6969744e-02   2.9130756e-02   2.4992266e-02
   1.9350000e+00   2.1897547e-02   2.3372768e-02   2.0573361e-02
   1.9450000e+00   1.9220456e-02   2.0282668e-02   1.8283819e-02
   1.9550000e+00   1.7770358e-02   1.8583447e-02   1.7064014e-02
   1.9650000e+00   1.6960518e-02   1.7624009e-02   1.6390767e-02
   1.9750000e+00   1.6559275e-02   1.7146712e-02   1.6058356e-02
   1.9850000e+00   1.6363965e-02   1.6915525e-02   1.5895329e-02
   1.9950000e+00   1.6324088e-02   1.6871739e-02   1.5858952e-02
   2.0050000e+00   1.6374561e-02   1.6937818e-02   1.5895368e-02
   2.0150000e+00   1.6526468e-02   1.7126706e-02   1.6013917e-02
   2.0250000e+00   1.6729284e-02   1.7375443e-02   1.6175118e-02
   2.0350000e+00   1.6994748e-02   1.7697645e-02   1.6388880e-02
   2.0450000e+00   1.7387116e-02   1.8169811e-02   1.6708361e-02
   2.0550000e+00   1.8021932e-02   1.8924955e-02   1.7232352e-02
   2.0650000e+00   1.8884221e-02   1.9940196e-02   1.7952777e-02
   2.0750000e+00   2.0208780e-02   2.1483022e-02   1.9073206e-02
   2.0850000e+00   2.2009459e-02   2.3557825e-02   2.0615430e-02
   2.0950000e+00   2.4575158e-02   2.6481418e-02   2.2840353e-02
   2.1050000e+00   2.8234288e-02   3.0607502e-02   2.6051430e-02
   2.1150000e+00   3.2223573e-02   3.5064935e-02   2.9587890e-02
   2.1250000e+00   3.7792192e-02   4.1232036e-02   3.4573309e-02
   2.1350000e+00   4.4225553e-02   4.8300176e-02   4.0383086e-02
   2.1450000e+00   5.1112978e-02   5.5813980e-02   4.6650386e-02
   2.1550000e+00   5.8481007e-02   6.3804938e-02   5.3397658e-02
   2.1650000e+00   6.5790155e-02   7.1689161e-02   6.0129665e-02
   2.1750000e+00   7.3281455e-02   7.9736722e-02   6.7059655e-02
   2.1850000e+00   8.0411897e-02   8.7354336e-02   7.3693414e-02
   2.1950000e+00   8.7165563e-02   9.4549774e-02   7.9994492e-02
   2.2050000e+00   9.2899684e-02   1.0064137e-01   8.5362999e-02
   2.2150000e+00   9.9418157e-02   1.0756287e-01   9.1467946e-02
   2.2250000e+00   1.0510300e-01   1.1356018e-01   9.6829358e-02
   2.2350000e+00   1.0990564e-01   1.1863122e-01   1.0135072e-01
   2.2450000e+00   1.1301243e-01   1.2189639e-01   1.0429330e-01
   2.2550000e+00   1.1161039e-01   1.2041751e-01   1.0296936e-01
   2.2650000e+00   1.0851190e-01   1.1717248e-01   1.0002890e-01
   2.2750000e+00   1.0241331e-01   1.1072607e-01   9.4287248e-02
   2.2850000e+00   9.5183870e-02   1.0308446e-01   8.7485700e-02
   2.2950000e+00   8.6871633e-02   9.4256362e-02   7.9702259e-02
   2.3050000e+00   7.8176561e-02   8.4980508e-02   7.1596675e-02
   2.3150000e+00   7.0316503e-02   7.6573905e-02   6.4289722e-02
   2.3250000e+00   6.3204466e-02   6.8937707e-02   5.7709039e-02
   2.3350000e+00   5.7251432e-02   6.2517020e-02   5.2223566e-02
   2.3450000e+00   5.2226991e-02   5.7084833e-02   4.7605712e-02
   2.3550000e+00   4.8289397e-02   5.2797400e-02   4.4012608e-02
   2.3650000e+00   4.5252588e-02   4.9500610e-02   4.1235522e-02
   2.3750000e+00   4.2907738e-02   4.6939234e-02   3.9102450e-02
   2.3850000e+00   4.1177325e-02   4.5050229e-02   3.7527713e-02
   2.3950000e+00   3.9676850e-02   4.3414332e-02   3.6160435e-02
   2.4050000e+00   3.8365556e-02   4.1979901e-02   3.4970169e-02
   2.4150000e+00   3.7253211e-02   4.0761760e-02   3.3959873e-02
   2.4250000e+00   3.6244040e-02   3.9656943e-02   3.3043962e-02
   2.4350000e+00   3.5154426e-02   3.8464010e-02   3.2055409e-02
   2.4450000e+00   3.4036892e-02   3.7239187e-02   3.1042167e-02
   2.4550000e+00   3.2969581e-02   3.6069696e-02   3.0075067e-02
   2.4650000e+00   3.1970463e-02   3.4968908e-02   2.9173435e-02
   2.4750000e+00   3.1050260e-02   3.3959193e-02   2.8339588e-02
   2.4850000e+00   3.0172497e-02   3.2996681e-02   2.7543706e-02
   2.4950000e+00   2.9317062e-02   3.2054334e-02   2.6772263e-02
   2.5050000e+00   2.8716793e-02   3.1399162e-02   2.6224811e-02
   2.5150000e+00   2.8306879e-02   3.0953809e-02   2.5848956e-02
   2.5250000e+00   2.8053492e-02   3.0682069e-02   2.5612893e-02
   2.5350000e+00   2.7984277e-02   3.0616017e-02   2.5540221e-02
   2.5450000e+00   2.7896185e-02   3.0526117e-02   2.5452749e-02
   2.5550000e+00   2.8017955e-02   3.0671663e-02   2.5550929e-02
   2.5650000e+00   2.8333907e-02   3.1032841e-02   2.5822634e-02
   2.5750000e+00   2.8343060e-02   3.1049636e-02   2.5822657e-02
   2.5850000e+00   2.8192843e-02   3.0900886e-02   2.5671944e-02
   2.5950000e+00   2.7655305e-02   3.0316434e-02   2.5178797e-02
   2.6050000e+00   2.6693015e-02   2.9261787e-02   2.4304954e-02
   2.6150000e+00   2.5489589e-02   2.7936896e-02   2.3217413e-02
   2.6250000e+00   2.3159003e-02   2.5361071e-02   2.1122728e-02
   2.6350000e+00   2.0240390e-02   2.2119512e-02   1.8513402e-02
   2.6450000e+00   1.7951916e-02   1.9568898e-02   1.6474330e-02
   2.6550000e+00   1.6112410e-02   1.7513099e-02   1.4839461e-02
   2.6650000e+00   1.4608031e-02   1.5830242e-02   1.3503326e-02
   2.6750000e+00   1.3351417e-02   1.4422723e-02   1.2388172e-02
   2.6850000e+00   1.0407422e-02   1.1065806e-02   9.8285750e-03
   2.6950000e+00   8.8144321e-03   9.2405159e-03   8.4476551e-03
   2.7050000e+00   7.8194797e-03   8.1057741e-03   7.5778112e-03
   2.7150000e+00   7.1214187e-03   7.3198678e-03   6.9568014e-03
   2.7250000e+00   6.5808987e-03   6.7221548e-03   6.4655283e-03
   2.7350000e+00   5.7800759e-03   5.8203531e-03   5.7487004e-03
   2.7450000e+00   5.2708504e-03   5.2872724e-03   5.2579719e-03
   2.7550000e+00   4.8215946e-03   4.8310910e-03   4.8137729e-03
   2.7650000e+00   4.3966162e-03   4.4038112e-03   4.3903731e-03
   2.7750000e+00   3.9890308e-03   3.9954016e-03   3.9833054e-03
   2.7850000e+00   3.5152688e-03   3.5211050e-03   3.5098488e-03
   2.7950000e+00   3.0480691e-03   3.0538421e-03   3.0426485e-03
   2.8050000e+00   2.6325272e-03   2.6383350e-03   2.6270573e-03
   2.8150000e+00   2.2770576e-03   2.2829153e-03   2.2715417e-03
   2.8250000e+00   2.0209975e-03   2.0269151e-03   2.0154339e-03
   2.8350000e+00   1.9397969e-03   1.9457550e-03   1.9341909e-03
   2.8450000e+00   2.1497695e-03   2.1557985e-03   2.1440799e-03
   2.8550000e+00   2.7775334e-03   2.7837914e-03   2.7716184e-03
   2.8650000e+00   3.8839341e-03   3.8905135e-03   3.8777219e-03
   2.8750000e+00   5.8773819e-03   5.8841337e-03   5.8710322e-03
   2.8850000e+00   8.4838824e-03   8.4904225e-03   8.4777688e-03
   2.8950000e+00   1.1839747e-02   1.1845506e-02   1.1834416e-02
   2.9050000e+00   1.5303975e-02   1.5308514e-02   1.5299843e-02
   2.9150000e+00   1.8874115e-02   1.8877116e-02   1.8871478e-02
   2.9250000e+00   2.1719296e-02   2.1720695e-02   2.1718210e-02
   2.9350000e+00   2.4498060e-02   2.4497831e-02   2.4498549e-02
   2.9450000e+00   2.6329591e-02   2.6328095e-02   2.6331304e-02
   2.9550000e+00   2.8318303e-02   2.8315486e-02   2.8321291e-02
   2.9650000e+00   3.0428889e-02   3.0424706e-02   3.0433195e-02
   2.9750000e+00   3.2857464e-02   3.2851735e-02   3.2863264e-02
   2.9850000e+00   3.5417734e-02   3.5410362e-02   3.5425120e-02
   2.9950000e+00   3.8568211e-02   3.8558752e-02   3.8577610e-02
   3.0050000e+00   4.1822499e-02   4.1810820e-02   4.1834039e-02
   3.0150000e+00   4.5249816e-02   4.5235629e-02   4.5263774e-02
   3.0250000e+00   4.8732817e-02   4.8715942e-02   4.8749365e-02
   3.0350000e+00   5.2290134e-02   5.2270329e-02   5.2309506e-02
   3.0450000e+00   5.5806909e-02   5.5783931e-02   5.5829341e-02
   3.0550000e+00   5.9423838e-02   5.9397372e-02   5.9449634e-02
   3.0650000e+00   6.1000683e-02   6.0971842e-02   6.1028776e-02
   3.0750000e+00   6.2174429e-02   6.2143478e-02   6.2204566e-02
   3.0850000e+00   6.1629977e-02   6.1598298e-02   6.1660827e-02
   3.0950000e+00   6.1155910e-02   6.1123601e-02   6.1187380e-02
   3.1050000e+00   5.9690793e-02   5.9658889e-02   5.9721883e-02
   3.1150000e+00   5.8510673e-02   5.8479073e-02   5.8541479e-02
   3.1250000e+00   5.7640538e-02   5.7609194e-02   5.7671103e-02
   3.1350000e+00   5.7020345e-02   5.6989115e-02   5.7050808e-02
   3.1450000e+00   5.6297644e-02   5.6266670e-02   5.6327866e-02
   3.1550000e+00   5.5808481e-02   5.5777622e-02   5.5838598e-02
   3.1650000e+00   5.4718940e-02   5.4688741e-02   5.4748425e-02
   3.1750000e+00   5.3876156e-02   5.3846460e-02   5.3905161e-02
   3.1850000e+00   5.2329604e-02   5.2301046e-02   5.2357512e-02
   3.1950000e+00   5.0997302e-02   5.0969737e-02   5.1024253e-02
   3.2050000e+00   4.9308688e-02   4.9282440e-02   4.9334367e-02
   3.2150000e+00   4.7750773e-02   4.7725748e-02   4.7775270e-02
   3.2250000e+00   4.6371816e-02   4.6347873e-02   4.6395268e-02
   3.2350000e+00   4.5050942e-02   4.5028038e-02   4.5073388e-02
   3.2450000e+00   4.3978120e-02   4.3956055e-02   4.3999756e-02
   3.2550000e+00   4.2964741e-02   4.2943471e-02   4.2985609e-02
   3.2650000e+00   4.1825263e-02   4.1804892e-02   4.1845260e-02
   3.2750000e+00   4.0683568e-02   4.0664102e-02   4.0702691e-02
   3.2850000e+00   3.9691812e-02   3.9673123e-02   3.9710183e-02
   3.2950000e+00   3.8788795e-02   3.8770806e-02   3.8806489e-02
   3.3050000e+00   3.7975549e-02   3.7958191e-02   3.7992632e-02
   3.3150000e+00   3.7253493e-02   3.7236697e-02   3.7270033e-02
   3.3250000e+00   3.6549747e-02   3.6533499e-02   3.6565756e-02
   3.3350000e+00   3.5870152e-02   3.5854432e-02   3.5885651e-02
   3.3450000e+00   3.5199389e-02   3.5184192e-02   3.5214382e-02
   3.3550000e+00   3.4554097e-02   3.4539401e-02   3.4568606e-02
   3.3650000e+00   3.3915664e-02   3.3901465e-02   3.3929691e-02
   3.3750000e+00   3.3317998e-02   3.3304262e-02   3.3331578e-02
   3.3850000e+00   3.2732985e-02   3.2719702e-02   3.2746126e-02
   3.3950000e+00   3.2188275e-02   3.2175413e-02   3.2201009e-02
   3.4050000e+00   3.1682686e-02   3.1670213e-02   3.1695043e-02
   3.4150000e+00   3.1190872e-02   3.1178779e-02   3.1202862e-02
   3.4250000e+00   3.0746237e-02   3.0734486e-02   3.0757896e-02
   3.4350000e+00   3.0303523e-02   3.0292116e-02   3.0314851e-02
   3.4450000e+00   2.9896314e-02   2.9885223e-02   2.9907338e-02
   3.4550000e+00   2.9494307e-02   2.9483531e-02   2.9505028e-02
   3.4650000e+00   2.9113217e-02   2.9102746e-02   2.9123648e-02
   3.4750000e+00   2.8752733e-02   2.8742560e-02   2.8762885e-02
   3.4850000e+00   2.8396212e-02   2.8386355e-02   2.8406074e-02
   3.4950000e+00   2.8066373e-02   2.8056833e-02   2.8075954e-02
   3.5050000e+00   2.7737386e-02   2.7728216e-02   2.7746653e-02
   3.5150000e+00   2.7430815e-02   2.7422064e-02   2.7439743e-02
   3.5250000e+00   2.7139369e-02   2.7131125e-02   2.7147906e-02
   3.5350000e+00   2.6851410e-02   2.6843858e-02   2.6859437e-02
   3.5450000e+00   2.6587623e-02   2.6580864e-02   2.6595076e-02
   3.5550000e+00   2.6324834e-02   2.6319183e-02   2.6331500e-02
   3.5650000e+00   2.6087811e-02   2.6083388e-02   2.6093606e-02
   3.5750000e+00   2.5868056e-02   2.5864967e-02   2.5872904e-02
   3.5850000e+00   2.5649362e-02   2.5647994e-02   2.5652987e-02
   3.5950000e+00   2.5432053e-02   2.5432942e-02   2.5434071e-02
   3.6050000e+00   2.5216587e-02   2.5220453e-02   2.5216470e-02
   3.6150000e+00   2.5003651e-02   2.5011498e-02   2.5000658e-02
   3.6250000e+00   2.4799255e-02   2.4812051e-02   2.4792649e-02
   3.6350000e+00   2.4642321e-02   2.4657193e-02   2.4634170e-02
   3.6450000e+00   2.4486032e-02   2.4503184e-02   2.4476181e-02
   3.6550000e+00   2.4330446e-02   2.4350083e-02   2.4318733e-02
   3.6650000e+00   2.4175632e-02   2.4197996e-02   2.4161870e-02
   3.6750000e+00   2.4021679e-02   2.4047035e-02   2.4005659e-02
   3.6850000e+00   2.3868622e-02   2.3897252e-02   2.3850125e-02
   3.6950000e+00   2.3716603e-02   2.3748812e-02   2.3695381e-02
   3.7050000e+00   2.3565756e-02   2.3601922e-02   2.3541513e-02
   3.7150000e+00   2.3416143e-02   2.3456635e-02   2.3388582e-02
   3.7250000e+00   2.3267927e-02   2.3313170e-02   2.3236705e-02
   3.7350000e+00   2.3123867e-02   2.3172218e-02   2.3090225e-02
   3.7450000e+00   2.2986799e-02   2.3033657e-02   2.2954278e-02
   3.7550000e+00   2.2849957e-02   2.2895344e-02   2.2818534e-02
   3.7650000e+00   2.2713464e-02   2.2757465e-02   2.2683074e-02
   3.7750000e+00   2.2577218e-02   2.2619881e-02   2.2547822e-02
   3.7850000e+00   2.2459863e-02   2.2498289e-02   2.2433674e-02
   3.7950000e+00   2.2343843e-02   2.2378474e-02   2.2320506e-02
   3.8050000e+00   2.2228988e-02   2.2260235e-02   2.2208185e-02
   3.8150000e+00   2.2115128e-02   2.2143316e-02   2.2096598e-02
   3.8250000e+00   2.2002231e-02   2.2027703e-02   2.1985710e-02
   3.8350000e+00   2.1890111e-02   2.1913118e-02   2.1875399e-02
   3.8450000e+00   2.1778711e-02   2.1799507e-02   2.1765616e-02
   3.8550000e+00   2.1688100e-02   2.1706309e-02   2.1676895e-02
   3.8650000e+00   2.1603406e-02   2.1619200e-02   2.1593952e-02
   3.8750000e+00   2.1519535e-02   2.1533233e-02   2.1511592e-02
   3.8850000e+00   2.1436329e-02   2.1448177e-02   2.1429708e-02
   3.8950000e+00   2.1353741e-02   2.1363980e-02   2.1348263e-02
   3.9050000e+00   2.1271659e-02   2.1280475e-02   2.1267182e-02
   3.9150000e+00   2.1190037e-02   2.1197606e-02   2.1186432e-02
   3.9250000e+00   2.1108818e-02   2.1115290e-02   2.1105973e-02
   3.9350000e+00   2.1027945e-02   2.1033445e-02   2.1025767e-02
   3.9450000e+00   2.0947399e-02   2.0952050e-02   2.0945800e-02
   3.9550000e+00   2.0867129e-02   2.0871025e-02   2.0866039e-02
   3.9650000e+00   2.0787123e-02   2.0790357e-02   2.0786474e-02
   3.9750000e+00   2.0720720e-02   2.0723281e-02   2.0720523e-02
   3.9850000e+00   2.0663480e-02   2.0665401e-02   2.0663709e-02
   3.9950000e+00   2.0606459e-02   2.0607825e-02   2.0607055e-02
   4.0050000e+00   2.0549632e-02   2.0550513e-02   2.0550544e-02
   4.0150000e+00   2.0492980e-02   2.0493441e-02   2.0494163e-02
   4.0250000e+00   2.0436483e-02   2.0436578e-02   2.0437899e-02
   4.0350000e+00   2.0380130e-02   2.0379906e-02   2.0381745e-02
   4.0450000e+00   2.0323908e-02   2.0323408e-02   2.0325693e-02
   4.0550000e+00   2.0267805e-02   2.0267065e-02   2.0269735e-02
   4.0650000e+00   2.0211813e-02   2.0210865e-02   2.0213866e-02
   4.0750000e+00   2.0155926e-02   2.0154799e-02   2.0158082e-02
   4.0850000e+00   2.0100136e-02   2.0098853e-02   2.0102378e-02
   4.0950000e+00   2.0044437e-02   2.0043021e-02   2.0046751e-02
   4.1050000e+00   1.9997076e-02   1.9995537e-02   1.9999457e-02
   4.1150000e+00   1.9955290e-02   1.9953638e-02   1.9957733e-02
   4.1250000e+00   1.9913574e-02   1.9911825e-02   1.9916067e-02
   4.1350000e+00   1.9871924e-02   1.9870091e-02   1.9874457e-02
   4.1450000e+00   1.9830337e-02   1.9828434e-02   1.9832903e-02
   4.1550000e+00   1.9788810e-02   1.9786849e-02   1.9791402e-02
   4.1650000e+00   1.9747343e-02   1.9745332e-02   1.9749953e-02
   4.1750000e+00   1.9705932e-02   1.9703881e-02   1.9708555e-02
   4.1850000e+00   1.9664577e-02   1.9662494e-02   1.9667207e-02
   4.1950000e+00   1.9623276e-02   1.9621167e-02   1.9625909e-02
   4.2050000e+00   1.9582028e-02   1.9579900e-02   1.9584660e-02
   4.2150000e+00   1.9540832e-02   1.9538691e-02   1.9543460e-02
   4.2250000e+00   1.9499688e-02   1.9497538e-02   1.9502307e-02
   4.2350000e+00   1.9458594e-02   1.9456440e-02   1.9461202e-02
   4.2450000e+00   1.9426666e-02   1.9424483e-02   1.9429281e-02
   4.2550000e+00   1.9400905e-02   1.9398684e-02   1.9403535e-02
   4.2650000e+00   1.9375241e-02   1.9372992e-02   1.9377880e-02
   4.2750000e+00   1.9349671e-02   1.9347403e-02   1.9352313e-02
   4.2850000e+00   1.9324194e-02   1.9321913e-02   1.9326834e-02
   4.2950000e+00   1.9298807e-02   1.9296519e-02   1.9301442e-02
   4.3050000e+00   1.9273509e-02   1.9271219e-02   1.9276136e-02
   4.3150000e+00   1.9248300e-02   1.9246012e-02   1.9250916e-02
   4.3250000e+00   1.9223178e-02   1.9220896e-02   1.9225781e-02
   4.3350000e+00   1.9198143e-02   1.9195870e-02   1.9200731e-02
   4.3450000e+00   1.9173194e-02   1.9170933e-02   1.9175766e-02
   4.3550000e+00   1.9161917e-02   1.9159654e-02   1.9164485e-02
   4.3650000e+00   1.9156574e-02   1.9154306e-02   1.9159143e-02
   4.3750000e+00   1.9151348e-02   1.9149077e-02   1.9153916e-02
   4.3850000e+00   1.9146238e-02   1.9143966e-02   1.9148804e-02
   4.3950000e+00   1.9160184e-02   1.9157896e-02   1.9162764e-02
   4.4050000e+00   1.9178962e-02   1.9176654e-02   1.9181559e-02
   4.4150000e+00   1.9197834e-02   1.9195507e-02   1.9200448e-02
   4.4250000e+00   1.9216800e-02   1.9214455e-02   1.9219431e-02
   4.4350000e+00   1.9235860e-02   1.9233497e-02   1.9238507e-02
   4.4450000e+00   1.9257262e-02   1.9254880e-02   1.9259927e-02
   4.4550000e+00   1.9298959e-02   1.9296542e-02   1.9301659e-02
   4.4650000e+00   1.9340690e-02   1.9338238e-02   1.9343425e-02
   4.4750000e+00   1.9382455e-02   1.9379967e-02   1.9385225e-02
   4.4850000e+00   1.9424253e-02   1.9421729e-02   1.9427058e-02
   4.4950000e+00   1.9466084e-02   1.9463525e-02   1.9468925e-02
   4.5050000e+00   1.9507949e-02   1.9505354e-02   1.9510824e-02
   4.5150000e+00   1.9557703e-02   1.9555067e-02   1.9560619e-02
   4.5250000e+00   1.9607497e-02   1.9604821e-02   1.9610453e-02
   4.5350000e+00   1.9657330e-02   1.9654614e-02   1.9660327e-02
   4.5450000e+00   1.9707203e-02   1.9704447e-02   1.9710241e-02
   4.5550000e+00   1.9754381e-02   1.9751590e-02   1.9757455e-02
   4.5650000e+00   1.9791996e-02   1.9789181e-02   1.9795097e-02
   4.5750000e+00   1.9820724e-02   1.9817894e-02   1.9823843e-02
   4.5850000e+00   1.9826781e-02   1.9823959e-02   1.9829896e-02
   4.5950000e+00   1.9810167e-02   1.9807377e-02   1.9813256e-02
   4.6050000e+00   1.9793682e-02   1.9790926e-02   1.9796743e-02
   4.6150000e+00   1.9777325e-02   1.9774607e-02   1.9780357e-02
   4.6250000e+00   1.9761098e-02   1.9758421e-02   1.9764099e-02
   4.6350000e+00   1.9745003e-02   1.9742371e-02   1.9747969e-02
   4.6450000e+00   1.9729041e-02   1.9726460e-02   1.9731970e-02
   4.6550000e+00   1.9713214e-02   1.9710691e-02   1.9716101e-02
   4.6650000e+00   1.9697525e-02   1.9695070e-02   1.9700365e-02
   4.6750000e+00   1.9681979e-02   1.9679604e-02   1.9684764e-02
   4.6850000e+00   1.9666581e-02   1.9664300e-02   1.9669301e-02
   4.6950000e+00   1.9651337e-02   1.9649169e-02   1.9653981e-02
   4.7050000e+00   1.9636257e-02   1.9634228e-02   1.9638809e-02
   4.7150000e+00   1.9621353e-02   1.9619494e-02   1.9623792e-02
   4.7250000e+00   1.9592317e-02   1.9590622e-02   1.9594641e-02
   4.7350000e+00   1.9553819e-02   1.9552276e-02   1.9556033e-02
   4.7450000e+00   1.9515384e-02   1.9514008e-02   1.9517478e-02
   4.7550000e+00   1.9477015e-02   1.9475822e-02   1.9478979e-02
   4.7650000e+00   1.9438717e-02   1.9437726e-02   1.9440538e-02
   4.7750000e+00   1.9400496e-02   1.9399728e-02   1.9402158e-02
   4.7850000e+00   1.9362356e-02   1.9361836e-02   1.9363844e-02
   4.7950000e+00   1.9324304e-02   1.9324060e-02   1.9325599e-02
   4.8050000e+00   1.9286350e-02   1.9286414e-02   1.9287429e-02
   4.8150000e+00   1.9248502e-02   1.9248910e-02   1.9249340e-02
   4.8250000e+00   1.9210771e-02   1.9211566e-02   1.9211340e-02
   4.8350000e+00   1.9173170e-02   1.9174401e-02   1.9173436e-02
   4.8450000e+00   1.9135715e-02   1.9137436e-02   1.9135638e-02
   4.8550000e+00   1.9098423e-02   1.9100700e-02   1.9097958e-02
   4.8650000e+00   1.9061316e-02   1.9064222e-02   1.9060412e-02
   4.8750000e+00   1.9024421e-02   1.9028041e-02   1.9023015e-02
   4.8850000e+00   1.8987763e-02   1.8992194e-02   1.8985786e-02
   4.8950000e+00   1.8951382e-02   1.8956739e-02   1.8948752e-02
   4.9050000e+00   1.8914747e-02   1.8921097e-02   1.8911413e-02
   4.9150000e+00   1.8873161e-02   1.8880006e-02   1.8869468e-02
   4.9250000e+00   1.8831654e-02   1.8839019e-02   1.8827582e-02
   4.9350000e+00   1.8790223e-02   1.8798133e-02   1.8785754e-02
   4.9450000e+00   1.8748874e-02   1.8757358e-02   1.8743988e-02
   4.9550000e+00   1.8707611e-02   1.8716696e-02   1.8702286e-02
   4.9650000e+00   1.8666441e-02   1.8676160e-02   1.8660653e-02
   4.9750000e+00   1.8625366e-02   1.8635751e-02   1.8619091e-02
   4.9850000e+00   1.8584385e-02   1.8595468e-02   1.8577601e-02
   4.9950000e+00   1.8543515e-02   1.8555333e-02   1.8536191e-02
